0.1 	 1.00021 	 0.1301 
0.0999 	 1 	 0.1294 
0.0998 	 1.00006 	 0.1286 
0.0997 	 1.00012 	 0.1278 
0.0996 	 1.00019 	 0.127 
0.0995 	 1.00001 	 0.1263 
0.0994 	 1.00011 	 0.1255 
0.0993 	 1.00021 	 0.1247 
0.0992 	 1.00006 	 0.124 
0.0991 	 1.00018 	 0.1232 
0.099 	 1.00004 	 0.1225 
0.0989 	 1.00018 	 0.1217 
0.0988 	 1.00006 	 0.121 
0.0987 	 1.00023 	 0.1202 
0.0986 	 1.00013 	 0.1195 
0.0985 	 1.00003 	 0.1188 
0.0984 	 1.00023 	 0.118 
0.0983 	 1.00016 	 0.1173 
0.0982 	 1.00009 	 0.1166 
0.0981 	 1.00004 	 0.1159 
0.098 	 1.00028 	 0.1151 
0.0979 	 1.00024 	 0.1144 
0.0978 	 1.00022 	 0.1137 
0.0977 	 1.0002 	 0.113 
0.0976 	 1.0002 	 0.1123 
0.0975 	 1.0002 	 0.1116 
0.0974 	 1.00022 	 0.1109 
0.0973 	 1.00025 	 0.1102 
0.0972 	 1.00028 	 0.1095 
0.0971 	 1.00003 	 0.1089 
0.097 	 1.00009 	 0.1082 
0.0969 	 1.00016 	 0.1075 
0.0968 	 1.00024 	 0.1068 
0.0967 	 1.00002 	 0.1062 
0.0966 	 1.00013 	 0.1055 
0.0965 	 1.00024 	 0.1048 
0.0964 	 1.00006 	 0.1042 
0.0963 	 1.00019 	 0.1035 
0.0962 	 1.00003 	 0.1029 
0.0961 	 1.00019 	 0.1022 
0.096 	 1.00004 	 0.1016 
0.0959 	 1.00023 	 0.1009 
0.0958 	 1.00011 	 0.1003 
0.0957 	 1.00032 	 0.0996 
0.0956 	 1.00022 	 0.099 
0.0955 	 1.00013 	 0.0984 
0.0954 	 1.00005 	 0.0978 
0.0953 	 1.00032 	 0.0971 
0.0952 	 1.00026 	 0.0965 
0.0951 	 1.00021 	 0.0959 
0.095 	 1.00018 	 0.0953 
0.0949 	 1.00015 	 0.0947 
0.0948 	 1.00014 	 0.0941 
0.0947 	 1.00015 	 0.0935 
0.0946 	 1.00016 	 0.0929 
0.0945 	 1.00019 	 0.0923 
0.0944 	 1.00023 	 0.0917 
0.0943 	 1.00028 	 0.0911 
0.0942 	 1.00035 	 0.0905 
0.0941 	 1.00006 	 0.09 
0.094 	 1.00015 	 0.0894 
0.0939 	 1.00025 	 0.0888 
0.0938 	 1.00038 	 0.0882 
0.0937 	 1.00013 	 0.0877 
0.0936 	 1.00028 	 0.0871 
0.0935 	 1.00006 	 0.0866 
0.0934 	 1.00023 	 0.086 
0.0933 	 1.00004 	 0.0855 
0.0932 	 1.00024 	 0.0849 
0.0931 	 1.00007 	 0.0844 
0.093 	 1.0003 	 0.0838 
0.0929 	 1.00016 	 0.0833 
0.0928 	 1.00002 	 0.0828 
0.0927 	 1.0003 	 0.0822 
0.0926 	 1.00019 	 0.0817 
0.0925 	 1.00009 	 0.0812 
0.0924 	 1.00001 	 0.0807 
0.0923 	 1.00036 	 0.0801 
0.0922 	 1.0003 	 0.0796 
0.0921 	 1.00026 	 0.0791 
0.092 	 1.00023 	 0.0786 
0.0919 	 1.00021 	 0.0781 
0.0918 	 1.00021 	 0.0776 
0.0917 	 1.00023 	 0.0771 
0.0916 	 1.00026 	 0.0766 
0.0915 	 1.0003 	 0.0761 
0.0914 	 1.00036 	 0.0756 
0.0913 	 1.00043 	 0.0751 
0.0912 	 1.00006 	 0.0747 
0.0911 	 1.00017 	 0.0742 
0.091 	 1.00029 	 0.0737 
0.0909 	 1.00042 	 0.0732 
0.0908 	 1.0001 	 0.0728 
0.0907 	 1.00027 	 0.0723 
0.0906 	 1.00045 	 0.0718 
0.0905 	 1.00017 	 0.0714 
0.0904 	 1.00039 	 0.0709 
0.0903 	 1.00013 	 0.0705 
0.0902 	 1.00039 	 0.07 
0.0901 	 1.00016 	 0.0696 
0.09 	 1.00044 	 0.0691 
0.0899 	 1.00024 	 0.0687 
0.0898 	 1.00005 	 0.0683 
0.0897 	 1.00039 	 0.0678 
0.0896 	 1.00023 	 0.0674 
0.0895 	 1.00008 	 0.067 
0.0894 	 1.00048 	 0.0665 
0.0893 	 1.00036 	 0.0661 
0.0892 	 1.00026 	 0.0657 
0.0891 	 1.00017 	 0.0653 
0.089 	 1.00009 	 0.0649 
0.0889 	 1.00003 	 0.0645 
0.0888 	 1.00054 	 0.064 
0.0887 	 1.00051 	 0.0636 
0.0886 	 1.0005 	 0.0632 
0.0885 	 1.00051 	 0.0628 
0.0884 	 1.00053 	 0.0624 
0.0883 	 1.00056 	 0.062 
0.0882 	 1.00004 	 0.0617 
0.0881 	 1.0001 	 0.0613 
0.088 	 1.00018 	 0.0609 
0.0879 	 1.00028 	 0.0605 
0.0878 	 1.0004 	 0.0601 
0.0877 	 1.00053 	 0.0597 
0.0876 	 1.00007 	 0.0594 
0.0875 	 1.00024 	 0.059 
0.0874 	 1.00042 	 0.0586 
0.0873 	 1 	 0.0583 
0.0872 	 1.00022 	 0.0579 
0.0871 	 1.00045 	 0.0575 
0.087 	 1.00007 	 0.0572 
0.0869 	 1.00034 	 0.0568 
0.0868 	 1.00063 	 0.0564 
0.0867 	 1.00029 	 0.0561 
0.0866 	 1.00062 	 0.0557 
0.0865 	 1.0003 	 0.0554 
0.0864 	 1.00066 	 0.055 
0.0863 	 1.00037 	 0.0547 
0.0862 	 1.00009 	 0.0544 
0.0861 	 1.00051 	 0.054 
0.086 	 1.00026 	 0.0537 
0.0859 	 1.00002 	 0.0534 
0.0858 	 1.0005 	 0.053 
0.0857 	 1.00029 	 0.0527 
0.0856 	 1.0001 	 0.0524 
0.0855 	 1.00063 	 0.052 
0.0854 	 1.00047 	 0.0517 
0.0853 	 1.00031 	 0.0514 
0.0852 	 1.00018 	 0.0511 
0.0851 	 1.00005 	 0.0508 
0.085 	 1.00069 	 0.0504 
0.0849 	 1.0006 	 0.0501 
0.0848 	 1.00052 	 0.0498 
0.0847 	 1.00045 	 0.0495 
0.0846 	 1.00041 	 0.0492 
0.0845 	 1.00037 	 0.0489 
0.0844 	 1.00035 	 0.0486 
0.0843 	 1.00035 	 0.0483 
0.0842 	 1.00036 	 0.048 
0.0841 	 1.00039 	 0.0477 
0.084 	 1.00043 	 0.0474 
0.0839 	 1.00049 	 0.0471 
0.0838 	 1.00057 	 0.0468 
0.0837 	 1.00066 	 0.0465 
0.0836 	 1.00077 	 0.0462 
0.0835 	 1.00005 	 0.046 
0.0834 	 1.00019 	 0.0457 
0.0833 	 1.00034 	 0.0454 
0.0832 	 1.00051 	 0.0451 
0.0831 	 1.0007 	 0.0448 
0.083 	 1.00003 	 0.0446 
0.0829 	 1.00025 	 0.0443 
0.0828 	 1.00048 	 0.044 
0.0827 	 1.00074 	 0.0437 
0.0826 	 1.00011 	 0.0435 
0.0825 	 1.0004 	 0.0432 
0.0824 	 1.0007 	 0.0429 
0.0823 	 1.00011 	 0.0427 
0.0822 	 1.00044 	 0.0424 
0.0821 	 1.0008 	 0.0421 
0.082 	 1.00024 	 0.0419 
0.0819 	 1.00063 	 0.0416 
0.0818 	 1.00008 	 0.0414 
0.0817 	 1.0005 	 0.0411 
0.0816 	 1.00095 	 0.0408 
0.0815 	 1.00044 	 0.0406 
0.0814 	 1.00092 	 0.0403 
0.0813 	 1.00043 	 0.0401 
0.0812 	 1.00094 	 0.0398 
0.0811 	 1.00047 	 0.0396 
0.081 	 1.00002 	 0.0394 
0.0809 	 1.00058 	 0.0391 
0.0808 	 1.00014 	 0.0389 
0.0807 	 1.00074 	 0.0386 
0.0806 	 1.00033 	 0.0384 
0.0805 	 1.00097 	 0.0381 
0.0804 	 1.00058 	 0.0379 
0.0803 	 1.0002 	 0.0377 
0.0802 	 1.00089 	 0.0374 
0.0801 	 1.00053 	 0.0372 
0.08 	 1.00018 	 0.037 
0.0799 	 1.00093 	 0.0367 
0.0798 	 1.00061 	 0.0365 
0.0797 	 1.0003 	 0.0363 
0.0796 	 1.00112 	 0.036 
0.0795 	 1.00074 	 0.0358 
0.0794 	 1.00051 	 0.0356 
0.0793 	 1.00025 	 0.0354 
0.0792 	 1.00113 	 0.0351 
0.0791 	 1.00088 	 0.0349 
0.079 	 1.00065 	 0.0347 
0.0789 	 1.00042 	 0.0345 
0.0788 	 1.00021 	 0.0343 
0.0787 	 1 	 0.0341 
0.0786 	 1.00099 	 0.0338 
0.0785 	 1.00081 	 0.0336 
0.0784 	 1.00065 	 0.0334 
0.0783 	 1.00049 	 0.0332 
0.0782 	 1.00034 	 0.033 
0.0781 	 1.00021 	 0.0328 
0.078 	 1.00008 	 0.0326 
0.0779 	 1.0012 	 0.0323 
0.0778 	 1.0011 	 0.0321 
0.0777 	 1.00102 	 0.0319 
0.0776 	 1.00094 	 0.0317 
0.0775 	 1.00087 	 0.0315 
0.0774 	 1.00082 	 0.0313 
0.0773 	 1.00078 	 0.0311 
0.0772 	 1.00074 	 0.0309 
0.0771 	 1.00072 	 0.0307 
0.077 	 1.00071 	 0.0305 
0.0769 	 1.00071 	 0.0303 
0.0768 	 1.00072 	 0.0301 
0.0767 	 1.00074 	 0.0299 
0.0766 	 1.00078 	 0.0297 
0.0765 	 1.00082 	 0.0295 
0.0764 	 1.00087 	 0.0293 
0.0763 	 1.00094 	 0.0291 
0.0762 	 1.00102 	 0.0289 
0.0761 	 1.0011 	 0.0287 
0.076 	 1.0012 	 0.0285 
0.0759 	 1.00131 	 0.0283 
0.0758 	 1.00005 	 0.0282 
0.0757 	 1.00017 	 0.028 
0.0756 	 1.00031 	 0.0278 
0.0755 	 1.00045 	 0.0276 
0.0754 	 1.00061 	 0.0274 
0.0753 	 1.00078 	 0.0272 
0.0752 	 1.00096 	 0.027 
0.0751 	 1.00114 	 0.0268 
0.075 	 1.00134 	 0.0266 
0.0749 	 1.00011 	 0.0265 
0.0748 	 1.00032 	 0.0263 
0.0747 	 1.00055 	 0.0261 
0.0746 	 1.00078 	 0.0259 
0.0745 	 1.00102 	 0.0257 
0.0744 	 1.00127 	 0.0255 
0.0743 	 1.00005 	 0.0254 
0.0742 	 1.00033 	 0.0252 
0.0741 	 1.00062 	 0.025 
0.074 	 1.0009 	 0.0248 
0.0739 	 1.00119 	 0.0246 
0.0738 	 1.00149 	 0.0244 
0.0737 	 1.00029 	 0.0243 
0.0736 	 1.0006 	 0.0241 
0.0735 	 1.00093 	 0.0239 
0.0734 	 1.00126 	 0.0237 
0.0733 	 1.00006 	 0.0236 
0.0732 	 1.00041 	 0.0234 
0.0731 	 1.00076 	 0.0232 
0.073 	 1.00111 	 0.023 
0.0729 	 1.00148 	 0.0228 
0.0728 	 1.00029 	 0.0227 
0.0727 	 1.00066 	 0.0225 
0.0726 	 1.00104 	 0.0223 
0.0725 	 1.00143 	 0.0221 
0.0724 	 1.00024 	 0.022 
0.0723 	 1.00063 	 0.0218 
0.0722 	 1.00103 	 0.0216 
0.0721 	 1.00143 	 0.0214 
0.072 	 1.00024 	 0.0213 
0.0719 	 1.00065 	 0.0211 
0.0718 	 1.00106 	 0.0209 
0.0717 	 1.00147 	 0.0207 
0.0716 	 1.00028 	 0.0206 
0.0715 	 1.00069 	 0.0204 
0.0714 	 1.00111 	 0.0202 
0.0713 	 1.00152 	 0.02 
0.0712 	 1.00032 	 0.0199 
0.0711 	 1.00074 	 0.0197 
0.071 	 1.00115 	 0.0195 
0.0709 	 1.00156 	 0.0193 
0.0708 	 1.00035 	 0.0192 
0.0707 	 1.00076 	 0.019 
0.0706 	 1.00116 	 0.0188 
0.0705 	 1.00155 	 0.0186 
0.0704 	 1.00033 	 0.0185 
0.0703 	 1.00072 	 0.0183 
0.0702 	 1.0011 	 0.0181 
0.0701 	 1.00147 	 0.0179 
0.07 	 1.00023 	 0.0178 
0.0699 	 1.00059 	 0.0176 
0.0698 	 1.00098 	 0.0174 
0.0697 	 1.00121 	 0.0172 
0.0696 	 1.00157 	 0.017 
0.0695 	 1.00029 	 0.0169 
0.0694 	 1.00062 	 0.0167 
0.0693 	 1.00088 	 0.0165 
0.0692 	 1.00115 	 0.0163 
0.0691 	 1.0014 	 0.0161 
0.069 	 1.00007 	 0.016 
0.0689 	 1.00029 	 0.0158 
0.0688 	 1.00049 	 0.0156 
0.0687 	 1.00066 	 0.0154 
0.0686 	 1.00081 	 0.0152 
0.0685 	 1.00093 	 0.015 
0.0684 	 1.00102 	 0.0148 
0.0683 	 1.00109 	 0.0146 
0.0682 	 1.00112 	 0.0144 
0.0681 	 1.00112 	 0.0142 
0.068 	 1.00108 	 0.014 
0.0679 	 1.001 	 0.0138 
0.0678 	 1.00089 	 0.0136 
0.0677 	 1.00073 	 0.0134 
0.0676 	 1.00054 	 0.0132 
0.0675 	 1.00029 	 0.013 
0.0674 	 1 	 0.0128 
0.0673 	 1.00096 	 0.0125 
0.0672 	 1.00054 	 0.0123 
0.0671 	 1.00007 	 0.0121 
0.067 	 1.00075 	 0.0118 
0.0669 	 1.00013 	 0.0116 
0.0668 	 1.00059 	 0.0113 
0.0667 	 1.0009 	 0.011 
0.0666 	 1.00003 	 0.0108 
0.0665 	 1.00009 	 0.0105 
0.0664 	 1.00091 	 0.0101 
0.0663 	 1.00059 	 0.0098 
0.0662 	 1.00009 	 0.0095 
0.0661 	 1.00016 	 0.0091 
0.066 	 1.00055 	 0.0086 
0.0659 	 1.00042 	 0.0081 
0.0658 	 1.00022 	 0.0075 
0.0657 	 1.00016 	 0.0066 
0.0656 	 1.01126 	 0.0015 
0.0655	 0.00000	 0.0000