T 	 largest eigenvalue 

 
0.05 	 4.39315 	 -3.39654 
0.06 	 3.93437 	 -2.9558 
0.07 	 3.60739 	 -2.64328 
0.08 	 3.3614 	 -2.40949 
0.09 	 3.16783 	 -2.22657 
0.1 	 3.00985 	 -2.07813 
0.11 	 2.87715 	 -1.9541 
0.12 	 2.76316 	 -1.84809 
0.13 	 2.66351 	 -1.75585 
0.14 	 2.57521 	 -1.67447 
0.15 	 2.49611 	 -1.60186 
0.16 	 2.42462 	 -1.53651 
0.17 	 2.35956 	 -1.47725 
0.18 	 2.29997 	 -1.4232 
0.19 	 2.24513 	 -1.37362 
0.2 	 2.19443 	 -1.32796 
0.21 	 2.14737 	 -1.28572 
0.22 	 2.10354 	 -1.24652 
0.23 	 2.06259 	 -1.21001 
0.24 	 2.02422 	 -1.17593 
0.25 	 1.98818 	 -1.14401 
0.26 	 1.95424 	 -1.11406 
0.27 	 1.92221 	 -1.08589 
0.28 	 1.89193 	 -1.05934 
0.29 	 1.86324 	 -1.03426 
0.3 	 1.83602 	 -1.01054 
0.31 	 1.81014 	 -0.988062 
0.32 	 1.78551 	 -0.966728 
0.33 	 1.76203 	 -0.94645 
0.34 	 1.73961 	 -0.927151 
0.35 	 1.71818 	 -0.908758 
0.36 	 1.69768 	 -0.891207 
0.37 	 1.67803 	 -0.87444 
0.38 	 1.65919 	 -0.858405 
0.39 	 1.6411 	 -0.843052 
0.4 	 1.62372 	 -0.828339 
0.41 	 1.60699 	 -0.814224 
0.42 	 1.59089 	 -0.800672 
0.43 	 1.57538 	 -0.787647 
0.44 	 1.56041 	 -0.775119 
0.45 	 1.54597 	 -0.76306 
0.46 	 1.53202 	 -0.751441 
0.47 	 1.51854 	 -0.74024 
0.48 	 1.50549 	 -0.729433 
0.49 	 1.49287 	 -0.718999 
0.5 	 1.48064 	 -0.708919 
0.51 	 1.46879 	 -0.699173 
0.52 	 1.4573 	 -0.689746 
0.53 	 1.44615 	 -0.68062 
0.54 	 1.43532 	 -0.671782 
0.55 	 1.42481 	 -0.663218 
0.56 	 1.41459 	 -0.654914 
0.57 	 1.40465 	 -0.646858 
0.58 	 1.39498 	 -0.639039 
0.59 	 1.38557 	 -0.631446 
0.6 	 1.3764 	 -0.624068 
0.61 	 1.36747 	 -0.616898 
0.62 	 1.35877 	 -0.609925 
0.63 	 1.35029 	 -0.603141 
0.64 	 1.34201 	 -0.596538 
0.65 	 1.33393 	 -0.590108 
0.66 	 1.32605 	 -0.583845 
0.67 	 1.31835 	 -0.577742 
0.68 	 1.31083 	 -0.571792 
0.69 	 1.30347 	 -0.56599 
0.7 	 1.29628 	 -0.560329 
0.71 	 1.28925 	 -0.554805 
0.72 	 1.28238 	 -0.549411 
0.73 	 1.27565 	 -0.544144 
0.74 	 1.26906 	 -0.538999 
0.75 	 1.26261 	 -0.53397 
0.76 	 1.25629 	 -0.529055 
0.77 	 1.25009 	 -0.524249 
0.78 	 1.24403 	 -0.519547 
0.79 	 1.23808 	 -0.514948 
0.8 	 1.23224 	 -0.510446 
0.81 	 1.22652 	 -0.506039 
0.82 	 1.22091 	 -0.501724 
0.83 	 1.2154 	 -0.497497 
0.84 	 1.20999 	 -0.493356 
0.85 	 1.20468 	 -0.489298 
0.86 	 1.19946 	 -0.48532 
0.87 	 1.19434 	 -0.48142 
0.88 	 1.18931 	 -0.477595 
0.89 	 1.18436 	 -0.473843 
0.9 	 1.1795 	 -0.470162 
0.91 	 1.17472 	 -0.46655 
0.92 	 1.17002 	 -0.463004 
0.93 	 1.1654 	 -0.459523 
0.94 	 1.16085 	 -0.456105 
0.95 	 1.15638 	 -0.452748 
0.96 	 1.15197 	 -0.44945 
0.97 	 1.14764 	 -0.44621 
0.98 	 1.14337 	 -0.443025 
0.99 	 1.13917 	 -0.439895 
1 	 1.13503 	 -0.436818 
1.01 	 1.13096 	 -0.433792 
1.02 	 1.12694 	 -0.430816 
1.03 	 1.12299 	 -0.427889 
1.04 	 1.11909 	 -0.42501 
1.05 	 1.11525 	 -0.422177 
1.06 	 1.11146 	 -0.419388 
1.07 	 1.10773 	 -0.416644 
1.08 	 1.10405 	 -0.413942 
1.09 	 1.10042 	 -0.411282 
1.1 	 1.09683 	 -0.408663 
1.11 	 1.0933 	 -0.406083 
1.12 	 1.08982 	 -0.403542 
1.13 	 1.08638 	 -0.401039 
1.14 	 1.08298 	 -0.398573 
1.15 	 1.07963 	 -0.396142 
1.16 	 1.07633 	 -0.393747 
1.17 	 1.07306 	 -0.391386 
1.18 	 1.06984 	 -0.389058 
1.19 	 1.06666 	 -0.386763 
1.2 	 1.06351 	 -0.3845 
1.21 	 1.06041 	 -0.382269 
1.22 	 1.05734 	 -0.380067 
1.23 	 1.05431 	 -0.377896 
1.24 	 1.05132 	 -0.375754 
1.25 	 1.04836 	 -0.373641 
1.26 	 1.04543 	 -0.371555 
1.27 	 1.04254 	 -0.369497 
1.28 	 1.03969 	 -0.367465 
1.29 	 1.03686 	 -0.36546 
1.3 	 1.03407 	 -0.36348 
1.31 	 1.03131 	 -0.361526 
1.32 	 1.02858 	 -0.359596 
1.33 	 1.02588 	 -0.35769 
1.34 	 1.02321 	 -0.355808 
1.35 	 1.02057 	 -0.353949 
1.36 	 1.01796 	 -0.352113 
1.37 	 1.01538 	 -0.350298 
1.38 	 1.01282 	 -0.348506 
1.39 	 1.01029 	 -0.346735 
1.4 	 1.00778 	 -0.344985 
1.41 	 1.00531 	 -0.343255 
1.42 	 1.00285 	 -0.341546 
1.43 	 1.00043 	 -0.339856 
1.44 	 0.998022 	 -0.338186 
