eps0 	 CS1 	 Deltamax 	 Nmu/N 	 Emin 	 check 
0.5 	 0.215996 	 0.0111299 	 0.60007 	 0.00723229 	 10 
0.52 	 0.195232 	 0.0121594 	 0.600084 	 0.00790154 	 10 
0.54 	 0.175739 	 0.0132933 	 0.6001 	 0.00863866 	 11 
0.56 	 0.157372 	 0.0145478 	 0.600119 	 0.00945411 	 11 
0.58 	 0.140038 	 0.0159393 	 0.600143 	 0.0103585 	 12 
0.6 	 0.123643 	 0.0174894 	 0.600171 	 0.0113658 	 12 
0.62 	 0.108153 	 0.0192196 	 0.600205 	 0.01249 	 13 
0.64 	 0.0935314 	 0.0211578 	 0.600247 	 0.0137489 	 13 
0.66 	 0.0798069 	 0.0233302 	 0.600298 	 0.0151595 	 14 
0.68 	 0.067012 	 0.025769 	 0.60036 	 0.0167422 	 14 
0.7 	 0.0552378 	 0.0285021 	 0.600435 	 0.0185148 	 15 
0.72 	 0.044573 	 0.0315591 	 0.600526 	 0.0204959 	 15 
0.74 	 0.0351295 	 0.0349612 	 0.600635 	 0.0226991 	 15 
0.76 	 0.0269947 	 0.0387228 	 0.600764 	 0.0251331 	 15 
0.78 	 0.0202109 	 0.042849 	 0.600916 	 0.0278005 	 15 
0.8 	 0.0147553 	 0.047335 	 0.601092 	 0.030698 	 15 
0.82 	 0.0105329 	 0.0521705 	 0.601294 	 0.033818 	 14 
0.84 	 0.00739772 	 0.0573319 	 0.601522 	 0.0371451 	 14 
0.86 	 0.00516046 	 0.0628033 	 0.601777 	 0.0406686 	 13 
0.88 	 0.00363044 	 0.0685601 	 0.602058 	 0.0443724 	 12 
0.9 	 0.00262938 	 0.0745809 	 0.602367 	 0.0482427 	 11 
0.92 	 0.00200615 	 0.0808496 	 0.602703 	 0.0522687 	 8 
0.94 	 0.00164361 	 0.0873301 	 0.603065 	 0.0564246 	 9 
0.96 	 0.00145181 	 0.0940455 	 0.603454 	 0.0607317 	 11 
0.98 	 0.00137084 	 0.100955 	 0.603869 	 0.0651575 	 11 
1 	 0.00135888 	 0.108052 	 0.60431 	 0.0697004 	 11 
1.02 	 0.00138903 	 0.115324 	 0.604775 	 0.0743522 	 11 
1.04 	 0.0014444 	 0.122759 	 0.605263 	 0.0791053 	 11 
1.06 	 0.00151474 	 0.130347 	 0.605775 	 0.0839522 	 11 
1.08 	 0.00159396 	 0.138075 	 0.606308 	 0.088886 	 11 
1.1 	 0.00167854 	 0.145934 	 0.606861 	 0.0938997 	 11 
1.12 	 0.00176648 	 0.153913 	 0.607433 	 0.098987 	 11 
1.14 	 0.00185665 	 0.162003 	 0.608022 	 0.104142 	 11 
1.16 	 0.00194839 	 0.170194 	 0.608628 	 0.109358 	 11 
1.18 	 0.00204133 	 0.178478 	 0.609248 	 0.114629 	 11 
1.2 	 0.00213524 	 0.186846 	 0.609881 	 0.119951 	 11 
1.22 	 0.00222994 	 0.195282 	 0.610525 	 0.12531 	 10 
1.24 	 0.00232538 	 0.203795 	 0.611181 	 0.130719 	 10 
1.26 	 0.00242143 	 0.212371 	 0.611845 	 0.136164 	 10 
1.28 	 0.00251802 	 0.221001 	 0.612516 	 0.141641 	 10 
1.3 	 0.00261507 	 0.229681 	 0.613194 	 0.14694 	 10 
1.32 	 0.00271253 	 0.238405 	 0.613876 	 0.152036 	 10 
1.34 	 0.00281034 	 0.247167 	 0.614562 	 0.157166 	 10 
1.36 	 0.00290845 	 0.255962 	 0.61525 	 0.162325 	 10 
1.38 	 0.0030068 	 0.264778 	 0.615939 	 0.1675 	 9 
1.4 	 0.00310537 	 0.273628 	 0.616629 	 0.172708 	 9 
1.42 	 0.0032041 	 0.2825 	 0.617318 	 0.177936 	 9 
1.44 	 0.00330297 	 0.291389 	 0.618005 	 0.183181 	 9 
1.46 	 0.00340193 	 0.300293 	 0.61869 	 0.18844 	 9 
1.48 	 0.00350096 	 0.309209 	 0.619372 	 0.193711 	 9 
1.5 	 0.00360003 	 0.318134 	 0.62005 	 0.198991 	 9 
1.52 	 0.00369912 	 0.327066 	 0.620722 	 0.204281 	 9 
1.54 	 0.0037982 	 0.336003 	 0.62139 	 0.209576 	 9 
1.56 	 0.00389726 	 0.344934 	 0.62205 	 0.214865 	 8 
1.58 	 0.00399628 	 0.353876 	 0.622705 	 0.22017 	 8 
1.6 	 0.00409523 	 0.362817 	 0.623353 	 0.225478 	 8 
1.62 	 0.00419412 	 0.371757 	 0.623994 	 0.230787 	 8 
1.64 	 0.00429292 	 0.380694 	 0.624627 	 0.236096 	 8 
1.66 	 0.00439162 	 0.389627 	 0.625252 	 0.241405 	 8 
1.68 	 0.00449022 	 0.398554 	 0.625869 	 0.246308 	 8 
1.7 	 0.0045887 	 0.407476 	 0.626477 	 0.251161 	 8 
1.72 	 0.00468707 	 0.416392 	 0.627076 	 0.256021 	 8 
1.74 	 0.00478531 	 0.4253 	 0.627666 	 0.260885 	 8 
1.76 	 0.00488342 	 0.4342 	 0.628247 	 0.265754 	 8 
1.78 	 0.00498141 	 0.443082 	 0.628817 	 0.270612 	 7 
1.8 	 0.00507924 	 0.451966 	 0.629379 	 0.275487 	 7 
1.82 	 0.00517692 	 0.460841 	 0.629932 	 0.280364 	 7 
1.84 	 0.00527446 	 0.469707 	 0.630475 	 0.285242 	 7 
1.86 	 0.00537186 	 0.478563 	 0.631008 	 0.290121 	 7 
1.88 	 0.0054691 	 0.487409 	 0.631532 	 0.295 	 7 
1.9 	 0.00556619 	 0.496246 	 0.632046 	 0.299879 	 7 
1.92 	 0.00566313 	 0.505072 	 0.63255 	 0.304654 	 7 
1.94 	 0.00575992 	 0.513888 	 0.633045 	 0.309078 	 7 
1.96 	 0.00585656 	 0.522694 	 0.63353 	 0.313507 	 7 
1.98 	 0.00595305 	 0.53149 	 0.634005 	 0.31794 	 7 
2 	 0.00604939 	 0.540275 	 0.634471 	 0.322378 	 7 
2.02 	 0.00614558 	 0.549051 	 0.634927 	 0.32682 	 7 
2.04 	 0.00624162 	 0.557816 	 0.635374 	 0.331265 	 7 
2.06 	 0.00633751 	 0.566571 	 0.635811 	 0.335713 	 7 
2.08 	 0.00643325 	 0.575317 	 0.63624 	 0.340164 	 7 
2.1 	 0.00652885 	 0.584052 	 0.636659 	 0.344617 	 7 
2.12 	 0.00662436 	 0.592768 	 0.637068 	 0.349056 	 6 
2.14 	 0.00671967 	 0.601485 	 0.637469 	 0.353071 	 6 
2.16 	 0.00681484 	 0.610193 	 0.637861 	 0.357087 	 6 
2.18 	 0.00690987 	 0.618891 	 0.638245 	 0.36111 	 6 
2.2 	 0.00700477 	 0.627579 	 0.63862 	 0.365138 	 6 
2.22 	 0.00709953 	 0.636259 	 0.638986 	 0.369171 	 6 
2.24 	 0.00719415 	 0.644932 	 0.639344 	 0.37321 	 6 
2.26 	 0.00728865 	 0.653599 	 0.639693 	 0.377253 	 6 
2.28 	 0.00738301 	 0.662257 	 0.640035 	 0.381301 	 6 
2.3 	 0.00747725 	 0.670907 	 0.640368 	 0.385239 	 6 
2.32 	 0.00757136 	 0.679548 	 0.640693 	 0.388857 	 6 
2.34 	 0.00766535 	 0.688181 	 0.641011 	 0.392482 	 6 
2.36 	 0.00775921 	 0.696807 	 0.641321 	 0.396115 	 6 
2.38 	 0.00785296 	 0.705425 	 0.641623 	 0.399754 	 6 
2.4 	 0.00794659 	 0.714035 	 0.641918 	 0.4034 	 6 
2.42 	 0.0080401 	 0.722637 	 0.642205 	 0.407053 	 6 
2.44 	 0.00813349 	 0.731233 	 0.642486 	 0.410711 	 6 
2.46 	 0.00822677 	 0.739821 	 0.642759 	 0.414107 	 6 
2.48 	 0.00831994 	 0.748402 	 0.643025 	 0.41735 	 6 
2.5 	 0.008413 	 0.756977 	 0.643284 	 0.420601 	 6 
2.52 	 0.00850596 	 0.765545 	 0.643537 	 0.42386 	 6 
2.54 	 0.00859881 	 0.774106 	 0.643783 	 0.427127 	 6 
2.56 	 0.00869155 	 0.782661 	 0.644022 	 0.430401 	 6 
2.58 	 0.00878419 	 0.79121 	 0.644255 	 0.433682 	 6 
2.6 	 0.00887673 	 0.799753 	 0.644482 	 0.43661 	 6 
2.62 	 0.00896917 	 0.80829 	 0.644703 	 0.43949 	 6 
2.64 	 0.00906151 	 0.816821 	 0.644917 	 0.442379 	 6 
2.66 	 0.00915376 	 0.825346 	 0.645126 	 0.445275 	 6 
2.68 	 0.00924591 	 0.833866 	 0.645328 	 0.448181 	 6 
2.7 	 0.00933807 	 0.842372 	 0.645525 	 0.45108 	 5 
2.72 	 0.00943003 	 0.850881 	 0.645717 	 0.453663 	 5 
2.74 	 0.00952191 	 0.859386 	 0.645902 	 0.45619 	 5 
2.76 	 0.00961369 	 0.867886 	 0.646083 	 0.458726 	 5 
2.78 	 0.00970538 	 0.87638 	 0.646258 	 0.46127 	 5 
2.8 	 0.00979699 	 0.88487 	 0.646428 	 0.463822 	 5 
2.82 	 0.00988852 	 0.893355 	 0.646593 	 0.466202 	 5 
2.84 	 0.00997996 	 0.901836 	 0.646753 	 0.468385 	 5 
2.86 	 0.0100713 	 0.910312 	 0.646907 	 0.470577 	 5 
2.88 	 0.0101626 	 0.918784 	 0.647057 	 0.472777 	 5 
2.9 	 0.0102538 	 0.927252 	 0.647203 	 0.474985 	 5 
2.92 	 0.0103449 	 0.935715 	 0.647343 	 0.476951 	 5 
2.94 	 0.0104359 	 0.944175 	 0.647479 	 0.478809 	 5 
2.96 	 0.0105269 	 0.952631 	 0.64761 	 0.480674 	 5 
2.98 	 0.0106178 	 0.961082 	 0.647738 	 0.482548 	 5 
3 	 0.0107086 	 0.96953 	 0.64786 	 0.484282 	 5 
3.02 	 0.0107993 	 0.977975 	 0.647979 	 0.485826 	 5 
3.04 	 0.01089 	 0.986416 	 0.648093 	 0.487378 	 5 
3.06 	 0.0109806 	 0.994853 	 0.648203 	 0.488937 	 5 
3.08 	 0.0110711 	 1.00329 	 0.648309 	 0.490288 	 5 
3.1 	 0.0111616 	 1.01172 	 0.648412 	 0.491542 	 5 
3.12 	 0.011252 	 1.02015 	 0.64851 	 0.492802 	 5 
3.14 	 0.0113423 	 1.02857 	 0.648605 	 0.493954 	 5 
3.16 	 0.0114325 	 1.03699 	 0.648696 	 0.494936 	 5 
3.18 	 0.0115227 	 1.04541 	 0.648783 	 0.495923 	 5 
3.2 	 0.0116128 	 1.05383 	 0.648867 	 0.49677 	 5 
3.22 	 0.0117029 	 1.06224 	 0.648947 	 0.497508 	 5 
3.24 	 0.0117928 	 1.07065 	 0.649024 	 0.498214 	 5 
3.26 	 0.0118828 	 1.07906 	 0.649097 	 0.498735 	 5 
3.28 	 0.0119726 	 1.08746 	 0.649167 	 0.499226 	 5 
3.3 	 0.0120624 	 1.09586 	 0.649234 	 0.499565 	 5 
3.32 	 0.0121521 	 1.10426 	 0.649297 	 0.499815 	 5 
3.34 	 0.0122418 	 1.11266 	 0.649358 	 0.499962 	 5 
3.36 	 0.0123314 	 1.12106 	 0.649415 	 0.5 	 5 
3.38 	 0.012421 	 1.12945 	 0.64947 	 0.5 	 5 
3.4 	 0.0125105 	 1.13784 	 0.649521 	 0.5 	 5 
3.42 	 0.0125999 	 1.14623 	 0.64957 	 0.5 	 5 
3.44 	 0.0126893 	 1.15461 	 0.649615 	 0.5 	 5 
3.46 	 0.0127786 	 1.163 	 0.649658 	 0.5 	 5 
3.48 	 0.0128679 	 1.17138 	 0.649698 	 0.5 	 5 
3.5 	 0.0129571 	 1.17976 	 0.649736 	 0.5 	 5 
3.52 	 0.0130462 	 1.18814 	 0.649771 	 0.5 	 5 
3.54 	 0.0131353 	 1.19652 	 0.649803 	 0.5 	 5 
3.56 	 0.0132244 	 1.20489 	 0.649833 	 0.5 	 5 
3.58 	 0.0133133 	 1.21326 	 0.64986 	 0.5 	 5 
3.6 	 0.0134023 	 1.22164 	 0.649885 	 0.5 	 5 
3.62 	 0.0134911 	 1.23 	 0.649907 	 0.5 	 5 
3.64 	 0.01358 	 1.23837 	 0.649927 	 0.5 	 5 
3.66 	 0.0136687 	 1.24674 	 0.649945 	 0.5 	 5 
3.68 	 0.0137575 	 1.2551 	 0.64996 	 0.5 	 5 
3.7 	 0.0138461 	 1.26347 	 0.649974 	 0.5 	 5 
3.72 	 0.0139347 	 1.27183 	 0.649985 	 0.5 	 5 
3.74 	 0.0140233 	 1.28019 	 0.649994 	 0.5 	 5 
3.76 	 0.0141118 	 1.28855 	 0.650001 	 0.5 	 5 
3.78 	 0.0142003 	 1.29691 	 0.650005 	 0.5 	 5 
3.8 	 0.0142887 	 1.30526 	 0.650008 	 0.5 	 5 
3.82 	 0.014377 	 1.31362 	 0.650009 	 0.5 	 5 
3.84 	 0.0144653 	 1.32197 	 0.650008 	 0.5 	 5 
3.86 	 0.0145536 	 1.33032 	 0.650005 	 0.5 	 5 
3.88 	 0.0146418 	 1.33867 	 0.65 	 0.5 	 5 
3.9 	 0.01473 	 1.34702 	 0.649993 	 0.5 	 5 
3.92 	 0.0148181 	 1.35537 	 0.649984 	 0.5 	 5 
3.94 	 0.0149061 	 1.36372 	 0.649974 	 0.5 	 5 
3.96 	 0.0149941 	 1.37207 	 0.649962 	 0.5 	 5 
3.98 	 0.0150821 	 1.38041 	 0.649948 	 0.5 	 5 
4 	 0.01517 	 1.38876 	 0.649933 	 0.5 	 5 
4.02 	 0.0152579 	 1.3971 	 0.649915 	 0.5 	 5 
4.04 	 0.015346 	 1.40544 	 0.649897 	 0.5 	 4 
4.06 	 0.0154338 	 1.41378 	 0.649877 	 0.5 	 4 
4.08 	 0.0155215 	 1.42212 	 0.649855 	 0.5 	 4 
4.1 	 0.0156092 	 1.43046 	 0.649831 	 0.5 	 4 
4.12 	 0.0156968 	 1.4388 	 0.649806 	 0.5 	 4 
4.14 	 0.0157844 	 1.44714 	 0.64978 	 0.5 	 4 
4.16 	 0.0158719 	 1.45548 	 0.649752 	 0.5 	 4 
4.18 	 0.0159594 	 1.46381 	 0.649723 	 0.5 	 4 
4.2 	 0.0160469 	 1.47215 	 0.649693 	 0.5 	 4 
4.22 	 0.0161343 	 1.48048 	 0.649661 	 0.5 	 4 
4.24 	 0.0162216 	 1.48882 	 0.649627 	 0.5 	 4 
4.26 	 0.0163089 	 1.49715 	 0.649593 	 0.5 	 4 
4.28 	 0.0163962 	 1.50549 	 0.649557 	 0.5 	 4 
4.3 	 0.0164834 	 1.51382 	 0.64952 	 0.5 	 4 
4.32 	 0.0165706 	 1.52215 	 0.649482 	 0.5 	 4 
4.34 	 0.0166577 	 1.53048 	 0.649442 	 0.5 	 4 
4.36 	 0.0167448 	 1.53881 	 0.649401 	 0.5 	 4 
4.38 	 0.0168318 	 1.54714 	 0.649359 	 0.5 	 4 
4.4 	 0.0169188 	 1.55547 	 0.649316 	 0.5 	 4 
4.42 	 0.0170058 	 1.5638 	 0.649272 	 0.5 	 4 
4.44 	 0.0170927 	 1.57213 	 0.649227 	 0.5 	 4 
4.46 	 0.0171795 	 1.58045 	 0.64918 	 0.5 	 4 
4.48 	 0.0172663 	 1.58878 	 0.649133 	 0.5 	 4 
4.5 	 0.0173531 	 1.59711 	 0.649084 	 0.5 	 4 
4.52 	 0.0174398 	 1.60543 	 0.649035 	 0.5 	 4 
4.54 	 0.0175265 	 1.61376 	 0.648984 	 0.5 	 4 
4.56 	 0.0176131 	 1.62208 	 0.648933 	 0.5 	 4 
4.58 	 0.0176997 	 1.63041 	 0.64888 	 0.5 	 4 
4.6 	 0.0177863 	 1.63873 	 0.648827 	 0.5 	 4 
4.62 	 0.0178728 	 1.64705 	 0.648773 	 0.5 	 4 
4.64 	 0.0179592 	 1.65538 	 0.648717 	 0.5 	 4 
4.66 	 0.0180457 	 1.6637 	 0.648661 	 0.5 	 4 
4.68 	 0.018132 	 1.67202 	 0.648604 	 0.5 	 4 
4.7 	 0.0182184 	 1.68034 	 0.648546 	 0.5 	 4 
4.72 	 0.0183046 	 1.68867 	 0.648488 	 0.5 	 4 
4.74 	 0.0183909 	 1.69699 	 0.648428 	 0.5 	 4 
4.76 	 0.0184771 	 1.70531 	 0.648368 	 0.5 	 4 
4.78 	 0.0185632 	 1.71363 	 0.648306 	 0.5 	 4 
4.8 	 0.0186493 	 1.72195 	 0.648244 	 0.5 	 4 
4.82 	 0.0187354 	 1.73027 	 0.648182 	 0.5 	 4 
4.84 	 0.0188214 	 1.73859 	 0.648118 	 0.5 	 4 
4.86 	 0.0189074 	 1.74691 	 0.648054 	 0.5 	 4 
4.88 	 0.0189933 	 1.75522 	 0.647989 	 0.5 	 4 
4.9 	 0.0190792 	 1.76354 	 0.647923 	 0.5 	 4 
4.92 	 0.0191651 	 1.77186 	 0.647857 	 0.5 	 4 
4.94 	 0.0192509 	 1.78018 	 0.64779 	 0.5 	 4 
4.96 	 0.0193366 	 1.78849 	 0.647722 	 0.5 	 4 
4.98 	 0.0194223 	 1.79681 	 0.647654 	 0.5 	 4 
5 	 0.019508 	 1.80513 	 0.647585 	 0.5 	 4 
