Bdist 	 d_c 
0.001 	 0.043 
0.002 	 0.076 
0.003 	 0.103 
0.004 	 0.129 
0.005 	 0.152 
0.006 	 0.173 
0.007 	 0.193 
0.008 	 0.212 
0.009 	 0.229 
0.01 	 0.246 
0.011 	 0.262 
0.012 	 0.278 
0.013 	 0.293 
0.014 	 0.307 
0.015 	 0.32 
0.016 	 0.333 
0.017 	 0.346 
0.018 	 0.358 
0.019 	 0.369 
0.02 	 0.38 
0.021 	 0.391 
0.022 	 0.401 
0.023 	 0.411 
0.024 	 0.421 
0.025 	 0.431 
0.026 	 0.44 
0.027 	 0.448 
0.028 	 0.457 
0.029 	 0.465 
0.03 	 0.473 
0.031 	 0.481 
0.032 	 0.488 
0.033 	 0.495 
0.034 	 0.502 
0.035 	 0.509 
0.036 	 0.516 
0.037 	 0.522 
0.038 	 0.528 
0.039 	 0.534 
0.04 	 0.54 
0.041 	 0.546 
0.042 	 0.551 
0.043 	 0.557 
0.044 	 0.562 
0.045 	 0.567 
0.046 	 0.572 
0.047 	 0.577 
0.048 	 0.581 
0.049 	 0.586 
0.05 	 0.59 
0.051 	 0.594 
0.052 	 0.598 
0.053 	 0.602 
0.054 	 0.606 
0.055 	 0.61 
0.056 	 0.613 
0.057 	 0.617 
0.058 	 0.62 
0.059 	 0.624 
0.06 	 0.627 
0.061 	 0.63 
0.062 	 0.633 
0.063 	 0.636 
0.064 	 0.639 
0.065 	 0.642 
0.066 	 0.644 
0.067 	 0.647 
0.068 	 0.65 
0.069 	 0.652 
0.07 	 0.655 
0.071 	 0.657 
0.072 	 0.659 
0.073 	 0.661 
0.074 	 0.664 
0.075 	 0.666 
0.076 	 0.668 
0.077 	 0.67 
0.078 	 0.672 
0.079 	 0.673 
0.08 	 0.675 
0.081 	 0.677 
0.082 	 0.679 
0.083 	 0.68 
0.084 	 0.682 
0.085 	 0.683 
0.086 	 0.685 
0.087 	 0.686 
0.088 	 0.688 
0.089 	 0.689 
0.09 	 0.691 
0.091 	 0.692 
0.092 	 0.693 
0.093 	 0.695 
0.094 	 0.696 
0.095 	 0.697 
0.096 	 0.698 
0.097 	 0.699 
0.098 	 0.7 
0.099 	 0.701 
0.1 	 0.702 
0.101 	 0.703 
0.102 	 0.704 
0.103 	 0.705 
0.104 	 0.706 
0.105 	 0.707 
0.106 	 0.708 
0.107 	 0.709 
0.108 	 0.709 
0.109 	 0.71 
0.11 	 0.711 
0.111 	 0.712 
0.112 	 0.712 
0.113 	 0.713 
0.114 	 0.714 
0.115 	 0.714 
0.116 	 0.715 
0.117 	 0.716 
0.118 	 0.716 
0.119 	 0.717 
0.12 	 0.717 
0.121 	 0.718 
0.122 	 0.719 
0.123 	 0.719 
0.124 	 0.72 
0.125 	 0.72 
0.126 	 0.72 
0.127 	 0.721 
0.128 	 0.721 
0.129 	 0.722 
0.13 	 0.722 
0.131 	 0.723 
0.132 	 0.723 
0.133 	 0.723 
0.134 	 0.724 
0.135 	 0.724 
0.136 	 0.725 
0.137 	 0.725 
0.138 	 0.725 
0.139 	 0.725 
0.14 	 0.726 
0.141 	 0.726 
0.142 	 0.726 
0.143 	 0.727 
0.144 	 0.727 
0.145 	 0.727 
0.146 	 0.727 
0.147 	 0.728 
0.148 	 0.728 
0.149 	 0.728 
0.15 	 0.728 
0.151 	 0.729 
0.152 	 0.729 
0.153 	 0.729 
0.154 	 0.729 
0.155 	 0.729 
0.156 	 0.73 
0.157 	 0.73 
0.158 	 0.73 
0.159 	 0.73 
0.16 	 0.73 
0.161 	 0.73 
0.162 	 0.731 
0.163 	 0.731 
0.164 	 0.731 
0.165 	 0.731 
0.166 	 0.731 
0.167 	 0.731 
0.168 	 0.731 
0.169 	 0.731 
0.17 	 0.732 
0.171 	 0.732 
0.172 	 0.732 
0.173 	 0.732 
0.174 	 0.732 
0.175 	 0.732 
0.176 	 0.732 
0.177 	 0.732 
0.178 	 0.732 
0.179 	 0.732 
0.18 	 0.732 
0.181 	 0.733 
0.182 	 0.733 
0.183 	 0.733 
0.184 	 0.733 
0.185 	 0.733 
0.186 	 0.733 
0.187 	 0.733 
0.188 	 0.733 
0.189 	 0.733 
0.19 	 0.733 
0.191 	 0.733 
0.192 	 0.733 
0.193 	 0.733 
0.194 	 0.733 
0.195 	 0.733 
0.196 	 0.733 
0.197 	 0.733 
0.198 	 0.733 
0.199 	 0.733 
0.2 	 0.733 
0.201 	 0.733 
0.202 	 0.733 
0.203 	 0.733 
0.204 	 0.733 
0.205 	 0.733 
0.206 	 0.733 
0.207 	 0.733 
0.208 	 0.733 
0.209 	 0.733 
0.21 	 0.733 
0.211 	 0.733 
0.212 	 0.733 
0.213 	 0.733 
0.214 	 0.733 
0.215 	 0.733 
0.216 	 0.733 
0.217 	 0.733 
0.218 	 0.733 
0.219 	 0.733 
0.22 	 0.733 
0.221 	 0.733 
0.222 	 0.733 
0.223 	 0.733 
0.224 	 0.733 
0.225 	 0.733 
0.226 	 0.733 
0.227 	 0.733 
0.228 	 0.733 
0.229 	 0.733 
0.23 	 0.733 
0.231 	 0.733 
0.232 	 0.733 
0.233 	 0.733 
0.234 	 0.733 
0.235 	 0.733 
0.236 	 0.733 
0.237 	 0.733 
0.238 	 0.733 
0.239 	 0.733 
0.24 	 0.733 
0.241 	 0.733 
0.242 	 0.733 
0.243 	 0.733 
0.244 	 0.733 
0.245 	 0.733 
0.246 	 0.733 
0.247 	 0.733 
0.248 	 0.733 
0.249 	 0.733 
0.25 	 0.733 
0.251 	 0.733 
0.252 	 0.733 
0.253 	 0.732 
0.254 	 0.732 
0.255 	 0.732 
0.256 	 0.732 
0.257 	 0.732 
0.258 	 0.732 
0.259 	 0.732 
0.26 	 0.732 
0.261 	 0.732 
0.262 	 0.732 
0.263 	 0.732 
0.264 	 0.732 
0.265 	 0.732 
0.266 	 0.732 
0.267 	 0.732 
0.268 	 0.732 
0.269 	 0.732 
0.27 	 0.732 
0.271 	 0.732 
0.272 	 0.732 
0.273 	 0.732 
0.274 	 0.732 
0.275 	 0.732 
0.276 	 0.732 
0.277 	 0.732 
0.278 	 0.732 
0.279 	 0.731 
0.28 	 0.731 
0.281 	 0.731 
0.282 	 0.731 
0.283 	 0.731 
0.284 	 0.731 
0.285 	 0.731 
0.286 	 0.731 
0.287 	 0.731 
0.288 	 0.731 
0.289 	 0.731 
0.29 	 0.731 
0.291 	 0.731 
0.292 	 0.731 
0.293 	 0.731 
0.294 	 0.731 
0.295 	 0.731 
0.296 	 0.731 
0.297 	 0.731 
0.298 	 0.731 
0.299 	 0.731 
0.3 	 0.731 
0.301 	 0.731 
0.302 	 0.73 
0.303 	 0.73 
0.304 	 0.73 
0.305 	 0.73 
0.306 	 0.73 
0.307 	 0.73 
0.308 	 0.73 
0.309 	 0.73 
0.31 	 0.73 
0.311 	 0.73 
0.312 	 0.73 
0.313 	 0.73 
0.314 	 0.73 
0.315 	 0.73 
0.316 	 0.73 
0.317 	 0.73 
0.318 	 0.73 
0.319 	 0.73 
0.32 	 0.73 
0.321 	 0.73 
0.322 	 0.73 
0.323 	 0.73 
0.324 	 0.729 
0.325 	 0.729 
0.326 	 0.729 
0.327 	 0.729 
0.328 	 0.729 
0.329 	 0.729 
0.33 	 0.729 
0.331 	 0.729 
0.332 	 0.729 
0.333 	 0.729 
0.334 	 0.729 
0.335 	 0.729 
0.336 	 0.729 
0.337 	 0.729 
0.338 	 0.729 
0.339 	 0.729 
0.34 	 0.729 
0.341 	 0.729 
0.342 	 0.729 
0.343 	 0.729 
0.344 	 0.729 
0.345 	 0.729 
0.346 	 0.729 
0.347 	 0.728 
0.348 	 0.728 
0.349 	 0.728 
0.35 	 0.728 
0.351 	 0.728 
0.352 	 0.728 
0.353 	 0.728 
0.354 	 0.728 
0.355 	 0.728 
0.356 	 0.728 
0.357 	 0.728 
0.358 	 0.728 
0.359 	 0.728 
0.36 	 0.728 
0.361 	 0.728 
0.362 	 0.728 
0.363 	 0.728 
0.364 	 0.728 
0.365 	 0.728 
0.366 	 0.728 
0.367 	 0.728 
0.368 	 0.728 
0.369 	 0.728 
0.37 	 0.728 
0.371 	 0.727 
0.372 	 0.727 
0.373 	 0.727 
0.374 	 0.727 
0.375 	 0.727 
0.376 	 0.727 
0.377 	 0.727 
0.378 	 0.727 
0.379 	 0.727 
0.38 	 0.727 
0.381 	 0.727 
0.382 	 0.727 
0.383 	 0.727 
0.384 	 0.727 
0.385 	 0.727 
0.386 	 0.727 
0.387 	 0.727 
0.388 	 0.727 
0.389 	 0.727 
0.39 	 0.727 
0.391 	 0.727 
0.392 	 0.727 
0.393 	 0.727 
0.394 	 0.727 
0.395 	 0.727 
0.396 	 0.726 
0.397 	 0.726 
0.398 	 0.726 
0.399 	 0.726 
0.4 	 0.726 
0.401 	 0.726 
0.402 	 0.726 
0.403 	 0.726 
0.404 	 0.726 
0.405 	 0.726 
0.406 	 0.726 
0.407 	 0.726 
0.408 	 0.726 
0.409 	 0.726 
0.41 	 0.726 
0.411 	 0.726 
0.412 	 0.726 
0.413 	 0.726 
0.414 	 0.726 
0.415 	 0.726 
0.416 	 0.726 
0.417 	 0.726 
0.418 	 0.726 
0.419 	 0.726 
0.42 	 0.726 
0.421 	 0.726 
0.422 	 0.726 
0.423 	 0.725 
0.424 	 0.725 
0.425 	 0.725 
0.426 	 0.725 
0.427 	 0.725 
0.428 	 0.725 
0.429 	 0.725 
0.43 	 0.725 
0.431 	 0.725 
0.432 	 0.725 
0.433 	 0.725 
0.434 	 0.725 
0.435 	 0.725 
0.436 	 0.725 
0.437 	 0.725 
0.438 	 0.725 
0.439 	 0.725 
0.44 	 0.725 
0.441 	 0.725 
0.442 	 0.725 
0.443 	 0.725 
0.444 	 0.725 
0.445 	 0.725 
0.446 	 0.725 
0.447 	 0.725 
0.448 	 0.725 
0.449 	 0.725 
0.45 	 0.725 
0.451 	 0.725 
0.452 	 0.725 
0.453 	 0.724 
0.454 	 0.724 
0.455 	 0.724 
0.456 	 0.724 
0.457 	 0.724 
0.458 	 0.724 
0.459 	 0.724 
0.46 	 0.724 
0.461 	 0.724 
0.462 	 0.724 
0.463 	 0.724 
0.464 	 0.724 
0.465 	 0.724 
0.466 	 0.724 
0.467 	 0.724 
0.468 	 0.724 
0.469 	 0.724 
0.47 	 0.724 
0.471 	 0.724 
0.472 	 0.724 
0.473 	 0.724 
0.474 	 0.724 
0.475 	 0.724 
0.476 	 0.724 
0.477 	 0.724 
0.478 	 0.724 
0.479 	 0.724 
0.48 	 0.724 
0.481 	 0.724 
0.482 	 0.724 
0.483 	 0.724 
0.484 	 0.724 
0.485 	 0.724 
0.486 	 0.723 
0.487 	 0.723 
0.488 	 0.723 
0.489 	 0.723 
0.49 	 0.723 
0.491 	 0.723 
0.492 	 0.723 
0.493 	 0.723 
0.494 	 0.723 
0.495 	 0.723 
0.496 	 0.723 
0.497 	 0.723 
0.498 	 0.723 
0.499 	 0.723 
0.5 	 0.723 
0.501 	 0.723 
0.502 	 0.723 
0.503 	 0.723 
0.504 	 0.723 
0.505 	 0.723 
0.506 	 0.723 
0.507 	 0.723 
0.508 	 0.723 
0.509 	 0.723 
0.51 	 0.723 
0.511 	 0.723 
0.512 	 0.723 
0.513 	 0.723 
0.514 	 0.723 
0.515 	 0.723 
0.516 	 0.723 
0.517 	 0.723 
0.518 	 0.723 
0.519 	 0.723 
0.52 	 0.723 
0.521 	 0.723 
0.522 	 0.722 
0.523 	 0.722 
0.524 	 0.722 
0.525 	 0.722 
0.526 	 0.722 
0.527 	 0.722 
0.528 	 0.722 
0.529 	 0.722 
0.53 	 0.722 
0.531 	 0.722 
0.532 	 0.722 
0.533 	 0.722 
0.534 	 0.722 
0.535 	 0.722 
0.536 	 0.722 
0.537 	 0.722 
0.538 	 0.722 
0.539 	 0.722 
0.54 	 0.722 
0.541 	 0.722 
0.542 	 0.722 
0.543 	 0.722 
0.544 	 0.722 
0.545 	 0.722 
0.546 	 0.722 
0.547 	 0.722 
0.548 	 0.722 
0.549 	 0.722 
0.55 	 0.722 
0.551 	 0.722 
0.552 	 0.722 
0.553 	 0.722 
0.554 	 0.722 
0.555 	 0.722 
0.556 	 0.722 
0.557 	 0.722 
0.558 	 0.722 
0.559 	 0.722 
0.56 	 0.722 
0.561 	 0.722 
0.562 	 0.722 
0.563 	 0.721 
0.564 	 0.721 
0.565 	 0.721 
0.566 	 0.721 
0.567 	 0.721 
0.568 	 0.721 
0.569 	 0.721 
0.57 	 0.721 
0.571 	 0.721 
0.572 	 0.721 
0.573 	 0.721 
0.574 	 0.721 
0.575 	 0.721 
0.576 	 0.721 
0.577 	 0.721 
0.578 	 0.721 
0.579 	 0.721 
0.58 	 0.721 
0.581 	 0.721 
0.582 	 0.721 
0.583 	 0.721 
0.584 	 0.721 
0.585 	 0.721 
0.586 	 0.721 
0.587 	 0.721 
0.588 	 0.721 
0.589 	 0.721 
0.59 	 0.721 
0.591 	 0.721 
0.592 	 0.721 
0.593 	 0.721 
0.594 	 0.721 
0.595 	 0.721 
0.596 	 0.721 
0.597 	 0.721 
0.598 	 0.721 
0.599 	 0.721 
0.6 	 0.721 
0.601 	 0.721 
0.602 	 0.721 
0.603 	 0.721 
0.604 	 0.721 
0.605 	 0.721 
0.606 	 0.721 
0.607 	 0.721 
0.608 	 0.721 
0.609 	 0.721 
0.61 	 0.721 
0.611 	 0.72 
0.612 	 0.72 
0.613 	 0.72 
0.614 	 0.72 
0.615 	 0.72 
0.616 	 0.72 
0.617 	 0.72 
0.618 	 0.72 
0.619 	 0.72 
0.62 	 0.72 
0.621 	 0.72 
0.622 	 0.72 
0.623 	 0.72 
0.624 	 0.72 
0.625 	 0.72 
0.626 	 0.72 
0.627 	 0.72 
0.628 	 0.72 
0.629 	 0.72 
0.63 	 0.72 
0.631 	 0.72 
0.632 	 0.72 
0.633 	 0.72 
0.634 	 0.72 
0.635 	 0.72 
0.636 	 0.72 
0.637 	 0.72 
0.638 	 0.72 
0.639 	 0.72 
0.64 	 0.72 
0.641 	 0.72 
0.642 	 0.72 
0.643 	 0.72 
0.644 	 0.72 
0.645 	 0.72 
0.646 	 0.72 
0.647 	 0.72 
0.648 	 0.72 
0.649 	 0.72 
0.65 	 0.72 
0.651 	 0.72 
0.652 	 0.72 
0.653 	 0.72 
0.654 	 0.72 
0.655 	 0.72 
0.656 	 0.72 
0.657 	 0.72 
0.658 	 0.72 
0.659 	 0.72 
0.66 	 0.72 
0.661 	 0.72 
0.662 	 0.72 
0.663 	 0.72 
0.664 	 0.72 
0.665 	 0.72 
0.666 	 0.719 
0.667 	 0.719 
0.668 	 0.719 
0.669 	 0.719 
0.67 	 0.719 
0.671 	 0.719 
0.672 	 0.719 
0.673 	 0.719 
0.674 	 0.719 
0.675 	 0.719 
0.676 	 0.719 
0.677 	 0.719 
0.678 	 0.719 
0.679 	 0.719 
0.68 	 0.719 
0.681 	 0.719 
0.682 	 0.719 
0.683 	 0.719 
0.684 	 0.719 
0.685 	 0.719 
0.686 	 0.719 
0.687 	 0.719 
0.688 	 0.719 
0.689 	 0.719 
0.69 	 0.719 
0.691 	 0.719 
0.692 	 0.719 
0.693 	 0.719 
0.694 	 0.719 
0.695 	 0.719 
0.696 	 0.719 
0.697 	 0.719 
0.698 	 0.719 
0.699 	 0.719 
0.7 	 0.719 
0.701 	 0.719 
0.702 	 0.719 
0.703 	 0.719 
0.704 	 0.719 
0.705 	 0.719 
0.706 	 0.719 
0.707 	 0.719 
0.708 	 0.719 
0.709 	 0.719 
0.71 	 0.719 
0.711 	 0.719 
0.712 	 0.719 
0.713 	 0.719 
0.714 	 0.719 
0.715 	 0.719 
0.716 	 0.719 
0.717 	 0.719 
0.718 	 0.719 
0.719 	 0.719 
0.72 	 0.719 
0.721 	 0.719 
0.722 	 0.719 
0.723 	 0.719 
0.724 	 0.719 
0.725 	 0.719 
0.726 	 0.719 
0.727 	 0.719 
0.728 	 0.719 
0.729 	 0.719 
0.73 	 0.719 
0.731 	 0.719 
0.732 	 0.718 
0.733 	 0.718 
0.734 	 0.718 
0.735 	 0.718 
0.736 	 0.718 
0.737 	 0.718 
0.738 	 0.718 
0.739 	 0.718 
0.74 	 0.718 
0.741 	 0.718 
0.742 	 0.718 
0.743 	 0.718 
0.744 	 0.718 
0.745 	 0.718 
0.746 	 0.718 
0.747 	 0.718 
0.748 	 0.718 
0.749 	 0.718 
0.75 	 0.718 
0.751 	 0.718 
0.752 	 0.718 
0.753 	 0.718 
0.754 	 0.718 
0.755 	 0.718 
0.756 	 0.718 
0.757 	 0.718 
0.758 	 0.718 
0.759 	 0.718 
0.76 	 0.718 
0.761 	 0.718 
0.762 	 0.718 
0.763 	 0.718 
0.764 	 0.718 
0.765 	 0.718 
0.766 	 0.718 
0.767 	 0.718 
0.768 	 0.718 
0.769 	 0.718 
0.77 	 0.718 
0.771 	 0.718 
0.772 	 0.718 
0.773 	 0.718 
0.774 	 0.718 
0.775 	 0.718 
0.776 	 0.718 
0.777 	 0.718 
0.778 	 0.718 
0.779 	 0.718 
0.78 	 0.718 
0.781 	 0.718 
0.782 	 0.718 
0.783 	 0.718 
0.784 	 0.718 
0.785 	 0.718 
0.786 	 0.718 
0.787 	 0.718 
0.788 	 0.718 
0.789 	 0.718 
0.79 	 0.718 
0.791 	 0.718 
0.792 	 0.718 
0.793 	 0.718 
0.794 	 0.718 
0.795 	 0.718 
0.796 	 0.718 
0.797 	 0.718 
0.798 	 0.718 
0.799 	 0.718 
0.8 	 0.718 
0.801 	 0.718 
0.802 	 0.718 
0.803 	 0.718 
0.804 	 0.718 
0.805 	 0.718 
0.806 	 0.718 
0.807 	 0.718 
0.808 	 0.718 
0.809 	 0.718 
0.81 	 0.718 
0.811 	 0.718 
0.812 	 0.717 
0.813 	 0.717 
0.814 	 0.717 
0.815 	 0.717 
0.816 	 0.717 
0.817 	 0.717 
0.818 	 0.717 
0.819 	 0.717 
0.82 	 0.717 
0.821 	 0.717 
0.822 	 0.717 
0.823 	 0.717 
0.824 	 0.717 
0.825 	 0.717 
0.826 	 0.717 
0.827 	 0.717 
0.828 	 0.717 
0.829 	 0.717 
0.83 	 0.717 
0.831 	 0.717 
0.832 	 0.717 
0.833 	 0.717 
0.834 	 0.717 
0.835 	 0.717 
0.836 	 0.717 
0.837 	 0.717 
0.838 	 0.717 
0.839 	 0.717 
0.84 	 0.717 
0.841 	 0.717 
0.842 	 0.717 
0.843 	 0.717 
0.844 	 0.717 
0.845 	 0.717 
0.846 	 0.717 
0.847 	 0.717 
0.848 	 0.717 
0.849 	 0.717 
0.85 	 0.717 
0.851 	 0.717 
0.852 	 0.717 
0.853 	 0.717 
0.854 	 0.717 
0.855 	 0.717 
0.856 	 0.717 
0.857 	 0.717 
0.858 	 0.717 
0.859 	 0.717 
0.86 	 0.717 
0.861 	 0.717 
0.862 	 0.717 
0.863 	 0.717 
0.864 	 0.717 
0.865 	 0.717 
0.866 	 0.717 
0.867 	 0.717 
0.868 	 0.717 
0.869 	 0.717 
0.87 	 0.717 
0.871 	 0.717 
0.872 	 0.717 
0.873 	 0.717 
0.874 	 0.717 
0.875 	 0.717 
0.876 	 0.717 
0.877 	 0.717 
0.878 	 0.717 
0.879 	 0.717 
0.88 	 0.717 
0.881 	 0.717 
0.882 	 0.717 
0.883 	 0.717 
0.884 	 0.717 
0.885 	 0.717 
0.886 	 0.717 
0.887 	 0.717 
0.888 	 0.717 
0.889 	 0.717 
0.89 	 0.717 
0.891 	 0.717 
0.892 	 0.717 
0.893 	 0.717 
0.894 	 0.717 
0.895 	 0.717 
0.896 	 0.717 
0.897 	 0.717 
0.898 	 0.717 
0.899 	 0.717 
0.9 	 0.717 
0.901 	 0.717 
0.902 	 0.717 
0.903 	 0.717 
0.904 	 0.717 
0.905 	 0.717 
0.906 	 0.717 
0.907 	 0.717 
0.908 	 0.717 
0.909 	 0.717 
0.91 	 0.717 
0.911 	 0.717 
0.912 	 0.717 
0.913 	 0.716 
0.914 	 0.716 
0.915 	 0.716 
0.916 	 0.716 
0.917 	 0.716 
0.918 	 0.716 
0.919 	 0.716 
0.92 	 0.716 
0.921 	 0.716 
0.922 	 0.716 
0.923 	 0.716 
0.924 	 0.716 
0.925 	 0.716 
0.926 	 0.716 
0.927 	 0.716 
0.928 	 0.716 
0.929 	 0.716 
0.93 	 0.716 
0.931 	 0.716 
0.932 	 0.716 
0.933 	 0.716 
0.934 	 0.716 
0.935 	 0.716 
0.936 	 0.716 
0.937 	 0.716 
0.938 	 0.716 
0.939 	 0.716 
0.94 	 0.716 
0.941 	 0.716 
0.942 	 0.716 
0.943 	 0.716 
0.944 	 0.716 
0.945 	 0.716 
0.946 	 0.716 
0.947 	 0.716 
0.948 	 0.716 
0.949 	 0.716 
0.95 	 0.716 
0.951 	 0.716 
0.952 	 0.716 
0.953 	 0.716 
0.954 	 0.716 
0.955 	 0.716 
0.956 	 0.716 
0.957 	 0.716 
0.958 	 0.716 
0.959 	 0.716 
0.96 	 0.716 
0.961 	 0.716 
0.962 	 0.716 
0.963 	 0.716 
0.964 	 0.716 
0.965 	 0.716 
0.966 	 0.716 
0.967 	 0.716 
0.968 	 0.716 
0.969 	 0.716 
0.97 	 0.716 
0.971 	 0.716 
0.972 	 0.716 
0.973 	 0.716 
0.974 	 0.716 
0.975 	 0.716 
0.976 	 0.716 
0.977 	 0.716 
0.978 	 0.716 
0.979 	 0.716 
0.98 	 0.716 
0.981 	 0.716 
0.982 	 0.716 
0.983 	 0.716 
0.984 	 0.716 
0.985 	 0.716 
0.986 	 0.716 
0.987 	 0.716 
0.988 	 0.716 
0.989 	 0.716 
0.99 	 0.716 
0.991 	 0.716 
0.992 	 0.716 
0.993 	 0.716 
0.994 	 0.716 
0.995 	 0.716 
0.996 	 0.716 
0.997 	 0.716 
0.998 	 0.716 
0.999 	 0.716 
1 	 0.716 
1.001 	 0.716 
1.002 	 0.716 
1.003 	 0.716 
1.004 	 0.716 
1.005 	 0.716 
1.006 	 0.716 
1.007 	 0.716 
1.008 	 0.716 
1.009 	 0.716 
1.01 	 0.716 
1.011 	 0.716 
1.012 	 0.716 
1.013 	 0.716 
1.014 	 0.716 
1.015 	 0.716 
1.016 	 0.716 
1.017 	 0.716 
1.018 	 0.716 
1.019 	 0.716 
1.02 	 0.716 
1.021 	 0.716 
1.022 	 0.716 
1.023 	 0.716 
1.024 	 0.716 
1.025 	 0.716 
1.026 	 0.716 
1.027 	 0.716 
1.028 	 0.716 
1.029 	 0.716 
1.03 	 0.716 
1.031 	 0.716 
1.032 	 0.716 
1.033 	 0.716 
1.034 	 0.716 
1.035 	 0.716 
1.036 	 0.716 
1.037 	 0.716 
1.038 	 0.716 
1.039 	 0.716 
1.04 	 0.716 
1.041 	 0.716 
1.042 	 0.716 
1.043 	 0.716 
1.044 	 0.716 
1.045 	 0.716 
1.046 	 0.716 
1.047 	 0.715 
1.048 	 0.715 
1.049 	 0.715 
1.05 	 0.715 
1.051 	 0.715 
1.052 	 0.715 
1.053 	 0.715 
1.054 	 0.715 
1.055 	 0.715 
1.056 	 0.715 
1.057 	 0.715 
1.058 	 0.715 
1.059 	 0.715 
1.06 	 0.715 
1.061 	 0.715 
1.062 	 0.715 
1.063 	 0.715 
1.064 	 0.715 
1.065 	 0.715 
1.066 	 0.715 
1.067 	 0.715 
1.068 	 0.715 
1.069 	 0.715 
1.07 	 0.715 
1.071 	 0.715 
1.072 	 0.715 
1.073 	 0.715 
1.074 	 0.715 
1.075 	 0.715 
1.076 	 0.715 
1.077 	 0.715 
1.078 	 0.715 
1.079 	 0.715 
1.08 	 0.715 
1.081 	 0.715 
1.082 	 0.715 
1.083 	 0.715 
1.084 	 0.715 
1.085 	 0.715 
1.086 	 0.715 
1.087 	 0.715 
1.088 	 0.715 
1.089 	 0.715 
1.09 	 0.715 
1.091 	 0.715 
1.092 	 0.715 
1.093 	 0.715 
1.094 	 0.715 
1.095 	 0.715 
1.096 	 0.715 
1.097 	 0.715 
1.098 	 0.715 
1.099 	 0.715 
1.1 	 0.715 
1.101 	 0.715 
1.102 	 0.715 
1.103 	 0.715 
1.104 	 0.715 
1.105 	 0.715 
1.106 	 0.715 
1.107 	 0.715 
1.108 	 0.715 
1.109 	 0.715 
1.11 	 0.715 
1.111 	 0.715 
1.112 	 0.715 
1.113 	 0.715 
1.114 	 0.715 
1.115 	 0.715 
1.116 	 0.715 
1.117 	 0.715 
1.118 	 0.715 
1.119 	 0.715 
1.12 	 0.715 
1.121 	 0.715 
1.122 	 0.715 
1.123 	 0.715 
1.124 	 0.715 
1.125 	 0.715 
1.126 	 0.715 
1.127 	 0.715 
1.128 	 0.715 
1.129 	 0.715 
1.13 	 0.715 
1.131 	 0.715 
1.132 	 0.715 
1.133 	 0.715 
1.134 	 0.715 
1.135 	 0.715 
1.136 	 0.715 
1.137 	 0.715 
1.138 	 0.715 
1.139 	 0.715 
1.14 	 0.715 
1.141 	 0.715 
1.142 	 0.715 
1.143 	 0.715 
1.144 	 0.715 
1.145 	 0.715 
1.146 	 0.715 
1.147 	 0.715 
1.148 	 0.715 
1.149 	 0.715 
1.15 	 0.715 
1.151 	 0.715 
1.152 	 0.715 
1.153 	 0.715 
1.154 	 0.715 
1.155 	 0.715 
1.156 	 0.715 
1.157 	 0.715 
1.158 	 0.715 
1.159 	 0.715 
1.16 	 0.715 
1.161 	 0.715 
1.162 	 0.715 
1.163 	 0.715 
1.164 	 0.715 
1.165 	 0.715 
1.166 	 0.715 
1.167 	 0.715 
1.168 	 0.715 
1.169 	 0.715 
1.17 	 0.715 
1.171 	 0.715 
1.172 	 0.715 
1.173 	 0.715 
1.174 	 0.715 
1.175 	 0.715 
1.176 	 0.715 
1.177 	 0.715 
1.178 	 0.715 
1.179 	 0.715 
1.18 	 0.715 
1.181 	 0.715 
1.182 	 0.715 
1.183 	 0.715 
1.184 	 0.715 
1.185 	 0.715 
1.186 	 0.715 
1.187 	 0.715 
1.188 	 0.715 
1.189 	 0.715 
1.19 	 0.715 
1.191 	 0.715 
1.192 	 0.715 
1.193 	 0.715 
1.194 	 0.715 
1.195 	 0.715 
1.196 	 0.715 
1.197 	 0.715 
1.198 	 0.715 
1.199 	 0.715 
1.2 	 0.715 
1.201 	 0.715 
1.202 	 0.715 
1.203 	 0.715 
1.204 	 0.715 
1.205 	 0.715 
1.206 	 0.715 
1.207 	 0.715 
1.208 	 0.715 
1.209 	 0.715 
1.21 	 0.715 
1.211 	 0.715 
1.212 	 0.715 
1.213 	 0.715 
1.214 	 0.715 
1.215 	 0.715 
1.216 	 0.715 
1.217 	 0.715 
1.218 	 0.715 
1.219 	 0.715 
1.22 	 0.715 
1.221 	 0.715 
1.222 	 0.715 
1.223 	 0.715 
1.224 	 0.715 
1.225 	 0.715 
1.226 	 0.715 
1.227 	 0.715 
1.228 	 0.715 
1.229 	 0.715 
1.23 	 0.715 
1.231 	 0.715 
1.232 	 0.715 
1.233 	 0.715 
1.234 	 0.714 
1.235 	 0.714 
1.236 	 0.714 
1.237 	 0.714 
1.238 	 0.714 
1.239 	 0.714 
1.24 	 0.714 
1.241 	 0.714 
1.242 	 0.714 
1.243 	 0.714 
1.244 	 0.714 
1.245 	 0.714 
1.246 	 0.714 
1.247 	 0.714 
1.248 	 0.714 
1.249 	 0.714 
1.25 	 0.714 
1.251 	 0.714 
1.252 	 0.714 
1.253 	 0.714 
1.254 	 0.714 
1.255 	 0.714 
1.256 	 0.714 
1.257 	 0.714 
1.258 	 0.714 
1.259 	 0.714 
1.26 	 0.714 
1.261 	 0.714 
1.262 	 0.714 
1.263 	 0.714 
1.264 	 0.714 
1.265 	 0.714 
1.266 	 0.714 
1.267 	 0.714 
1.268 	 0.714 
1.269 	 0.714 
1.27 	 0.714 
1.271 	 0.714 
1.272 	 0.714 
1.273 	 0.714 
1.274 	 0.714 
1.275 	 0.714 
1.276 	 0.714 
1.277 	 0.714 
1.278 	 0.714 
1.279 	 0.714 
1.28 	 0.714 
1.281 	 0.714 
1.282 	 0.714 
1.283 	 0.714 
1.284 	 0.714 
1.285 	 0.714 
1.286 	 0.714 
1.287 	 0.714 
1.288 	 0.714 
1.289 	 0.714 
1.29 	 0.714 
1.291 	 0.714 
1.292 	 0.714 
1.293 	 0.714 
1.294 	 0.714 
1.295 	 0.714 
1.296 	 0.714 
1.297 	 0.714 
1.298 	 0.714 
1.299 	 0.714 
1.3 	 0.714 
1.301 	 0.714 
1.302 	 0.714 
1.303 	 0.714 
1.304 	 0.714 
1.305 	 0.714 
1.306 	 0.714 
1.307 	 0.714 
1.308 	 0.714 
1.309 	 0.714 
1.31 	 0.714 
1.311 	 0.714 
1.312 	 0.714 
1.313 	 0.714 
1.314 	 0.714 
1.315 	 0.714 
1.316 	 0.714 
1.317 	 0.714 
1.318 	 0.714 
1.319 	 0.714 
1.32 	 0.714 
1.321 	 0.714 
1.322 	 0.714 
1.323 	 0.714 
1.324 	 0.714 
1.325 	 0.714 
1.326 	 0.714 
1.327 	 0.714 
1.328 	 0.714 
1.329 	 0.714 
1.33 	 0.714 
1.331 	 0.714 
1.332 	 0.714 
1.333 	 0.714 
1.334 	 0.714 
1.335 	 0.714 
1.336 	 0.714 
1.337 	 0.714 
1.338 	 0.714 
1.339 	 0.714 
1.34 	 0.714 
1.341 	 0.714 
1.342 	 0.714 
1.343 	 0.714 
1.344 	 0.714 
1.345 	 0.714 
1.346 	 0.714 
1.347 	 0.714 
1.348 	 0.714 
1.349 	 0.714 
1.35 	 0.714 
1.351 	 0.714 
1.352 	 0.714 
1.353 	 0.714 
1.354 	 0.714 
1.355 	 0.714 
1.356 	 0.714 
1.357 	 0.714 
1.358 	 0.714 
1.359 	 0.714 
1.36 	 0.714 
1.361 	 0.714 
1.362 	 0.714 
1.363 	 0.714 
1.364 	 0.714 
1.365 	 0.714 
1.366 	 0.714 
1.367 	 0.714 
1.368 	 0.714 
1.369 	 0.714 
1.37 	 0.714 
1.371 	 0.714 
1.372 	 0.714 
1.373 	 0.714 
1.374 	 0.714 
1.375 	 0.714 
1.376 	 0.714 
1.377 	 0.714 
1.378 	 0.714 
1.379 	 0.714 
1.38 	 0.714 
1.381 	 0.714 
1.382 	 0.714 
1.383 	 0.714 
1.384 	 0.714 
1.385 	 0.714 
1.386 	 0.714 
1.387 	 0.714 
1.388 	 0.714 
1.389 	 0.714 
1.39 	 0.714 
1.391 	 0.714 
1.392 	 0.714 
1.393 	 0.714 
1.394 	 0.714 
1.395 	 0.714 
1.396 	 0.714 
1.397 	 0.714 
1.398 	 0.714 
1.399 	 0.714 
1.4 	 0.714 
1.401 	 0.714 
1.402 	 0.714 
1.403 	 0.714 
1.404 	 0.714 
1.405 	 0.714 
1.406 	 0.714 
1.407 	 0.714 
1.408 	 0.714 
1.409 	 0.714 
1.41 	 0.714 
1.411 	 0.714 
1.412 	 0.714 
1.413 	 0.714 
1.414 	 0.714 
1.415 	 0.714 
1.416 	 0.714 
1.417 	 0.714 
1.418 	 0.714 
1.419 	 0.714 
1.42 	 0.714 
1.421 	 0.714 
1.422 	 0.714 
1.423 	 0.714 
1.424 	 0.714 
1.425 	 0.714 
1.426 	 0.714 
1.427 	 0.714 
1.428 	 0.714 
1.429 	 0.714 
1.43 	 0.714 
1.431 	 0.714 
1.432 	 0.714 
1.433 	 0.714 
1.434 	 0.714 
1.435 	 0.714 
1.436 	 0.714 
1.437 	 0.714 
1.438 	 0.714 
1.439 	 0.714 
1.44 	 0.714 
1.441 	 0.714 
1.442 	 0.714 
1.443 	 0.714 
1.444 	 0.714 
1.445 	 0.714 
1.446 	 0.714 
1.447 	 0.714 
1.448 	 0.714 
1.449 	 0.714 
1.45 	 0.714 
1.451 	 0.714 
1.452 	 0.714 
1.453 	 0.714 
1.454 	 0.714 
1.455 	 0.714 
1.456 	 0.714 
1.457 	 0.714 
1.458 	 0.714 
1.459 	 0.714 
1.46 	 0.714 
1.461 	 0.714 
1.462 	 0.714 
1.463 	 0.714 
1.464 	 0.714 
1.465 	 0.714 
1.466 	 0.714 
1.467 	 0.714 
1.468 	 0.714 
1.469 	 0.714 
1.47 	 0.714 
1.471 	 0.714 
1.472 	 0.714 
1.473 	 0.714 
1.474 	 0.714 
1.475 	 0.714 
1.476 	 0.714 
1.477 	 0.714 
1.478 	 0.714 
1.479 	 0.714 
1.48 	 0.714 
1.481 	 0.714 
1.482 	 0.714 
1.483 	 0.714 
1.484 	 0.714 
1.485 	 0.714 
1.486 	 0.714 
1.487 	 0.714 
1.488 	 0.714 
1.489 	 0.714 
1.49 	 0.714 
1.491 	 0.714 
1.492 	 0.714 
1.493 	 0.714 
1.494 	 0.714 
1.495 	 0.714 
1.496 	 0.714 
1.497 	 0.714 
1.498 	 0.714 
1.499 	 0.714 
1.5 	 0.714 
