k 	 Deltak 	 epsilonk 	 check 
-3.14159 	 3.39769e-16 	 -0.3692 	 10 
-3.12588 	 0.0406273 	 -0.36883 	 10 
-3.11018 	 0.0811164 	 -0.36772 	 10 
-3.09447 	 0.121331 	 -0.365872 	 10 
-3.07876 	 0.161141 	 -0.363288 	 10 
-3.06305 	 0.200421 	 -0.359971 	 10 
-3.04734 	 0.239054 	 -0.355925 	 10 
-3.03164 	 0.276935 	 -0.351156 	 10 
-3.01593 	 0.313968 	 -0.345668 	 10 
-3.00022 	 0.35007 	 -0.33947 	 10 
-2.98451 	 0.385168 	 -0.332568 	 10 
-2.96881 	 0.419204 	 -0.324971 	 10 
-2.9531 	 0.452131 	 -0.316689 	 10 
-2.93739 	 0.483911 	 -0.307732 	 10 
-2.92168 	 0.51452 	 -0.29811 	 10 
-2.90597 	 0.543942 	 -0.287837 	 10 
-2.89027 	 0.57217 	 -0.276924 	 10 
-2.87456 	 0.599205 	 -0.265385 	 10 
-2.85885 	 0.625055 	 -0.253234 	 10 
-2.84314 	 0.649733 	 -0.240488 	 10 
-2.82743 	 0.673259 	 -0.22716 	 10 
-2.81173 	 0.695654 	 -0.21327 	 10 
-2.79602 	 0.716944 	 -0.198832 	 10 
-2.78031 	 0.737157 	 -0.183867 	 10 
-2.7646 	 0.756323 	 -0.168392 	 10 
-2.74889 	 0.774475 	 -0.152427 	 10 
-2.73319 	 0.791643 	 -0.135992 	 10 
-2.71748 	 0.80786 	 -0.119109 	 10 
-2.70177 	 0.82316 	 -0.101797 	 10 
-2.68606 	 0.837575 	 -0.0840795 	 10 
-2.67035 	 0.851138 	 -0.0659787 	 10 
-2.65465 	 0.86388 	 -0.0475177 	 10 
-2.63894 	 0.875833 	 -0.0287201 	 10 
-2.62323 	 0.887027 	 -0.0096099 	 10 
-2.60752 	 0.897494 	 0.00978835 	 10 
-2.59181 	 0.907262 	 0.0294497 	 10 
-2.57611 	 0.91636 	 0.0493486 	 10 
-2.5604 	 0.924816 	 0.0694595 	 10 
-2.54469 	 0.932657 	 0.089756 	 10 
-2.52898 	 0.93991 	 0.110212 	 10 
-2.51327 	 0.946601 	 0.1308 	 10 
-2.49757 	 0.952756 	 0.151494 	 10 
-2.48186 	 0.958398 	 0.172265 	 10 
-2.46615 	 0.963552 	 0.193087 	 10 
-2.45044 	 0.968243 	 0.213932 	 10 
-2.43473 	 0.972493 	 0.234772 	 10 
-2.41903 	 0.976325 	 0.255578 	 10 
-2.40332 	 0.979761 	 0.276323 	 10 
-2.38761 	 0.982824 	 0.296978 	 10 
-2.3719 	 0.985534 	 0.317516 	 10 
-2.35619 	 0.987914 	 0.337907 	 10 
-2.34049 	 0.989983 	 0.358124 	 10 
-2.32478 	 0.991762 	 0.378138 	 10 
-2.30907 	 0.993272 	 0.397921 	 10 
-2.29336 	 0.994531 	 0.417445 	 10 
-2.27765 	 0.995558 	 0.436683 	 10 
-2.26195 	 0.996373 	 0.455605 	 10 
-2.24624 	 0.996994 	 0.474186 	 10 
-2.23053 	 0.997439 	 0.492397 	 10 
-2.21482 	 0.997725 	 0.510211 	 10 
-2.19911 	 0.997869 	 0.527602 	 10 
-2.18341 	 0.997887 	 0.544543 	 10 
-2.1677 	 0.997797 	 0.561008 	 10 
-2.15199 	 0.997612 	 0.576971 	 10 
-2.13628 	 0.997349 	 0.592406 	 10 
-2.12058 	 0.997021 	 0.607289 	 10 
-2.10487 	 0.996643 	 0.621595 	 10 
-2.08916 	 0.996227 	 0.6353 	 10 
-2.07345 	 0.995787 	 0.64838 	 10 
-2.05774 	 0.995334 	 0.660813 	 10 
-2.04204 	 0.99488 	 0.672576 	 10 
-2.02633 	 0.994435 	 0.683646 	 10 
-2.01062 	 0.99401 	 0.694003 	 10 
-1.99491 	 0.993614 	 0.703626 	 10 
-1.9792 	 0.993256 	 0.712495 	 10 
-1.9635 	 0.992942 	 0.72059 	 10 
-1.94779 	 0.992682 	 0.727893 	 10 
-1.93208 	 0.992481 	 0.734386 	 10 
-1.91637 	 0.992345 	 0.740051 	 10 
-1.90066 	 0.992279 	 0.744872 	 10 
-1.88496 	 0.992287 	 0.748834 	 10 
-1.86925 	 0.992372 	 0.751921 	 10 
-1.85354 	 0.992537 	 0.754119 	 10 
-1.83783 	 0.992784 	 0.755415 	 10 
-1.82212 	 0.993113 	 0.755797 	 10 
-1.80642 	 0.993524 	 0.755252 	 10 
-1.79071 	 0.994017 	 0.75377 	 10 
-1.775 	 0.99459 	 0.751342 	 10 
-1.75929 	 0.995239 	 0.747958 	 10 
-1.74358 	 0.995961 	 0.74361 	 10 
-1.72788 	 0.996752 	 0.738291 	 10 
-1.71217 	 0.997605 	 0.731995 	 10 
-1.69646 	 0.998514 	 0.724716 	 10 
-1.68075 	 0.999472 	 0.716451 	 10 
-1.66504 	 1.00047 	 0.707196 	 10 
-1.64934 	 1.0015 	 0.696947 	 10 
-1.63363 	 1.00254 	 0.685705 	 10 
-1.61792 	 1.0036 	 0.673468 	 10 
-1.60221 	 1.00464 	 0.660237 	 10 
-1.5865 	 1.00567 	 0.646014 	 10 
-1.5708 	 1.00666 	 0.6308 	 10 
-1.55509 	 1.0076 	 0.614599 	 10 
-1.53938 	 1.00848 	 0.597416 	 10 
-1.52367 	 1.00926 	 0.579256 	 10 
-1.50796 	 1.00994 	 0.560124 	 10 
-1.49226 	 1.01049 	 0.540029 	 10 
-1.47655 	 1.0109 	 0.518979 	 10 
-1.46084 	 1.01113 	 0.496982 	 10 
-1.44513 	 1.01117 	 0.47405 	 10 
-1.42942 	 1.01099 	 0.450192 	 10 
-1.41372 	 1.01057 	 0.425422 	 10 
-1.39801 	 1.00988 	 0.399752 	 10 
-1.3823 	 1.00891 	 0.373195 	 10 
-1.36659 	 1.00761 	 0.345767 	 10 
-1.35088 	 1.00597 	 0.317484 	 10 
-1.33518 	 1.00396 	 0.288361 	 10 
-1.31947 	 1.00155 	 0.258417 	 10 
-1.30376 	 0.998725 	 0.227669 	 10 
-1.28805 	 0.995455 	 0.196137 	 10 
-1.27235 	 0.991718 	 0.16384 	 10 
-1.25664 	 0.98749 	 0.1308 	 10 
-1.24093 	 0.982752 	 0.0970376 	 10 
-1.22522 	 0.977485 	 0.0625753 	 10 
-1.20951 	 0.97167 	 0.0274362 	 10 
-1.19381 	 0.965295 	 -0.00835593 	 10 
-1.1781 	 0.958345 	 -0.0447767 	 10 
-1.16239 	 0.950811 	 -0.0818008 	 10 
-1.14668 	 0.942687 	 -0.119402 	 10 
-1.13097 	 0.933968 	 -0.157555 	 10 
-1.11527 	 0.924654 	 -0.196232 	 10 
-1.09956 	 0.914747 	 -0.235405 	 10 
-1.08385 	 0.904254 	 -0.275046 	 10 
-1.06814 	 0.893183 	 -0.315127 	 10 
-1.05243 	 0.881549 	 -0.355617 	 10 
-1.03673 	 0.869366 	 -0.396488 	 10 
-1.02102 	 0.856656 	 -0.437708 	 10 
-1.00531 	 0.843438 	 -0.479248 	 10 
-0.989602 	 0.82974 	 -0.521075 	 10 
-0.973894 	 0.81559 	 -0.563159 	 10 
-0.958186 	 0.801016 	 -0.605467 	 10 
-0.942478 	 0.786052 	 -0.647968 	 10 
-0.92677 	 0.770732 	 -0.690629 	 10 
-0.911062 	 0.755091 	 -0.733417 	 10 
-0.895354 	 0.739165 	 -0.776299 	 10 
-0.879646 	 0.72299 	 -0.819243 	 10 
-0.863938 	 0.706605 	 -0.862214 	 10 
-0.84823 	 0.690046 	 -0.905179 	 10 
-0.832522 	 0.67335 	 -0.948104 	 10 
-0.816814 	 0.656553 	 -0.990957 	 10 
-0.801106 	 0.639689 	 -1.0337 	 10 
-0.785398 	 0.622792 	 -1.07631 	 10 
-0.76969 	 0.605895 	 -1.11874 	 10 
-0.753982 	 0.589028 	 -1.16096 	 10 
-0.738274 	 0.572219 	 -1.20294 	 10 
-0.722566 	 0.555497 	 -1.24464 	 10 
-0.706858 	 0.538884 	 -1.28604 	 10 
-0.69115 	 0.522404 	 -1.32709 	 10 
-0.675442 	 0.506079 	 -1.36777 	 10 
-0.659734 	 0.489925 	 -1.40804 	 10 
-0.644026 	 0.473961 	 -1.44788 	 10 
-0.628319 	 0.4582 	 -1.48723 	 10 
-0.612611 	 0.442655 	 -1.52609 	 10 
-0.596903 	 0.427336 	 -1.56441 	 10 
-0.581195 	 0.412252 	 -1.60216 	 10 
-0.565487 	 0.39741 	 -1.63931 	 10 
-0.549779 	 0.382816 	 -1.67583 	 10 
-0.534071 	 0.368473 	 -1.7117 	 10 
-0.518363 	 0.354384 	 -1.74687 	 10 
-0.502655 	 0.340549 	 -1.78133 	 10 
-0.486947 	 0.32697 	 -1.81505 	 10 
-0.471239 	 0.313643 	 -1.84799 	 10 
-0.455531 	 0.300568 	 -1.88013 	 10 
-0.439823 	 0.28774 	 -1.91145 	 10 
-0.424115 	 0.275156 	 -1.94192 	 10 
-0.408407 	 0.262811 	 -1.9715 	 10 
-0.392699 	 0.250699 	 -2.00019 	 10 
-0.376991 	 0.238814 	 -2.02795 	 10 
-0.361283 	 0.227149 	 -2.05476 	 10 
-0.345575 	 0.215698 	 -2.08059 	 10 
-0.329867 	 0.204452 	 -2.10544 	 10 
-0.314159 	 0.193403 	 -2.12927 	 10 
-0.298451 	 0.182544 	 -2.15207 	 10 
-0.282743 	 0.171865 	 -2.17382 	 10 
-0.267035 	 0.161359 	 -2.1945 	 10 
-0.251327 	 0.151016 	 -2.21409 	 10 
-0.235619 	 0.140826 	 -2.23258 	 10 
-0.219911 	 0.130782 	 -2.24994 	 10 
-0.204204 	 0.120872 	 -2.26618 	 10 
-0.188496 	 0.111089 	 -2.28126 	 10 
-0.172788 	 0.101421 	 -2.29519 	 10 
-0.15708 	 0.0918611 	 -2.30794 	 10 
-0.141372 	 0.0823978 	 -2.31952 	 10 
-0.125664 	 0.073022 	 -2.3299 	 10 
-0.109956 	 0.063724 	 -2.33908 	 10 
-0.0942478 	 0.0544941 	 -2.34705 	 10 
-0.0785398 	 0.0453225 	 -2.35381 	 10 
-0.0628319 	 0.0361996 	 -2.35934 	 10 
-0.0471239 	 0.0271156 	 -2.36365 	 10 
-0.0314159 	 0.0180609 	 -2.36673 	 10 
-0.015708 	 0.00902557 	 -2.36858 	 10 
4.44089e-16 	 -2.59509e-16 	 -2.3692 	 10 
0.015708 	 -0.00902557 	 -2.36858 	 10 
0.0314159 	 -0.0180609 	 -2.36673 	 10 
0.0471239 	 -0.0271156 	 -2.36365 	 10 
0.0628319 	 -0.0361996 	 -2.35934 	 10 
0.0785398 	 -0.0453225 	 -2.35381 	 10 
0.0942478 	 -0.0544941 	 -2.34705 	 10 
0.109956 	 -0.0637241 	 -2.33908 	 10 
0.125664 	 -0.0730222 	 -2.3299 	 10 
0.141372 	 -0.0823981 	 -2.31952 	 10 
0.15708 	 -0.0918615 	 -2.30794 	 10 
0.172788 	 -0.101422 	 -2.29519 	 10 
0.188496 	 -0.111089 	 -2.28126 	 10 
0.204204 	 -0.120873 	 -2.26618 	 10 
0.219911 	 -0.130783 	 -2.24994 	 10 
0.235619 	 -0.140828 	 -2.23258 	 10 
0.251327 	 -0.151017 	 -2.21409 	 10 
0.267035 	 -0.161361 	 -2.1945 	 10 
0.282743 	 -0.171868 	 -2.17382 	 10 
0.298451 	 -0.182546 	 -2.15207 	 10 
0.314159 	 -0.193406 	 -2.12927 	 10 
0.329867 	 -0.204455 	 -2.10544 	 10 
0.345575 	 -0.215701 	 -2.08059 	 10 
0.361283 	 -0.227153 	 -2.05476 	 10 
0.376991 	 -0.238818 	 -2.02795 	 10 
0.392699 	 -0.250704 	 -2.00019 	 10 
0.408407 	 -0.262816 	 -1.9715 	 10 
0.424115 	 -0.275162 	 -1.94192 	 10 
0.439823 	 -0.287746 	 -1.91145 	 10 
0.455531 	 -0.300574 	 -1.88013 	 10 
0.471239 	 -0.31365 	 -1.84799 	 10 
0.486947 	 -0.326977 	 -1.81505 	 10 
0.502655 	 -0.340557 	 -1.78133 	 10 
0.518363 	 -0.354392 	 -1.74687 	 10 
0.534071 	 -0.368482 	 -1.7117 	 10 
0.549779 	 -0.382825 	 -1.67583 	 10 
0.565487 	 -0.39742 	 -1.63931 	 10 
0.581195 	 -0.412262 	 -1.60216 	 10 
0.596903 	 -0.427346 	 -1.56441 	 10 
0.612611 	 -0.442666 	 -1.52609 	 10 
0.628319 	 -0.458212 	 -1.48723 	 10 
0.644026 	 -0.473973 	 -1.44788 	 10 
0.659734 	 -0.489938 	 -1.40804 	 10 
0.675442 	 -0.506092 	 -1.36777 	 10 
0.69115 	 -0.522418 	 -1.32709 	 10 
0.706858 	 -0.538898 	 -1.28604 	 10 
0.722566 	 -0.555511 	 -1.24464 	 10 
0.738274 	 -0.572235 	 -1.20294 	 10 
0.753982 	 -0.589044 	 -1.16096 	 10 
0.76969 	 -0.605911 	 -1.11874 	 10 
0.785398 	 -0.622809 	 -1.07631 	 10 
0.801106 	 -0.639706 	 -1.0337 	 10 
0.816814 	 -0.65657 	 -0.990957 	 10 
0.832522 	 -0.673368 	 -0.948104 	 10 
0.84823 	 -0.690064 	 -0.905179 	 10 
0.863938 	 -0.706623 	 -0.862214 	 10 
0.879646 	 -0.723008 	 -0.819243 	 10 
0.895354 	 -0.739183 	 -0.776299 	 10 
0.911062 	 -0.755109 	 -0.733417 	 10 
0.92677 	 -0.77075 	 -0.690629 	 10 
0.942478 	 -0.78607 	 -0.647968 	 10 
0.958186 	 -0.801034 	 -0.605467 	 10 
0.973894 	 -0.815607 	 -0.563159 	 10 
0.989602 	 -0.829757 	 -0.521075 	 10 
1.00531 	 -0.843455 	 -0.479248 	 10 
1.02102 	 -0.856672 	 -0.437708 	 10 
1.03673 	 -0.869382 	 -0.396488 	 10 
1.05243 	 -0.881564 	 -0.355617 	 10 
1.06814 	 -0.893198 	 -0.315127 	 10 
1.08385 	 -0.904268 	 -0.275046 	 10 
1.09956 	 -0.91476 	 -0.235405 	 10 
1.11527 	 -0.924666 	 -0.196232 	 10 
1.13097 	 -0.93398 	 -0.157555 	 10 
1.14668 	 -0.942698 	 -0.119402 	 10 
1.16239 	 -0.950822 	 -0.0818008 	 10 
1.1781 	 -0.958355 	 -0.0447767 	 10 
1.19381 	 -0.965305 	 -0.00835593 	 10 
1.20951 	 -0.97168 	 0.0274362 	 10 
1.22522 	 -0.977494 	 0.0625753 	 10 
1.24093 	 -0.982761 	 0.0970376 	 10 
1.25664 	 -0.987498 	 0.1308 	 10 
1.27235 	 -0.991726 	 0.16384 	 10 
1.28805 	 -0.995463 	 0.196137 	 10 
1.30376 	 -0.998732 	 0.227669 	 10 
1.31947 	 -1.00156 	 0.258417 	 10 
1.33518 	 -1.00396 	 0.288361 	 10 
1.35088 	 -1.00597 	 0.317484 	 10 
1.36659 	 -1.00761 	 0.345767 	 10 
1.3823 	 -1.00891 	 0.373195 	 10 
1.39801 	 -1.00989 	 0.399752 	 10 
1.41372 	 -1.01058 	 0.425422 	 10 
1.42942 	 -1.011 	 0.450192 	 10 
1.44513 	 -1.01117 	 0.47405 	 10 
1.46084 	 -1.01113 	 0.496982 	 10 
1.47655 	 -1.0109 	 0.518979 	 10 
1.49226 	 -1.0105 	 0.540029 	 10 
1.50796 	 -1.00995 	 0.560124 	 10 
1.52367 	 -1.00927 	 0.579256 	 10 
1.53938 	 -1.00848 	 0.597416 	 10 
1.55509 	 -1.00761 	 0.614599 	 10 
1.5708 	 -1.00667 	 0.6308 	 10 
1.5865 	 -1.00568 	 0.646014 	 10 
1.60221 	 -1.00465 	 0.660237 	 10 
1.61792 	 -1.0036 	 0.673468 	 10 
1.63363 	 -1.00255 	 0.685705 	 10 
1.64934 	 -1.0015 	 0.696947 	 10 
1.66504 	 -1.00047 	 0.707196 	 10 
1.68075 	 -0.999476 	 0.716451 	 10 
1.69646 	 -0.998519 	 0.724716 	 10 
1.71217 	 -0.997609 	 0.731995 	 10 
1.72788 	 -0.996756 	 0.738291 	 10 
1.74358 	 -0.995965 	 0.74361 	 10 
1.75929 	 -0.995243 	 0.747958 	 10 
1.775 	 -0.994594 	 0.751342 	 10 
1.79071 	 -0.994021 	 0.75377 	 10 
1.80642 	 -0.993528 	 0.755252 	 10 
1.82212 	 -0.993117 	 0.755797 	 10 
1.83783 	 -0.992788 	 0.755415 	 10 
1.85354 	 -0.992541 	 0.754119 	 10 
1.86925 	 -0.992376 	 0.751921 	 10 
1.88496 	 -0.992291 	 0.748834 	 10 
1.90066 	 -0.992283 	 0.744872 	 10 
1.91637 	 -0.992349 	 0.740051 	 10 
1.93208 	 -0.992485 	 0.734386 	 10 
1.94779 	 -0.992686 	 0.727893 	 10 
1.9635 	 -0.992946 	 0.72059 	 10 
1.9792 	 -0.993259 	 0.712495 	 10 
1.99491 	 -0.993618 	 0.703626 	 10 
2.01062 	 -0.994014 	 0.694003 	 10 
2.02633 	 -0.994439 	 0.683646 	 10 
2.04204 	 -0.994884 	 0.672576 	 10 
2.05774 	 -0.995338 	 0.660813 	 10 
2.07345 	 -0.995791 	 0.64838 	 10 
2.08916 	 -0.996231 	 0.6353 	 10 
2.10487 	 -0.996646 	 0.621595 	 10 
2.12058 	 -0.997025 	 0.607289 	 10 
2.13628 	 -0.997352 	 0.592406 	 10 
2.15199 	 -0.997615 	 0.576971 	 10 
2.1677 	 -0.9978 	 0.561008 	 10 
2.18341 	 -0.99789 	 0.544543 	 10 
2.19911 	 -0.997872 	 0.527602 	 10 
2.21482 	 -0.997727 	 0.510211 	 10 
2.23053 	 -0.997442 	 0.492397 	 10 
2.24624 	 -0.996997 	 0.474186 	 10 
2.26195 	 -0.996376 	 0.455605 	 10 
2.27765 	 -0.995561 	 0.436683 	 10 
2.29336 	 -0.994533 	 0.417445 	 10 
2.30907 	 -0.993274 	 0.397921 	 10 
2.32478 	 -0.991765 	 0.378138 	 10 
2.34049 	 -0.989985 	 0.358124 	 10 
2.35619 	 -0.987916 	 0.337907 	 10 
2.3719 	 -0.985536 	 0.317516 	 10 
2.38761 	 -0.982826 	 0.296978 	 10 
2.40332 	 -0.979763 	 0.276323 	 10 
2.41903 	 -0.976327 	 0.255578 	 10 
2.43473 	 -0.972495 	 0.234772 	 10 
2.45044 	 -0.968245 	 0.213932 	 10 
2.46615 	 -0.963554 	 0.193087 	 10 
2.48186 	 -0.9584 	 0.172265 	 10 
2.49757 	 -0.952757 	 0.151494 	 10 
2.51327 	 -0.946603 	 0.1308 	 10 
2.52898 	 -0.939912 	 0.110212 	 10 
2.54469 	 -0.932659 	 0.089756 	 10 
2.5604 	 -0.924817 	 0.0694595 	 10 
2.57611 	 -0.916361 	 0.0493486 	 10 
2.59181 	 -0.907263 	 0.0294497 	 10 
2.60752 	 -0.897495 	 0.00978835 	 10 
2.62323 	 -0.887029 	 -0.0096099 	 10 
2.63894 	 -0.875834 	 -0.0287201 	 10 
2.65465 	 -0.863881 	 -0.0475177 	 10 
2.67035 	 -0.851139 	 -0.0659787 	 10 
2.68606 	 -0.837576 	 -0.0840795 	 10 
2.70177 	 -0.823161 	 -0.101797 	 10 
2.71748 	 -0.807861 	 -0.119109 	 10 
2.73319 	 -0.791643 	 -0.135992 	 10 
2.74889 	 -0.774475 	 -0.152427 	 10 
2.7646 	 -0.756324 	 -0.168392 	 10 
2.78031 	 -0.737158 	 -0.183867 	 10 
2.79602 	 -0.716944 	 -0.198832 	 10 
2.81173 	 -0.695654 	 -0.21327 	 10 
2.82743 	 -0.673259 	 -0.22716 	 10 
2.84314 	 -0.649734 	 -0.240488 	 10 
2.85885 	 -0.625056 	 -0.253234 	 10 
2.87456 	 -0.599206 	 -0.265385 	 10 
2.89027 	 -0.57217 	 -0.276924 	 10 
2.90597 	 -0.543942 	 -0.287837 	 10 
2.92168 	 -0.51452 	 -0.29811 	 10 
2.93739 	 -0.483911 	 -0.307732 	 10 
2.9531 	 -0.452131 	 -0.316689 	 10 
2.96881 	 -0.419205 	 -0.324971 	 10 
2.98451 	 -0.385169 	 -0.332568 	 10 
3.00022 	 -0.35007 	 -0.33947 	 10 
3.01593 	 -0.313969 	 -0.345668 	 10 
3.03164 	 -0.276935 	 -0.351156 	 10 
3.04734 	 -0.239055 	 -0.355925 	 10 
3.06305 	 -0.200421 	 -0.359971 	 10 
3.07876 	 -0.161141 	 -0.363288 	 10 
3.09447 	 -0.121332 	 -0.365872 	 10 
3.11018 	 -0.0811164 	 -0.36772 	 10 
3.12588 	 -0.0406273 	 -0.36883 	 10 
