fill 	 mu 	 CS1 	 Deltamax 
0.5 	 0 	 -1 	 0.709555 
0.496 	 -0.012 	 -1 	 0.709483 
0.492 	 -0.0251301 	 -1 	 0.709484 
0.488 	 -0.0376902 	 -1 	 0.709467 
0.484 	 -0.047 	 -1 	 0.709417 
0.48 	 -0.059 	 -1 	 0.709539 
0.476 	 -0.071 	 -1 	 0.70947 
0.472 	 -0.0878512 	 -1 	 0.70948 
0.468 	 -0.100362 	 -1 	 0.709448 
0.464 	 -0.106 	 -1 	 0.709268 
0.46 	 -0.118 	 -1 	 0.709395 
0.456 	 -0.13 	 -1 	 0.709353 
0.452 	 -0.150226 	 -1 	 0.709374 
0.448 	 -0.153 	 -1 	 0.708745 
0.444 	 -0.165 	 -1 	 0.709004 
0.44 	 -0.177 	 -1 	 0.709139 
0.436 	 -0.188 	 -1 	 0.709084 
0.432 	 -0.212007 	 -1 	 0.709136 
0.428 	 -0.212 	 -1 	 0.708495 
0.424 	 -0.224 	 -1 	 0.708555 
0.42 	 -0.235 	 -1 	 0.708674 
0.416 	 -0.247 	 -1 	 0.708639 
0.412 	 -0.272952 	 -1 	 0.708658 
0.408 	 -0.27 	 -1 	 0.708041 
0.404 	 -0.282 	 -1 	 0.70782 
0.4 	 -0.294 	 -1 	 0.707944 
0.396 	 -0.305 	 -1 	 0.707882 
0.392 	 -0.33282 	 -1 	 0.70787 
0.388 	 -0.329 	 -1 	 0.707245 
0.384 	 -0.34 	 -1 	 0.706711 
0.38 	 -0.352 	 -1 	 0.706804 
0.376 	 -0.363 	 -1 	 0.70671 
0.372 	 -0.375 	 -1 	 0.706441 
0.368 	 -0.386 	 -1 	 0.706012 
0.364 	 -0.398 	 -1 	 0.70538 
0.36 	 -0.409 	 -1 	 0.705124 
0.356 	 -0.421 	 -1 	 0.704984 
0.352 	 -0.432 	 -1 	 0.704671 
0.348 	 -0.444 	 -1 	 0.704162 
0.344 	 -0.455 	 -1 	 0.703509 
0.34 	 -0.467 	 -1 	 0.702746 
0.336 	 -0.492727 	 -1 	 0.702807 
0.332 	 -0.489 	 -1 	 0.702145 
0.328 	 -0.501 	 -1 	 0.701555 
0.324 	 -0.51 	 -1 	 0.700694 
0.32 	 -0.522 	 -1 	 0.699776 
0.316 	 -0.535 	 -1 	 0.699135 
0.312 	 -0.546 	 -1 	 0.698651 
0.308 	 -0.557 	 -1 	 0.698005 
0.304 	 -0.568 	 -1 	 0.697064 
0.3 	 -0.579 	 -1 	 0.696081 
0.296 	 -0.591 	 -1 	 0.69487 
0.292 	 -0.602 	 -1 	 0.693967 
0.288 	 -0.614 	 -1 	 0.693162 
0.284 	 -0.625 	 -1 	 0.692182 
0.28 	 -0.636 	 -1 	 0.691057 
0.276 	 -0.647 	 -1 	 0.689729 
0.272 	 -0.658 	 -1 	 0.688254 
0.268 	 -0.669 	 -1 	 0.686822 
0.264 	 -0.68 	 -1 	 0.685705 
0.26 	 -0.691 	 -1 	 0.684417 
0.256 	 -0.702 	 -1 	 0.682949 
0.252 	 -0.713 	 -1 	 0.681299 
0.248 	 -0.724 	 -1 	 0.679459 
0.244 	 -0.735 	 -1 	 0.677445 
0.24 	 -0.746 	 -1 	 0.675763 
0.236 	 -0.757 	 -1 	 0.674057 
0.232 	 -0.767 	 -1 	 0.672352 
0.228 	 -0.778 	 -1 	 0.670314 
0.224 	 -0.789 	 -1 	 0.668079 
0.22 	 -0.799 	 -1 	 0.665875 
0.216 	 -0.81 	 -1 	 0.663279 
0.212 	 -0.82 	 -1 	 0.660801 
0.208 	 -0.831 	 -1 	 0.658702 
0.204 	 -0.841 	 -1 	 0.656389 
0.2 	 -0.852 	 -1 	 0.653713 
0.196 	 -0.862 	 -1 	 0.651149 
0.192 	 -0.872 	 -1 	 0.64835 
0.188 	 -0.882 	 -1 	 0.645387 
0.184 	 -0.892 	 -1 	 0.642147 
0.18 	 -0.902 	 -1 	 0.638831 
0.176 	 -0.912 	 -1 	 0.6359 
0.172 	 -0.922 	 -1 	 0.632775 
0.168 	 -0.931 	 -1 	 0.629772 
0.164 	 -0.941 	 -1 	 0.626284 
0.16 	 -0.95 	 -1 	 0.622927 
0.156 	 -0.96 	 -1 	 0.61919 
0.152 	 -0.969 	 -1 	 0.615492 
0.148 	 -0.978 	 -1 	 0.611421 
0.144 	 -0.988 	 -1 	 0.607123 
0.14 	 -0.997 	 -1 	 0.602608 
0.136 	 -1 	 0 	 0.601121 
0.132 	 -1 	 0 	 0.601115 
0.128 	 -1.001 	 0 	 0.600581 
0.124 	 -1.011 	 0 	 0.595939 
0.12 	 -1.02 	 0 	 0.591585 
0.116 	 -1.029 	 0 	 0.586991 
0.112 	 -1.039 	 0 	 0.581656 
0.108 	 -1.048 	 0 	 0.576615 
0.104 	 -1.058 	 0 	 0.57076 
0.1 	 -1.068 	 0 	 0.5646 
0.096 	 -1.078 	 0 	 0.558157 
0.092 	 -1.088 	 0 	 0.551438 
0.088 	 -1.098 	 0 	 0.544386 
0.084 	 -1.109 	 0 	 0.536353 
0.08 	 -1.119 	 0 	 0.528573 
0.076 	 -1.13 	 0 	 0.519697 
0.072 	 -1.141 	 0 	 0.51038 
0.068 	 -1.152 	 0 	 0.500604 
0.064 	 -1.164 	 0 	 0.490064 
0.06 	 -1.175 	 0 	 0.47929 
0.056 	 -1.187 	 0 	 0.467635 
0.052 	 -1.199 	 0 	 0.454929 
0.048 	 -1.212 	 0 	 0.441481 
0.044 	 -1.224 	 0 	 0.426223 
0.04 	 -1.237 	 0 	 0.410922 
0.036 	 -1.249 	 0 	 0.393536 
0.032 	 -1.263 	 0 	 0.374637 
0.028 	 -1.276 	 0 	 0.353843 
0.024 	 -1.289 	 0 	 0.330453 
0.02 	 -1.302 	 0 	 0.304506 
0.016 	 -1.317 	 0 	 0.275452 
0.012 	 -1.33 	 0 	 0.240316 
0.008 	 -1.345 	 0 	 0.198417 
0.004 	 -1.36 	 0 	 0.141839 


0.5 	 0 	 -1 	 0.709555 
0.504 	 0.012 	 -1 	 0.709486 
0.508 	 0.024 	 -1 	 0.70921 
0.512 	 0.035 	 -1 	 0.709146 
0.516 	 0.047 	 -1 	 0.709404 
0.52 	 0.059 	 -1 	 0.709536 
0.524 	 0.071 	 -1 	 0.709471 
0.528 	 0.083 	 -1 	 0.709225 
0.532 	 0.094 	 -1 	 0.708981 
0.536 	 0.106 	 -1 	 0.709256 
0.54 	 0.118 	 -1 	 0.709415 
0.544 	 0.13 	 -1 	 0.709352 
0.548 	 0.142 	 -1 	 0.709109 
0.552 	 0.153 	 -1 	 0.708748 
0.556 	 0.165 	 -1 	 0.709006 
0.56 	 0.177 	 -1 	 0.709142 
0.564 	 0.189 	 -1 	 0.709083 
0.568 	 0.2 	 -1 	 0.708894 
0.572 	 0.212 	 -1 	 0.708497 
0.576 	 0.224 	 -1 	 0.708555 
0.58 	 0.235 	 -1 	 0.708693 
0.584 	 0.247 	 -1 	 0.708641 
0.588 	 0.259 	 -1 	 0.708417 
0.592 	 0.27 	 -1 	 0.708002 
0.596 	 0.282 	 -1 	 0.70779 
0.6 	 0.294 	 -1 	 0.707941 
0.604 	 0.305 	 -1 	 0.707887 
0.608 	 0.317 	 -1 	 0.707648 
0.612 	 0.329 	 -1 	 0.707216 
0.616 	 0.34 	 -1 	 0.706716 
0.62 	 0.352 	 -1 	 0.706803 
0.624 	 0.363 	 -1 	 0.706715 
0.628 	 0.375 	 -1 	 0.70644 
0.632 	 0.386 	 -1 	 0.706018 
0.636 	 0.398 	 -1 	 0.705379 
0.64 	 0.409 	 -1 	 0.705129 
0.644 	 0.421 	 -1 	 0.704982 
0.648 	 0.432 	 -1 	 0.704676 
0.652 	 0.444 	 -1 	 0.70416 
0.656 	 0.455 	 -1 	 0.703513 
0.66 	 0.467 	 -1 	 0.702743 
0.664 	 0.478 	 -1 	 0.70253 
0.668 	 0.489 	 -1 	 0.702153 
0.672 	 0.501 	 -1 	 0.701555 
0.676 	 0.512 	 -1 	 0.700832 
0.68 	 0.523 	 -1 	 0.699858 
0.684 	 0.535 	 -1 	 0.699164 
0.688 	 0.546 	 -1 	 0.698654 
0.692 	 0.557 	 -1 	 0.698006 
0.696 	 0.569 	 -1 	 0.697109 
0.7 	 0.58 	 -1 	 0.696107 
0.704 	 0.591 	 -1 	 0.694934 
0.708 	 0.602 	 -1 	 0.693977 
0.712 	 0.614 	 -1 	 0.693197 
0.716 	 0.625 	 -1 	 0.692186 
0.72 	 0.636 	 -1 	 0.691045 
0.724 	 0.647 	 -1 	 0.689733 
0.728 	 0.658 	 -1 	 0.688233 
0.732 	 0.669 	 -1 	 0.686838 
0.736 	 0.68 	 -1 	 0.685703 
0.74 	 0.691 	 -1 	 0.684412 
0.744 	 0.702 	 -1 	 0.682941 
0.748 	 0.713 	 -1 	 0.681289 
0.752 	 0.724 	 -1 	 0.67945 
0.756 	 0.735 	 -1 	 0.677432 
0.76 	 0.746 	 -1 	 0.67575 
0.764 	 0.757 	 -1 	 0.67407 
0.768 	 0.767 	 -1 	 0.672349 
0.772 	 0.778 	 -1 	 0.670308 
0.776 	 0.789 	 -1 	 0.66807 
0.78 	 0.799 	 -1 	 0.66586 
0.784 	 0.81 	 -1 	 0.663259 
0.788 	 0.82 	 -1 	 0.660778 
0.792 	 0.831 	 -1 	 0.658725 
0.796 	 0.841 	 -1 	 0.656391 
0.8 	 0.852 	 -1 	 0.653723 
0.804 	 0.862 	 -1 	 0.651091 
0.808 	 0.872 	 -1 	 0.648289 
0.812 	 0.882 	 -1 	 0.645314 
0.816 	 0.892 	 -1 	 0.642159 
0.82 	 0.902 	 -1 	 0.638843 
0.824 	 0.912 	 -1 	 0.635971 
0.828 	 0.922 	 -1 	 0.632857 
0.832 	 0.931 	 -1 	 0.629772 
0.836 	 0.941 	 -1 	 0.62638 
0.84 	 0.95 	 -1 	 0.622926 
0.844 	 0.96 	 -1 	 0.619165 
0.848 	 0.969 	 -1 	 0.615318 
0.852 	 0.978 	 -1 	 0.611417 
0.856 	 0.987 	 -1 	 0.606871 
0.86 	 0.997 	 -1 	 0.602596 
0.864 	 1 	 0 	 0.60111 
0.868 	 1 	 0 	 0.601109 
0.872 	 1.001 	 0 	 0.600588 
0.876 	 1.011 	 0 	 0.595926 
0.88 	 1.02 	 0 	 0.591561 
0.884 	 1.029 	 0 	 0.58697 
0.888 	 1.039 	 0 	 0.58167 
0.892 	 1.048 	 0 	 0.576591 
0.896 	 1.058 	 0 	 0.570752 
0.9 	 1.068 	 0 	 0.564592 
0.904 	 1.078 	 0 	 0.558165 
0.908 	 1.088 	 0 	 0.551423 
0.912 	 1.098 	 0 	 0.544376 
0.916 	 1.109 	 0 	 0.536319 
0.92 	 1.119 	 0 	 0.528543 
0.924 	 1.13 	 0 	 0.519696 
0.928 	 1.141 	 0 	 0.510405 
0.932 	 1.152 	 0 	 0.500594 
0.936 	 1.164 	 0 	 0.489904 
0.94 	 1.175 	 0 	 0.478716 
0.944 	 1.187 	 0 	 0.467585 
0.948 	 1.199 	 0 	 0.454951 
0.952 	 1.212 	 0 	 0.441495 
0.956 	 1.224 	 0 	 0.426232 
0.96 	 1.237 	 0 	 0.410937 
0.964 	 1.249 	 0 	 0.393538 
0.968 	 1.262 	 0 	 0.373836 
0.972 	 1.276 	 0 	 0.353848 
0.976 	 1.289 	 0 	 0.330438 
0.98 	 1.302 	 0 	 0.304308 
0.984 	 1.316 	 0 	 0.274947 
0.988 	 1.331 	 0 	 0.2409 
0.992 	 1.345 	 0 	 0.198433 
0.996 	 1.36 	 0 	 0.141626 
