d 	 Delta11kF 	 Delta12kF 	 E0 	 mu 	 check 

 
0.759 	 0.17087 	 0.157082 	 -1.3749 	 1.01408 	 0.734002 	 87 
0.75895 	 0.170881 	 0.157097 	 -1.3749 	 1.01408 	 0.734008 	 0 
0.7589 	 0.170826 	 0.157225 	 -1.37491 	 1.01408 	 0.733637 	 5 
0.75885 	 0.170576 	 0.157521 	 -1.37515 	 1.0142 	 0.732523 	 11 
0.7588 	 0.170207 	 0.157938 	 -1.37539 	 1.01432 	 0.73091 	 17 
0.75875 	 0.169904 	 0.158288 	 -1.37552 	 1.01438 	 0.729565 	 15 
0.7587 	 0.169669 	 0.158567 	 -1.37576 	 1.0145 	 0.728512 	 10 
0.75865 	 0.169301 	 0.158976 	 -1.376 	 1.01462 	 0.726909 	 16 
0.7586 	 0.168935 	 0.159382 	 -1.37625 	 1.01474 	 0.725311 	 18 
0.75855 	 0.16875 	 0.159611 	 -1.37637 	 1.0148 	 0.724458 	 8 
0.7585 	 0.168403 	 0.159996 	 -1.37662 	 1.01492 	 0.722939 	 14 
0.75845 	 0.168027 	 0.160408 	 -1.37686 	 1.01504 	 0.721301 	 17 
0.7584 	 0.167736 	 0.160739 	 -1.37698 	 1.0151 	 0.720002 	 14 
0.75835 	 0.167472 	 0.161038 	 -1.37723 	 1.01522 	 0.718833 	 11 
0.7583 	 0.167119 	 0.161423 	 -1.37747 	 1.01534 	 0.71729 	 15 
0.75825 	 0.166756 	 0.161822 	 -1.37759 	 1.0154 	 0.71569 	 17 
0.7582 	 0.166524 	 0.162084 	 -1.37784 	 1.01552 	 0.714659 	 10 
0.75815 	 0.166182 	 0.162457 	 -1.37808 	 1.01564 	 0.713157 	 14 
0.7581 	 0.165807 	 0.162856 	 -1.37833 	 1.01576 	 0.711525 	 17 
0.75805 	 0.165543 	 0.163152 	 -1.37845 	 1.01582 	 0.710344 	 12 
0.758 	 0.165265 	 0.163459 	 -1.37869 	 1.01594 	 0.709112 	 11 
0.75795 	 0.164882 	 0.163863 	 -1.37894 	 1.01606 	 0.707446 	 16 
0.7579 	 0.164514 	 0.164257 	 -1.37906 	 1.01612 	 0.705823 	 17 
0.75785 	 0.164284 	 0.164511 	 -1.37931 	 1.01624 	 0.704801 	 10 
0.7578 	 0.163955 	 0.164861 	 -1.37955 	 1.01636 	 0.703356 	 13 
0.75775 	 0.163563 	 0.165267 	 -1.37979 	 1.01648 	 0.701651 	 17 
0.7577 	 0.163242 	 0.16561 	 -1.37992 	 1.01654 	 0.70023 	 15 
0.75765 	 0.162998 	 0.165877 	 -1.38016 	 1.01666 	 0.699143 	 10 
0.7576 	 0.162628 	 0.166259 	 -1.38041 	 1.01678 	 0.69753 	 15 
0.75755 	 0.162235 	 0.16666 	 -1.38065 	 1.0169 	 0.69582 	 18 
0.7575 	 0.161975 	 0.166941 	 -1.38077 	 1.01696 	 0.694656 	 12 
0.75745 	 0.161676 	 0.167255 	 -1.38102 	 1.01708 	 0.69334 	 12 
0.7574 	 0.16128 	 0.167655 	 -1.38126 	 1.0172 	 0.691615 	 17 
0.75735 	 0.160904 	 0.168034 	 -1.38151 	 1.01732 	 0.689982 	 18 
0.7573 	 0.160663 	 0.168294 	 -1.38163 	 1.01738 	 0.688898 	 11 
0.75725 	 0.160324 	 0.168641 	 -1.38188 	 1.0175 	 0.687409 	 14 
0.7572 	 0.159943 	 0.169021 	 -1.38212 	 1.01762 	 0.685751 	 17 
0.75715 	 0.159607 	 0.169364 	 -1.38224 	 1.01768 	 0.684267 	 16 
0.7571 	 0.159326 	 0.169651 	 -1.38249 	 1.0178 	 0.683033 	 12 
0.75705 	 0.15897 	 0.170008 	 -1.38273 	 1.01792 	 0.681473 	 15 
0.757 	 0.158579 	 0.17039 	 -1.38298 	 1.01804 	 0.679776 	 18 
0.75695 	 0.158282 	 0.170694 	 -1.3831 	 1.0181 	 0.678454 	 14 
0.7569 	 0.157988 	 0.170992 	 -1.38335 	 1.01822 	 0.677158 	 12 
0.75685 	 0.157594 	 0.171374 	 -1.38359 	 1.01834 	 0.675445 	 17 
0.7568 	 0.157202 	 0.171752 	 -1.38383 	 1.01846 	 0.673745 	 19 
0.75675 	 0.156947 	 0.172015 	 -1.38396 	 1.01852 	 0.6726 	 12 
0.7567 	 0.156609 	 0.172347 	 -1.3842 	 1.01864 	 0.671118 	 14 
0.75665 	 0.156209 	 0.172728 	 -1.38445 	 1.01876 	 0.669384 	 18 
0.7566 	 0.155859 	 0.17307 	 -1.38457 	 1.01882 	 0.66784 	 17 
0.75655 	 0.155585 	 0.17334 	 -1.38482 	 1.01894 	 0.666635 	 12 
0.7565 	 0.155227 	 0.173685 	 -1.38506 	 1.01906 	 0.665068 	 15 
0.75645 	 0.154815 	 0.17407 	 -1.3853 	 1.01918 	 0.663283 	 19 
0.7564 	 0.154501 	 0.174377 	 -1.38543 	 1.01924 	 0.661891 	 15 
0.75635 	 0.154212 	 0.174659 	 -1.38567 	 1.01936 	 0.660617 	 12 
0.7563 	 0.153814 	 0.175029 	 -1.38592 	 1.01948 	 0.658887 	 17 
0.75625 	 0.1534 	 0.17541 	 -1.38616 	 1.0196 	 0.657095 	 20 
0.7562 	 0.153127 	 0.175678 	 -1.38629 	 1.01966 	 0.655877 	 13 
0.75615 	 0.152808 	 0.175982 	 -1.38653 	 1.01978 	 0.654475 	 13 
0.7561 	 0.152394 	 0.176359 	 -1.38678 	 1.0199 	 0.652681 	 18 
0.75605 	 0.151987 	 0.176728 	 -1.38702 	 1.02002 	 0.650918 	 20 
0.756 	 0.151715 	 0.176993 	 -1.38714 	 1.02008 	 0.649702 	 13 
0.75595 	 0.151362 	 0.17732 	 -1.38739 	 1.0202 	 0.648158 	 15 
0.7559 	 0.150962 	 0.177679 	 -1.38763 	 1.02032 	 0.646425 	 18 
0.75585 	 0.150578 	 0.178031 	 -1.38776 	 1.02038 	 0.644738 	 19 
0.7558 	 0.150294 	 0.178295 	 -1.388 	 1.0205 	 0.643493 	 13 
0.75575 	 0.149921 	 0.178633 	 -1.38825 	 1.02062 	 0.641864 	 16 
0.7557 	 0.149498 	 0.179006 	 -1.38849 	 1.02074 	 0.640032 	 20 
0.75565 	 0.149156 	 0.179319 	 -1.38862 	 1.0208 	 0.638528 	 17 
0.7556 	 0.148843 	 0.179603 	 -1.38886 	 1.02092 	 0.637156 	 14 
0.75555 	 0.148453 	 0.179948 	 -1.38911 	 1.02104 	 0.635459 	 17 
0.7555 	 0.148042 	 0.180306 	 -1.38935 	 1.02116 	 0.633679 	 20 
0.75545 	 0.147716 	 0.180602 	 -1.38948 	 1.02122 	 0.63224 	 16 
0.7554 	 0.147408 	 0.180881 	 -1.38972 	 1.02134 	 0.630883 	 13 
0.75535 	 0.146976 	 0.181251 	 -1.38997 	 1.02146 	 0.629016 	 19 
0.7553 	 0.146554 	 0.181612 	 -1.39021 	 1.02158 	 0.627191 	 21 
0.75525 	 0.146267 	 0.181874 	 -1.39034 	 1.02164 	 0.625913 	 14 
0.7552 	 0.145913 	 0.182184 	 -1.39058 	 1.02176 	 0.624367 	 15 
0.75515 	 0.145491 	 0.182541 	 -1.39083 	 1.02188 	 0.622543 	 19 
0.7551 	 0.145059 	 0.182911 	 -1.39095 	 1.02194 	 0.620653 	 22 
0.75505 	 0.144784 	 0.183153 	 -1.3912 	 1.02206 	 0.619448 	 13 
0.755 	 0.144409 	 0.183474 	 -1.39144 	 1.02218 	 0.617811 	 16 
0.75495 	 0.143978 	 0.183832 	 -1.39169 	 1.0223 	 0.615951 	 20 
0.7549 	 0.143564 	 0.184182 	 -1.39181 	 1.02236 	 0.61414 	 21 
0.75485 	 0.143286 	 0.184424 	 -1.39206 	 1.02248 	 0.612918 	 13 
0.7548 	 0.142888 	 0.184757 	 -1.3923 	 1.0226 	 0.611189 	 17 
0.75475 	 0.142444 	 0.185119 	 -1.39255 	 1.02272 	 0.60927 	 21 
0.7547 	 0.142054 	 0.185447 	 -1.39267 	 1.02278 	 0.607561 	 20 
0.75465 	 0.141751 	 0.185704 	 -1.39292 	 1.0229 	 0.606234 	 14 
0.7546 	 0.141341 	 0.18604 	 -1.39316 	 1.02302 	 0.604456 	 18 
0.75455 	 0.140891 	 0.186401 	 -1.39341 	 1.02314 	 0.602511 	 22 
0.7545 	 0.140523 	 0.186707 	 -1.39353 	 1.0232 	 0.600899 	 19 
0.75445 	 0.140197 	 0.186977 	 -1.39378 	 1.02332 	 0.599473 	 15 
0.7544 	 0.139776 	 0.187316 	 -1.39402 	 1.02344 	 0.597647 	 19 
0.75435 	 0.139334 	 0.187665 	 -1.39427 	 1.02356 	 0.59574 	 22 
0.7543 	 0.138971 	 0.187963 	 -1.39439 	 1.02362 	 0.594145 	 19 
0.75425 	 0.138621 	 0.188245 	 -1.39464 	 1.02374 	 0.592623 	 16 
0.7542 	 0.138207 	 0.188574 	 -1.39488 	 1.02386 	 0.590825 	 19 
0.75415 	 0.137749 	 0.188929 	 -1.39513 	 1.02398 	 0.588848 	 23 
0.7541 	 0.137399 	 0.189213 	 -1.39525 	 1.02404 	 0.587312 	 18 
0.75405 	 0.137032 	 0.189504 	 -1.3955 	 1.02416 	 0.585716 	 17 
0.754 	 0.1366 	 0.18984 	 -1.39574 	 1.02428 	 0.583842 	 20 
0.75395 	 0.136135 	 0.190193 	 -1.39599 	 1.0244 	 0.581841 	 24 
0.7539 	 0.135793 	 0.190468 	 -1.39611 	 1.02446 	 0.580334 	 18 
0.75385 	 0.13543 	 0.190751 	 -1.39636 	 1.02458 	 0.578755 	 17 
0.7538 	 0.134983 	 0.191092 	 -1.3966 	 1.0247 	 0.57682 	 21 
0.75375 	 0.134509 	 0.191446 	 -1.39685 	 1.02482 	 0.57478 	 25 
0.7537 	 0.134184 	 0.191705 	 -1.39697 	 1.02488 	 0.573348 	 17 
0.75365 	 0.133804 	 0.191998 	 -1.39722 	 1.025 	 0.571689 	 17 
0.7536 	 0.133336 	 0.192344 	 -1.39747 	 1.02512 	 0.569674 	 22 
0.75355 	 0.132855 	 0.192696 	 -1.39771 	 1.02524 	 0.567604 	 26 
0.7535 	 0.132536 	 0.192948 	 -1.39784 	 1.0253 	 0.566193 	 17 
0.75345 	 0.132158 	 0.193235 	 -1.39808 	 1.02542 	 0.564547 	 17 
0.7534 	 0.131675 	 0.193585 	 -1.39833 	 1.02554 	 0.562469 	 23 
0.75335 	 0.131184 	 0.193938 	 -1.39857 	 1.02566 	 0.560357 	 27 
0.7533 	 0.130868 	 0.194184 	 -1.3987 	 1.02572 	 0.55896 	 17 
0.75325 	 0.130468 	 0.19448 	 -1.39894 	 1.02584 	 0.557221 	 18 
0.7532 	 0.129991 	 0.19482 	 -1.39919 	 1.02596 	 0.555168 	 23 
0.75315 	 0.129498 	 0.195169 	 -1.39944 	 1.02608 	 0.553046 	 27 
0.7531 	 0.129164 	 0.195422 	 -1.39956 	 1.02614 	 0.551575 	 18 
0.75305 	 0.128768 	 0.195712 	 -1.39981 	 1.02626 	 0.549852 	 18 
0.753 	 0.128277 	 0.196054 	 -1.40005 	 1.02638 	 0.547741 	 24 
0.75295 	 0.127774 	 0.196402 	 -1.4003 	 1.0265 	 0.54558 	 28 
0.7529 	 0.127443 	 0.19665 	 -1.40042 	 1.02656 	 0.544123 	 18 
0.75285 	 0.127036 	 0.196939 	 -1.40067 	 1.02668 	 0.542358 	 19 
0.7528 	 0.126544 	 0.197279 	 -1.40091 	 1.0268 	 0.540236 	 24 
0.75275 	 0.126029 	 0.197628 	 -1.40116 	 1.02692 	 0.538025 	 29 
0.7527 	 0.125688 	 0.197878 	 -1.40129 	 1.02698 	 0.536523 	 19 
0.75265 	 0.125283 	 0.198163 	 -1.40153 	 1.0271 	 0.534768 	 19 
0.7526 	 0.124776 	 0.198504 	 -1.40178 	 1.02722 	 0.532586 	 25 
0.75255 	 0.124264 	 0.198846 	 -1.40202 	 1.02734 	 0.530387 	 29 
0.7525 	 0.12391 	 0.199099 	 -1.40215 	 1.0274 	 0.528833 	 20 
0.75245 	 0.123483 	 0.199388 	 -1.40239 	 1.02752 	 0.526989 	 21 
0.7524 	 0.122988 	 0.19972 	 -1.40264 	 1.02764 	 0.524852 	 25 
0.75235 	 0.122476 	 0.200055 	 -1.40289 	 1.02776 	 0.522652 	 29 
0.7523 	 0.12209 	 0.200323 	 -1.40301 	 1.02782 	 0.520964 	 22 
0.75225 	 0.121684 	 0.200594 	 -1.40326 	 1.02794 	 0.519211 	 20 
0.7522 	 0.121181 	 0.200925 	 -1.4035 	 1.02806 	 0.517039 	 25 
0.75215 	 0.120652 	 0.201264 	 -1.40375 	 1.02818 	 0.514769 	 30 
0.7521 	 0.120241 	 0.201541 	 -1.40388 	 1.02824 	 0.512976 	 24 
0.75205 	 0.119844 	 0.201803 	 -1.40412 	 1.02836 	 0.511259 	 20 
0.752 	 0.119324 	 0.202136 	 -1.40437 	 1.02848 	 0.509021 	 26 
0.75195 	 0.118797 	 0.202468 	 -1.40461 	 1.0286 	 0.506756 	 30 
0.7519 	 0.11836 	 0.202755 	 -1.40474 	 1.02866 	 0.504857 	 26 
0.75185 	 0.117966 	 0.203011 	 -1.40499 	 1.02878 	 0.503152 	 20 
0.7518 	 0.117453 	 0.203334 	 -1.40523 	 1.0289 	 0.500938 	 26 
0.75175 	 0.116903 	 0.203672 	 -1.40548 	 1.02902 	 0.498579 	 31 
0.7517 	 0.116442 	 0.203967 	 -1.4056 	 1.02908 	 0.49658 	 28 
0.75165 	 0.116063 	 0.204209 	 -1.40585 	 1.0292 	 0.494937 	 20 
0.7516 	 0.115547 	 0.204528 	 -1.4061 	 1.02932 	 0.492716 	 26 
0.75155 	 0.114992 	 0.204862 	 -1.40634 	 1.02944 	 0.490336 	 31 
0.7515 	 0.114491 	 0.205173 	 -1.40647 	 1.0295 	 0.488165 	 31 
0.75145 	 0.11412 	 0.205406 	 -1.40671 	 1.02962 	 0.486558 	 20 
0.7514 	 0.113603 	 0.20572 	 -1.40696 	 1.02974 	 0.484332 	 26 
0.75135 	 0.113031 	 0.206057 	 -1.40721 	 1.02986 	 0.481878 	 32 
0.7513 	 0.112493 	 0.206381 	 -1.40733 	 1.02992 	 0.479552 	 34 
0.75125 	 0.112125 	 0.206607 	 -1.40758 	 1.03004 	 0.477962 	 21 
0.7512 	 0.111632 	 0.206903 	 -1.40783 	 1.03016 	 0.475832 	 25 
0.75115 	 0.111051 	 0.207237 	 -1.40807 	 1.03028 	 0.473345 	 32 
0.7511 	 0.110462 	 0.207573 	 -1.40832 	 1.0304 	 0.470821 	 38 
0.75105 	 0.110087 	 0.207806 	 -1.40844 	 1.03046 	 0.469185 	 23 
0.751 	 0.109606 	 0.208087 	 -1.40869 	 1.03058 	 0.467113 	 25 
0.75095 	 0.109023 	 0.208418 	 -1.40894 	 1.0307 	 0.464609 	 32 
0.7509 	 0.108425 	 0.208751 	 -1.40918 	 1.03082 	 0.46205 	 38 
0.75085 	 0.10799 	 0.20901 	 -1.40931 	 1.03088 	 0.460159 	 28 
0.7508 	 0.107531 	 0.209273 	 -1.40956 	 1.031 	 0.458181 	 25 
0.75075 	 0.10695 	 0.209597 	 -1.4098 	 1.03112 	 0.455689 	 32 
0.7507 	 0.106345 	 0.209926 	 -1.41005 	 1.03124 	 0.453096 	 38 
0.75065 	 0.10586 	 0.210204 	 -1.41018 	 1.0313 	 0.450995 	 32 
0.7506 	 0.10543 	 0.210446 	 -1.41042 	 1.03142 	 0.449142 	 24 
0.75055 	 0.104842 	 0.210767 	 -1.41067 	 1.03154 	 0.446618 	 32 
0.7505 	 0.104225 	 0.211095 	 -1.41092 	 1.03166 	 0.443979 	 38 
0.75045 	 0.103667 	 0.211401 	 -1.41104 	 1.03172 	 0.441568 	 38 
0.7504 	 0.103264 	 0.211625 	 -1.41129 	 1.03184 	 0.439829 	 24 
0.75035 	 0.102693 	 0.211932 	 -1.41153 	 1.03196 	 0.437375 	 31 
0.7503 	 0.102058 	 0.21226 	 -1.41178 	 1.03208 	 0.434661 	 38 
0.75025 	 0.101425 	 0.212594 	 -1.41191 	 1.03214 	 0.431937 	 44 
0.7502 	 0.101013 	 0.212817 	 -1.41215 	 1.03226 	 0.43016 	 27 
0.75015 	 0.100477 	 0.213098 	 -1.4124 	 1.03238 	 0.427857 	 30 
0.7501 	 0.0998393 	 0.213422 	 -1.41265 	 1.0325 	 0.425127 	 38 
0.75005 	 0.0991947 	 0.213745 	 -1.41289 	 1.03262 	 0.422372 	 44 
0.75 	 0.0987086 	 0.214004 	 -1.41302 	 1.03268 	 0.420267 	 34 
0.74995 	 0.0982212 	 0.214255 	 -1.41327 	 1.0328 	 0.418172 	 28 
0.7499 	 0.0975718 	 0.214579 	 -1.41351 	 1.03292 	 0.415389 	 38 
0.74985 	 0.0969108 	 0.2149 	 -1.41376 	 1.03304 	 0.412565 	 44 
0.7498 	 0.0963327 	 0.215193 	 -1.41389 	 1.0331 	 0.410073 	 42 
0.74975 	 0.0958823 	 0.215421 	 -1.41413 	 1.03322 	 0.408137 	 28 
0.7497 	 0.0952459 	 0.215732 	 -1.41438 	 1.03334 	 0.405407 	 37 
0.74965 	 0.0945687 	 0.216052 	 -1.41463 	 1.03346 	 0.402514 	 44 
0.7496 	 0.0938927 	 0.216378 	 -1.41475 	 1.03352 	 0.39961 	 50 
0.74955 	 0.0934462 	 0.216598 	 -1.415 	 1.03364 	 0.397691 	 31 
0.7495 	 0.0928542 	 0.21688 	 -1.41525 	 1.03376 	 0.395153 	 35 
0.74945 	 0.0921628 	 0.217201 	 -1.4155 	 1.03388 	 0.392196 	 44 
0.7494 	 0.0914506 	 0.217524 	 -1.41574 	 1.034 	 0.389156 	 52 
0.74935 	 0.0909183 	 0.217782 	 -1.41587 	 1.03406 	 0.386858 	 40 
0.7493 	 0.0903903 	 0.218028 	 -1.41612 	 1.03418 	 0.384595 	 33 
0.74925 	 0.0896862 	 0.218347 	 -1.41636 	 1.0343 	 0.381581 	 44 
0.7492 	 0.0889587 	 0.218667 	 -1.41661 	 1.03442 	 0.378477 	 52 
0.74915 	 0.0883096 	 0.218963 	 -1.41674 	 1.03448 	 0.375686 	 51 
0.7491 	 0.0878241 	 0.219185 	 -1.41698 	 1.0346 	 0.373604 	 33 
0.74905 	 0.0871485 	 0.219485 	 -1.41723 	 1.03472 	 0.37071 	 42 
0.749 	 0.0863938 	 0.219806 	 -1.41748 	 1.03484 	 0.367491 	 52 
0.74895 	 0.0856359 	 0.220125 	 -1.41773 	 1.03496 	 0.364258 	 61 
0.7489 	 0.0851244 	 0.220359 	 -1.41785 	 1.03502 	 0.36205 	 40 
0.74885 	 0.0845084 	 0.220623 	 -1.4181 	 1.03514 	 0.359414 	 40 
0.7488 	 0.0837541 	 0.220939 	 -1.41835 	 1.03526 	 0.35619 	 51 
0.74875 	 0.0829675 	 0.221258 	 -1.41859 	 1.03538 	 0.352837 	 61 
0.7487 	 0.0823094 	 0.221538 	 -1.41872 	 1.03544 	 0.350011 	 55 
0.74865 	 0.08178 	 0.221761 	 -1.41897 	 1.03556 	 0.347743 	 37 
0.7486 	 0.0810152 	 0.222071 	 -1.41921 	 1.03568 	 0.344473 	 51 
0.74855 	 0.0802039 	 0.222389 	 -1.41946 	 1.0358 	 0.341016 	 61 
0.7485 	 0.0793978 	 0.22271 	 -1.41959 	 1.03586 	 0.337565 	 70 
0.74845 	 0.0788511 	 0.222932 	 -1.41984 	 1.03598 	 0.335225 	 45 
0.7484 	 0.0781699 	 0.223202 	 -1.42008 	 1.0361 	 0.332311 	 47 
0.74835 	 0.0773477 	 0.223513 	 -1.42033 	 1.03622 	 0.328805 	 60 
0.7483 	 0.0764903 	 0.223831 	 -1.42058 	 1.03634 	 0.325153 	 72 
0.74825 	 0.0757906 	 0.224104 	 -1.4207 	 1.0364 	 0.322152 	 63 
0.7482 	 0.0752048 	 0.224329 	 -1.42095 	 1.03652 	 0.319648 	 44 
0.74815 	 0.0743704 	 0.224637 	 -1.4212 	 1.03664 	 0.316085 	 60 
0.7481 	 0.0734832 	 0.224952 	 -1.42145 	 1.03676 	 0.312307 	 72 
0.74805 	 0.072595 	 0.225272 	 -1.42157 	 1.03682 	 0.30851 	 84 
0.748 	 0.0719975 	 0.225492 	 -1.42182 	 1.03694 	 0.305957 	 54 
0.74795 	 0.0712586 	 0.225757 	 -1.42207 	 1.03706 	 0.3028 	 55 
0.7479 	 0.0703465 	 0.226069 	 -1.42232 	 1.03718 	 0.298915 	 72 
0.74785 	 0.069404 	 0.226383 	 -1.42256 	 1.0373 	 0.294904 	 86 
0.7478 	 0.0686072 	 0.22666 	 -1.42269 	 1.03736 	 0.291494 	 79 
0.74775 	 0.0679684 	 0.226881 	 -1.42294 	 1.03748 	 0.288767 	 53 
0.7477 	 0.0670576 	 0.227182 	 -1.42319 	 1.0376 	 0.284882 	 71 
0.74765 	 0.0660695 	 0.227496 	 -1.42343 	 1.03772 	 0.280678 	 87 
0.7476 	 0.0650645 	 0.227809 	 -1.42368 	 1.03784 	 0.276402 	 104 
0.74755 	 0.0643623 	 0.228045 	 -1.42381 	 1.0379 	 0.273394 	 72 
0.7475 	 0.0635628 	 0.228297 	 -1.42406 	 1.03802 	 0.269986 	 67 
0.74745 	 0.0625473 	 0.228606 	 -1.4243 	 1.03814 	 0.26566 	 88 
0.7474 	 0.0614868 	 0.228918 	 -1.42455 	 1.03826 	 0.26115 	 106 
0.74735 	 0.0605238 	 0.229208 	 -1.42468 	 1.03832 	 0.25704 	 108 
0.7473 	 0.0597946 	 0.229428 	 -1.42493 	 1.03844 	 0.253931 	 72 
0.74725 	 0.0588021 	 0.229715 	 -1.42517 	 1.03856 	 0.249704 	 88 
0.7472 	 0.0576877 	 0.230023 	 -1.42542 	 1.03868 	 0.244964 	 109 
0.74715 	 0.0565309 	 0.230334 	 -1.42567 	 1.0388 	 0.240047 	 132 
0.7471 	 0.0556246 	 0.23059 	 -1.4258 	 1.03886 	 0.236177 	 109 
0.74705 	 0.0547839 	 0.23082 	 -1.42604 	 1.03898 	 0.232597 	 82 
0.747 	 0.0536129 	 0.231125 	 -1.42629 	 1.0391 	 0.227614 	 114 
0.74695 	 0.0523615 	 0.231436 	 -1.42654 	 1.03922 	 0.222297 	 140 
0.7469 	 0.0511038 	 0.23175 	 -1.42667 	 1.03928 	 0.216941 	 166 
0.74685 	 0.0502339 	 0.231969 	 -1.42692 	 1.0394 	 0.213239 	 111 
0.7468 	 0.0491773 	 0.232227 	 -1.42716 	 1.03952 	 0.208742 	 111 
0.74675 	 0.0478375 	 0.232533 	 -1.42741 	 1.03964 	 0.203048 	 150 
0.7467 	 0.0464332 	 0.232842 	 -1.42766 	 1.03976 	 0.197084 	 184 
0.74665 	 0.0451585 	 0.233127 	 -1.42779 	 1.03982 	 0.191657 	 189 
0.7466 	 0.0441625 	 0.233347 	 -1.42804 	 1.03994 	 0.187422 	 132 
0.74655 	 0.042811 	 0.23363 	 -1.42828 	 1.04006 	 0.181676 	 161 
0.7465 	 0.041252 	 0.233935 	 -1.42853 	 1.04018 	 0.175056 	 208 
0.74645 	 0.0396143 	 0.234243 	 -1.42878 	 1.0403 	 0.168103 	 261 
0.7464 	 0.0382662 	 0.234503 	 -1.42891 	 1.04036 	 0.162368 	 233 
0.74635 	 0.0370694 	 0.234724 	 -1.42915 	 1.04048 	 0.157282 	 170 
0.7463 	 0.0353158 	 0.235026 	 -1.4294 	 1.0406 	 0.149834 	 250 
0.74625 	 0.0333846 	 0.235332 	 -1.42965 	 1.04072 	 0.141637 	 325 
0.7462 	 0.0313329 	 0.235639 	 -1.4299 	 1.04084 	 0.13293 	 425 
0.74615 	 0.0297921 	 0.235876 	 -1.43003 	 1.0409 	 0.126381 	 334 
0.7461 	 0.0280646 	 0.23612 	 -1.43028 	 1.04102 	 0.119046 	 313 
0.74605 	 0.0256852 	 0.236418 	 -1.43052 	 1.04114 	 0.108949 	 469 
0.746 	 0.0229516 	 0.236724 	 -1.43077 	 1.04126 	 0.0973519 	 673 
0.74595 	 0.0199634 	 0.237029 	 -1.4309 	 1.04132 	 0.0846708 	 960 
0.7459 	 0.0175637 	 0.237248 	 -1.43115 	 1.04144 	 0.0744894 	 825 
0.74585 	 0.0142252 	 0.237504 	 -1.4314 	 1.04156 	 0.0603272 	 1095 
0.7458 	 0.00968261 	 0.23777 	 -1.43152 	 1.04162 	 0.0410587 	 2000 
0.74575 	 0.00589529 	 0.237942 	 -1.43165 	 1.04168 	 0.0249951 	 2000 
0.7457 	 0.00297452 	 0.238046 	 -1.43178 	 1.04174 	 0.0126094 	 2000 
0.74565 	 0.00106657 	 0.23813 	 -1.43179 	 1.04174 	 0.00452015 	 2000 
0.7456 	 0.000266869 	 0.2382 	 -1.4318 	 1.04174 	 0.0011307 	 2000 
0.74555 	 8.10462e-05 	 0.238253 	 -1.43192 	 1.0418 	 0.000343324 	 1476 
0.7455 	 8.0903e-05 	 0.238308 	 -1.43193 	 1.0418 	 0.00034265 	 1 
0.74545 	 8.06429e-05 	 0.238381 	 -1.43194 	 1.0418 	 0.000341448 	 2 
0.7454 	 8.04439e-05 	 0.238442 	 -1.43195 	 1.0418 	 0.000340529 	 1 
0.74535 	 8.02209e-05 	 0.2385 	 -1.43208 	 1.04186 	 0.000339516 	 1 
0.7453 	 7.99764e-05 	 0.238563 	 -1.43208 	 1.04186 	 0.0003384 	 1 
0.74525 	 7.95624e-05 	 0.238638 	 -1.43209 	 1.04186 	 0.000336547 	 2 
0.7452 	 7.92616e-05 	 0.238699 	 -1.4321 	 1.04186 	 0.000335199 	 1 
0.74515 	 7.89377e-05 	 0.238757 	 -1.43223 	 1.04192 	 0.000333761 	 1 
0.7451 	 7.85935e-05 	 0.238819 	 -1.43224 	 1.04192 	 0.000332226 	 1 
0.74505 	 7.80322e-05 	 0.238895 	 -1.43225 	 1.04192 	 0.000329755 	 2 
0.745 	 7.76373e-05 	 0.238947 	 -1.43237 	 1.04198 	 0.000328028 	 1 
0.74495 	 7.72246e-05 	 0.239009 	 -1.43238 	 1.04198 	 0.000326208 	 1 
0.7449 	 7.65633e-05 	 0.239084 	 -1.43239 	 1.04198 	 0.000323318 	 2 
0.74485 	 7.61007e-05 	 0.239145 	 -1.4324 	 1.04198 	 0.000321292 	 1 
0.7448 	 7.56176e-05 	 0.239203 	 -1.43253 	 1.04204 	 0.000319187 	 1 
0.74475 	 7.5117e-05 	 0.239266 	 -1.43253 	 1.04204 	 0.000316998 	 1 
0.7447 	 7.43267e-05 	 0.239341 	 -1.43254 	 1.04204 	 0.000313569 	 2 
0.74465 	 7.37803e-05 	 0.239402 	 -1.43255 	 1.04204 	 0.000311193 	 1 
0.7446 	 7.32155e-05 	 0.23946 	 -1.43268 	 1.0421 	 0.000308748 	 1 
0.74455 	 7.26349e-05 	 0.239523 	 -1.43269 	 1.0421 	 0.000306227 	 1 
0.7445 	 7.17289e-05 	 0.239599 	 -1.4327 	 1.0421 	 0.000302316 	 2 
0.74445 	 7.11078e-05 	 0.23966 	 -1.4327 	 1.0421 	 0.00029963 	 1 
0.7444 	 7.04705e-05 	 0.239718 	 -1.43283 	 1.04216 	 0.000296885 	 1 
0.74435 	 6.98197e-05 	 0.239781 	 -1.43284 	 1.04216 	 0.000294073 	 1 
0.7443 	 6.88126e-05 	 0.239856 	 -1.43285 	 1.04216 	 0.000289744 	 2 
0.74425 	 6.81292e-05 	 0.239909 	 -1.43298 	 1.04222 	 0.000286816 	 1 
0.7442 	 6.74352e-05 	 0.239971 	 -1.43299 	 1.04222 	 0.000283828 	 1 
0.74415 	 6.63674e-05 	 0.240046 	 -1.43299 	 1.04222 	 0.000279251 	 2 
0.7441 	 6.56435e-05 	 0.240107 	 -1.433 	 1.04222 	 0.000276142 	 1 
0.74405 	 6.49075e-05 	 0.240165 	 -1.43313 	 1.04228 	 0.00027299 	 1 
0.744 	 6.41621e-05 	 0.240228 	 -1.43314 	 1.04228 	 0.000269791 	 1 
0.74395 	 6.30215e-05 	 0.240304 	 -1.43315 	 1.04228 	 0.000264915 	 2 
0.7439 	 6.22521e-05 	 0.240365 	 -1.43316 	 1.04228 	 0.000261621 	 1 
0.74385 	 6.14731e-05 	 0.240423 	 -1.43328 	 1.04234 	 0.000258295 	 1 
0.7438 	 6.06872e-05 	 0.240487 	 -1.43329 	 1.04234 	 0.000254932 	 1 
0.74375 	 5.94907e-05 	 0.240562 	 -1.4333 	 1.04234 	 0.000249831 	 2 
0.7437 	 5.86888e-05 	 0.240615 	 -1.43343 	 1.0424 	 0.000246421 	 1 
0.74365 	 5.7883e-05 	 0.240677 	 -1.43344 	 1.0424 	 0.00024298 	 1 
0.7436 	 5.66605e-05 	 0.240752 	 -1.43345 	 1.0424 	 0.000237778 	 2 
0.74355 	 5.58418e-05 	 0.240814 	 -1.43345 	 1.0424 	 0.000234289 	 1 
0.7435 	 5.50179e-05 	 0.240872 	 -1.43358 	 1.04246 	 0.000230785 	 1 
0.74345 	 5.41913e-05 	 0.240935 	 -1.43359 	 1.04246 	 0.000227264 	 1 
0.7434 	 5.29422e-05 	 0.241011 	 -1.4336 	 1.04246 	 0.000221959 	 2 
0.74335 	 5.21085e-05 	 0.241073 	 -1.43361 	 1.04246 	 0.000218414 	 1 
0.7433 	 5.12722e-05 	 0.241131 	 -1.43374 	 1.04252 	 0.000214865 	 1 
0.74325 	 5.04354e-05 	 0.241194 	 -1.43374 	 1.04252 	 0.000211308 	 1 
0.7432 	 4.91757e-05 	 0.24127 	 -1.43375 	 1.04252 	 0.000205968 	 2 
0.74315 	 4.83376e-05 	 0.241332 	 -1.43376 	 1.04252 	 0.000202412 	 1 
0.7431 	 4.74992e-05 	 0.24139 	 -1.43389 	 1.04258 	 0.000198861 	 1 
0.74305 	 4.66625e-05 	 0.241453 	 -1.4339 	 1.04258 	 0.000195311 	 1 
0.743 	 4.54073e-05 	 0.241529 	 -1.43391 	 1.04258 	 0.00019 	 2 
0.74295 	 4.45761e-05 	 0.241582 	 -1.43404 	 1.04264 	 0.00018649 	 1 
0.7429 	 4.3749e-05 	 0.241644 	 -1.43404 	 1.04264 	 0.000182987 	 1 
0.74285 	 4.25112e-05 	 0.24172 	 -1.43405 	 1.04264 	 0.000177756 	 2 
0.7428 	 4.16919e-05 	 0.241781 	 -1.43406 	 1.04264 	 0.000174291 	 1 
0.74275 	 4.08759e-05 	 0.24184 	 -1.43419 	 1.0427 	 0.000170845 	 1 
0.7427 	 4.00648e-05 	 0.241903 	 -1.4342 	 1.0427 	 0.000167415 	 1 
0.74265 	 3.88545e-05 	 0.241979 	 -1.43421 	 1.0427 	 0.000162309 	 2 
0.7426 	 3.80556e-05 	 0.242041 	 -1.43421 	 1.0427 	 0.000158936 	 1 
0.74255 	 3.72617e-05 	 0.242099 	 -1.43434 	 1.04276 	 0.000155589 	 1 
0.7425 	 3.64743e-05 	 0.242163 	 -1.43435 	 1.04276 	 0.000152264 	 1 
0.74245 	 3.53027e-05 	 0.242239 	 -1.43436 	 1.04276 	 0.000147329 	 2 
0.7424 	 3.45324e-05 	 0.242292 	 -1.43449 	 1.04282 	 0.00014409 	 1 
0.74235 	 3.37703e-05 	 0.242354 	 -1.4345 	 1.04282 	 0.000140877 	 1 
0.7423 	 3.26388e-05 	 0.24243 	 -1.4345 	 1.04282 	 0.000136116 	 2 
0.74225 	 3.18952e-05 	 0.242492 	 -1.43451 	 1.04282 	 0.000132985 	 1 
0.7422 	 3.1159e-05 	 0.24255 	 -1.43464 	 1.04288 	 0.000129889 	 1 
0.74215 	 3.04314e-05 	 0.242614 	 -1.43465 	 1.04288 	 0.000126826 	 1 
0.7421 	 2.93539e-05 	 0.24269 	 -1.43466 	 1.04288 	 0.000122298 	 2 
0.74205 	 2.86474e-05 	 0.242752 	 -1.43467 	 1.04288 	 0.000119328 	 1 
0.742 	 2.79494e-05 	 0.24281 	 -1.4348 	 1.04294 	 0.000116397 	 1 
0.74195 	 2.72608e-05 	 0.242874 	 -1.4348 	 1.04294 	 0.000113502 	 1 
0.7419 	 2.62437e-05 	 0.24295 	 -1.43481 	 1.04294 	 0.000109234 	 2 
0.74185 	 2.55792e-05 	 0.243003 	 -1.43494 	 1.043 	 0.00010645 	 1 
0.7418 	 2.49252e-05 	 0.243066 	 -1.43495 	 1.043 	 0.000103704 	 1 
0.74175 	 2.39608e-05 	 0.243142 	 -1.43496 	 1.043 	 9.96623e-05 	 2 
0.7417 	 2.33312e-05 	 0.243204 	 -1.43497 	 1.043 	 9.70213e-05 	 1 
0.74165 	 2.27111e-05 	 0.243262 	 -1.43509 	 1.04306 	 9.44236e-05 	 1 
0.7416 	 2.21014e-05 	 0.243326 	 -1.4351 	 1.04306 	 9.18668e-05 	 1 
0.74155 	 2.12045e-05 	 0.243403 	 -1.43511 	 1.04306 	 8.81123e-05 	 2 
0.7415 	 2.06201e-05 	 0.243465 	 -1.43512 	 1.04306 	 8.56646e-05 	 1 
0.74145 	 2.00457e-05 	 0.243523 	 -1.43525 	 1.04312 	 8.32614e-05 	 1 
0.7414 	 1.94819e-05 	 0.243587 	 -1.43526 	 1.04312 	 8.09004e-05 	 1 
0.74135 	 1.86545e-05 	 0.243663 	 -1.43527 	 1.04312 	 7.74411e-05 	 2 
0.7413 	 1.81171e-05 	 0.243717 	 -1.43539 	 1.04318 	 7.51972e-05 	 1 
0.74125 	 1.75907e-05 	 0.243779 	 -1.4354 	 1.04318 	 7.29953e-05 	 1 
0.7412 	 1.68195e-05 	 0.243856 	 -1.43541 	 1.04318 	 6.97743e-05 	 2 
0.74115 	 1.63189e-05 	 0.243918 	 -1.43542 	 1.04318 	 6.76823e-05 	 1 
0.7411 	 1.58284e-05 	 0.243976 	 -1.43555 	 1.04324 	 6.56345e-05 	 1 
0.74105 	 1.53483e-05 	 0.24404 	 -1.43556 	 1.04324 	 6.36289e-05 	 1 
0.741 	 1.46465e-05 	 0.244117 	 -1.43557 	 1.04324 	 6.07013e-05 	 2 
0.74095 	 1.4192e-05 	 0.244179 	 -1.43557 	 1.04324 	 5.8804e-05 	 1 
0.7409 	 1.37473e-05 	 0.244238 	 -1.4357 	 1.0433 	 5.69499e-05 	 1 
0.74085 	 1.33128e-05 	 0.244302 	 -1.43571 	 1.0433 	 5.51371e-05 	 1 
0.7408 	 1.26791e-05 	 0.244378 	 -1.43572 	 1.0433 	 5.24966e-05 	 2 
0.74075 	 1.22698e-05 	 0.244431 	 -1.43585 	 1.04336 	 5.07931e-05 	 1 
0.7407 	 1.18707e-05 	 0.244494 	 -1.43586 	 1.04336 	 4.91295e-05 	 1 
0.74065 	 1.12894e-05 	 0.244571 	 -1.43587 	 1.04336 	 4.67099e-05 	 2 
0.7406 	 1.09143e-05 	 0.244633 	 -1.43587 	 1.04336 	 4.51474e-05 	 1 
0.74055 	 1.05483e-05 	 0.244692 	 -1.436 	 1.04342 	 4.36249e-05 	 1 
0.7405 	 1.01919e-05 	 0.244756 	 -1.43601 	 1.04342 	 4.21406e-05 	 1 
0.74045 	 9.67371e-06 	 0.244832 	 -1.43602 	 1.04342 	 3.99863e-05 	 2 
0.7404 	 9.33995e-06 	 0.244895 	 -1.43603 	 1.04342 	 3.8598e-05 	 1 
0.74035 	 9.01495e-06 	 0.244954 	 -1.43616 	 1.04348 	 3.72473e-05 	 1 
0.7403 	 8.69886e-06 	 0.245018 	 -1.43616 	 1.04348 	 3.59327e-05 	 1 
0.74025 	 8.24035e-06 	 0.245094 	 -1.43617 	 1.04348 	 3.40286e-05 	 2 
0.7402 	 7.94585e-06 	 0.245148 	 -1.4363 	 1.04354 	 3.28067e-05 	 1 
0.74015 	 7.65991e-06 	 0.245211 	 -1.43631 	 1.04354 	 3.16188e-05 	 1 
0.7401 	 7.24579e-06 	 0.245287 	 -1.43632 	 1.04354 	 2.99005e-05 	 2 
0.74005 	 6.97996e-06 	 0.24535 	 -1.43633 	 1.04354 	 2.8797e-05 	 1 
0.74 	 6.72182e-06 	 0.245409 	 -1.43646 	 1.0436 	 2.77264e-05 	 1 

 
0.759 	 0.17087 	 0.157082 	 -1.3749 	 1.01408 	 0.734002 	 87 
0.75905 	 0.171096 	 0.15681 	 -1.37465 	 1.01396 	 0.735014 	 10 
0.7591 	 0.171456 	 0.1564 	 -1.37441 	 1.01384 	 0.736587 	 16 
0.75915 	 0.171813 	 0.15599 	 -1.37417 	 1.01372 	 0.738148 	 18 
0.7592 	 0.171972 	 0.155782 	 -1.37404 	 1.01366 	 0.738889 	 7 
0.75925 	 0.172332 	 0.155367 	 -1.3738 	 1.01354 	 0.740463 	 15 
0.7593 	 0.172693 	 0.154949 	 -1.37356 	 1.01342 	 0.742041 	 17 
0.75935 	 0.17303 	 0.154549 	 -1.37343 	 1.01336 	 0.743535 	 18 
0.7594 	 0.173228 	 0.154301 	 -1.37319 	 1.01324 	 0.744424 	 9 
0.75945 	 0.173579 	 0.153889 	 -1.37295 	 1.01312 	 0.745963 	 16 
0.7595 	 0.173928 	 0.153477 	 -1.3727 	 1.013 	 0.747491 	 18 
0.75955 	 0.174104 	 0.153246 	 -1.37258 	 1.01294 	 0.748305 	 8 
0.7596 	 0.174452 	 0.152832 	 -1.37234 	 1.01282 	 0.749828 	 15 
0.75965 	 0.174818 	 0.152398 	 -1.37209 	 1.0127 	 0.751426 	 18 
0.7597 	 0.175142 	 0.152003 	 -1.37197 	 1.01264 	 0.752861 	 18 
0.75975 	 0.175332 	 0.151757 	 -1.37173 	 1.01252 	 0.753722 	 9 
0.7598 	 0.175678 	 0.15134 	 -1.37148 	 1.0124 	 0.755236 	 16 
0.75985 	 0.17603 	 0.150914 	 -1.37124 	 1.01228 	 0.756777 	 19 
0.7599 	 0.176199 	 0.150685 	 -1.37112 	 1.01222 	 0.757561 	 8 
0.75995 	 0.176552 	 0.150254 	 -1.37087 	 1.0121 	 0.75911 	 16 
0.76 	 0.176902 	 0.149826 	 -1.37063 	 1.01198 	 0.760641 	 18 
0.76005 	 0.177218 	 0.14943 	 -1.37051 	 1.01192 	 0.762043 	 18 
0.7601 	 0.177419 	 0.149165 	 -1.37026 	 1.0118 	 0.762951 	 10 
0.76015 	 0.17776 	 0.148742 	 -1.37002 	 1.01168 	 0.764448 	 17 
0.7602 	 0.178108 	 0.148309 	 -1.36978 	 1.01156 	 0.765973 	 20 
0.76025 	 0.178269 	 0.148084 	 -1.36965 	 1.0115 	 0.76672 	 8 
0.7603 	 0.178607 	 0.147659 	 -1.36941 	 1.01138 	 0.768205 	 16 
0.76035 	 0.178957 	 0.147219 	 -1.36917 	 1.01126 	 0.769741 	 19 
0.7604 	 0.179259 	 0.146829 	 -1.36904 	 1.0112 	 0.771081 	 18 
0.76045 	 0.17947 	 0.146546 	 -1.3688 	 1.01108 	 0.772031 	 11 
0.7605 	 0.1798 	 0.146124 	 -1.36856 	 1.01096 	 0.773481 	 17 
0.76055 	 0.180149 	 0.145678 	 -1.36831 	 1.01084 	 0.775013 	 21 
0.7606 	 0.180319 	 0.145436 	 -1.36819 	 1.01078 	 0.775801 	 9 
0.76065 	 0.180655 	 0.145003 	 -1.36795 	 1.01066 	 0.777275 	 17 
0.7607 	 0.180984 	 0.144576 	 -1.3677 	 1.01054 	 0.778721 	 19 
0.76075 	 0.181262 	 0.144203 	 -1.36758 	 1.01048 	 0.779966 	 17 
0.7608 	 0.181487 	 0.143897 	 -1.36734 	 1.01036 	 0.780972 	 12 
0.76085 	 0.181829 	 0.143448 	 -1.36709 	 1.01024 	 0.782475 	 19 
0.7609 	 0.182159 	 0.143008 	 -1.36697 	 1.01018 	 0.783939 	 21 
0.76095 	 0.182326 	 0.142769 	 -1.36673 	 1.01006 	 0.7847 	 9 
0.761 	 0.182664 	 0.142321 	 -1.36649 	 1.00994 	 0.786184 	 18 
0.76105 	 0.18299 	 0.141885 	 -1.36624 	 1.00982 	 0.787619 	 20 
0.7611 	 0.183239 	 0.141539 	 -1.36612 	 1.00976 	 0.788741 	 16 
0.76115 	 0.183494 	 0.141187 	 -1.36588 	 1.00964 	 0.789875 	 14 
0.7612 	 0.183826 	 0.140738 	 -1.36563 	 1.00952 	 0.791336 	 20 
0.76125 	 0.184123 	 0.140328 	 -1.36551 	 1.00946 	 0.792659 	 20 
0.7613 	 0.184314 	 0.140052 	 -1.36527 	 1.00934 	 0.793524 	 11 
0.76135 	 0.184644 	 0.139601 	 -1.36503 	 1.00922 	 0.794978 	 19 
0.7614 	 0.184972 	 0.139151 	 -1.36478 	 1.0091 	 0.796419 	 22 
0.76145 	 0.185142 	 0.138894 	 -1.36466 	 1.00904 	 0.797209 	 10 
0.7615 	 0.185466 	 0.138446 	 -1.36442 	 1.00892 	 0.798634 	 18 
0.76155 	 0.185791 	 0.137993 	 -1.36417 	 1.0088 	 0.800067 	 21 
0.7616 	 0.18605 	 0.13762 	 -1.36405 	 1.00874 	 0.801231 	 18 
0.76165 	 0.186286 	 0.137279 	 -1.36381 	 1.00862 	 0.802286 	 14 
0.7617 	 0.186607 	 0.136826 	 -1.36357 	 1.0085 	 0.803702 	 20 
0.76175 	 0.186905 	 0.136397 	 -1.36344 	 1.00844 	 0.805031 	 21 
0.7618 	 0.187087 	 0.136124 	 -1.3632 	 1.00832 	 0.805854 	 11 
0.76185 	 0.187419 	 0.135652 	 -1.36296 	 1.0082 	 0.807317 	 20 
0.7619 	 0.187738 	 0.135193 	 -1.36271 	 1.00808 	 0.808728 	 23 
0.76195 	 0.1879 	 0.134939 	 -1.36259 	 1.00802 	 0.809477 	 10 
0.762 	 0.18822 	 0.134476 	 -1.36235 	 1.0079 	 0.810892 	 19 
0.76205 	 0.188539 	 0.134013 	 -1.36211 	 1.00778 	 0.812299 	 22 
0.7621 	 0.188788 	 0.133639 	 -1.36198 	 1.00772 	 0.813419 	 18 
0.76215 	 0.189016 	 0.133295 	 -1.36174 	 1.0076 	 0.814441 	 14 
0.7622 	 0.189344 	 0.132813 	 -1.3615 	 1.00748 	 0.815889 	 22 
0.76225 	 0.189633 	 0.132379 	 -1.36138 	 1.00742 	 0.81718 	 22 
0.7623 	 0.189817 	 0.132091 	 -1.36113 	 1.0073 	 0.818015 	 12 
0.76235 	 0.19014 	 0.131611 	 -1.36089 	 1.00718 	 0.81944 	 21 
0.7624 	 0.190452 	 0.131143 	 -1.36065 	 1.00706 	 0.820821 	 24 
0.76245 	 0.190617 	 0.130875 	 -1.36053 	 1.007 	 0.821584 	 11 
0.7625 	 0.190932 	 0.1304 	 -1.36028 	 1.00688 	 0.822976 	 20 
0.76255 	 0.191242 	 0.129929 	 -1.36004 	 1.00676 	 0.824346 	 23 
0.7626 	 0.191477 	 0.12956 	 -1.35992 	 1.0067 	 0.825406 	 18 
0.76265 	 0.191715 	 0.129186 	 -1.35968 	 1.00658 	 0.826474 	 16 
0.7627 	 0.192033 	 0.128699 	 -1.35943 	 1.00646 	 0.827878 	 23 
0.76275 	 0.192303 	 0.128273 	 -1.35931 	 1.0064 	 0.829092 	 22 
0.7628 	 0.192505 	 0.127948 	 -1.35907 	 1.00628 	 0.830002 	 14 
0.76285 	 0.192812 	 0.127469 	 -1.35883 	 1.00616 	 0.831363 	 22 
0.7629 	 0.193124 	 0.126976 	 -1.3587 	 1.0061 	 0.832754 	 26 
0.76295 	 0.19328 	 0.126715 	 -1.35846 	 1.00598 	 0.833467 	 11 
0.763 	 0.193597 	 0.126215 	 -1.35822 	 1.00586 	 0.834872 	 22 
0.76305 	 0.193907 	 0.125723 	 -1.35798 	 1.00574 	 0.836243 	 26 
0.7631 	 0.194103 	 0.125397 	 -1.35785 	 1.00568 	 0.837136 	 16 
0.76315 	 0.194368 	 0.124966 	 -1.35761 	 1.00556 	 0.838319 	 19 
0.7632 	 0.194679 	 0.124466 	 -1.35737 	 1.00544 	 0.839697 	 25 
0.76325 	 0.194911 	 0.124079 	 -1.35725 	 1.00538 	 0.840748 	 20 
0.7633 	 0.195142 	 0.123696 	 -1.35701 	 1.00526 	 0.841783 	 17 
0.76335 	 0.195453 	 0.123189 	 -1.35676 	 1.00514 	 0.843162 	 25 
0.7634 	 0.195712 	 0.122755 	 -1.35664 	 1.00508 	 0.844329 	 23 
0.76345 	 0.195913 	 0.122414 	 -1.3564 	 1.00496 	 0.845234 	 15 
0.7635 	 0.196217 	 0.12191 	 -1.35616 	 1.00484 	 0.846586 	 24 
0.76355 	 0.196513 	 0.121414 	 -1.35603 	 1.00478 	 0.847906 	 27 
0.7636 	 0.196678 	 0.121123 	 -1.35579 	 1.00466 	 0.848663 	 13 
0.76365 	 0.196976 	 0.120623 	 -1.35555 	 1.00454 	 0.849986 	 23 
0.7637 	 0.197281 	 0.120107 	 -1.35531 	 1.00442 	 0.851341 	 28 
0.76375 	 0.197462 	 0.119786 	 -1.35519 	 1.00436 	 0.85217 	 16 
0.7638 	 0.197743 	 0.119305 	 -1.35494 	 1.00424 	 0.85342 	 22 
0.76385 	 0.198046 	 0.118786 	 -1.3547 	 1.00412 	 0.854767 	 28 
0.7639 	 0.198249 	 0.118423 	 -1.35458 	 1.00406 	 0.855694 	 19 
0.76395 	 0.198498 	 0.117988 	 -1.35434 	 1.00394 	 0.856806 	 20 
0.764 	 0.198796 	 0.117469 	 -1.3541 	 1.00382 	 0.858132 	 27 
0.76405 	 0.199038 	 0.117037 	 -1.35397 	 1.00376 	 0.859226 	 24 
0.7641 	 0.199253 	 0.116651 	 -1.35373 	 1.00364 	 0.860196 	 18 
0.76415 	 0.199553 	 0.116123 	 -1.35349 	 1.00352 	 0.861527 	 27 
0.7642 	 0.199809 	 0.115661 	 -1.35337 	 1.00346 	 0.862683 	 26 
0.76425 	 0.199998 	 0.115314 	 -1.35313 	 1.00334 	 0.863537 	 16 
0.7643 	 0.2003 	 0.114774 	 -1.35288 	 1.00322 	 0.86488 	 27 
0.76435 	 0.200586 	 0.114255 	 -1.35276 	 1.00316 	 0.866162 	 30 
0.7644 	 0.200742 	 0.113957 	 -1.35252 	 1.00304 	 0.86688 	 14 
0.76445 	 0.201045 	 0.113407 	 -1.35228 	 1.00292 	 0.868229 	 27 
0.7645 	 0.20134 	 0.112868 	 -1.35204 	 1.0028 	 0.86954 	 32 
0.76455 	 0.201497 	 0.112562 	 -1.35191 	 1.00274 	 0.87027 	 15 
0.7646 	 0.201785 	 0.112029 	 -1.35167 	 1.00262 	 0.871555 	 26 
0.76465 	 0.202077 	 0.111486 	 -1.35143 	 1.0025 	 0.872857 	 31 
0.7647 	 0.202267 	 0.111118 	 -1.35131 	 1.00244 	 0.873726 	 20 
0.76475 	 0.202519 	 0.110642 	 -1.35107 	 1.00232 	 0.874852 	 23 
0.7648 	 0.202819 	 0.110076 	 -1.35083 	 1.0022 	 0.87619 	 32 
0.76485 	 0.203023 	 0.109677 	 -1.3507 	 1.00214 	 0.87712 	 23 
0.7649 	 0.203254 	 0.10923 	 -1.35046 	 1.00202 	 0.878161 	 22 
0.76495 	 0.203547 	 0.108668 	 -1.35022 	 1.0019 	 0.879467 	 31 
0.765 	 0.203773 	 0.108223 	 -1.3501 	 1.00184 	 0.880493 	 26 
0.76505 	 0.203988 	 0.107798 	 -1.34986 	 1.00172 	 0.881462 	 21 
0.7651 	 0.204279 	 0.107231 	 -1.34961 	 1.0016 	 0.882762 	 31 
0.76515 	 0.204522 	 0.106748 	 -1.34949 	 1.00154 	 0.883858 	 29 
0.7652 	 0.20472 	 0.106348 	 -1.34925 	 1.00142 	 0.884755 	 20 
0.76525 	 0.205008 	 0.105776 	 -1.34901 	 1.0013 	 0.886044 	 31 
0.7653 	 0.205266 	 0.105257 	 -1.34889 	 1.00124 	 0.887206 	 32 
0.76535 	 0.205439 	 0.104897 	 -1.34865 	 1.00112 	 0.887996 	 18 
0.7654 	 0.205734 	 0.104303 	 -1.3484 	 1.001 	 0.889314 	 32 
0.76545 	 0.206006 	 0.103748 	 -1.34828 	 1.00094 	 0.890536 	 35 
0.7655 	 0.206169 	 0.103402 	 -1.34804 	 1.00082 	 0.891282 	 18 
0.76555 	 0.206452 	 0.102821 	 -1.3478 	 1.0007 	 0.892549 	 31 
0.7656 	 0.206741 	 0.102224 	 -1.34756 	 1.00058 	 0.893841 	 39 
0.76565 	 0.206893 	 0.101892 	 -1.34744 	 1.00052 	 0.894546 	 18 
0.7657 	 0.207169 	 0.101315 	 -1.3472 	 1.0004 	 0.895782 	 31 
0.76575 	 0.207455 	 0.100712 	 -1.34695 	 1.00028 	 0.897064 	 39 
0.7658 	 0.207616 	 0.100358 	 -1.34683 	 1.00022 	 0.897805 	 20 
0.76585 	 0.207886 	 0.0997812 	 -1.34659 	 1.0001 	 0.899017 	 31 
0.7659 	 0.208173 	 0.0991661 	 -1.34635 	 0.99998 	 0.900303 	 40 
0.76595 	 0.20834 	 0.0987923 	 -1.34623 	 0.99992 	 0.901072 	 22 
0.766 	 0.208601 	 0.0982251 	 -1.34599 	 0.9998 	 0.902242 	 31 
0.76605 	 0.208883 	 0.0976087 	 -1.34575 	 0.99968 	 0.903508 	 40 
0.7661 	 0.209061 	 0.0972045 	 -1.34562 	 0.99962 	 0.904326 	 25 
0.76615 	 0.209308 	 0.0966556 	 -1.34538 	 0.9995 	 0.905436 	 30 
0.7662 	 0.209589 	 0.0960312 	 -1.34514 	 0.99938 	 0.906694 	 40 
0.76625 	 0.209775 	 0.0956007 	 -1.34502 	 0.99932 	 0.90755 	 27 
0.7663 	 0.210014 	 0.0950605 	 -1.34478 	 0.9992 	 0.908622 	 30 
0.76635 	 0.210294 	 0.094424 	 -1.34454 	 0.99908 	 0.909881 	 41 
0.7664 	 0.21049 	 0.0939654 	 -1.34442 	 0.99902 	 0.910776 	 30 
0.76645 	 0.21072 	 0.0934314 	 -1.34417 	 0.9989 	 0.911815 	 30 
0.7665 	 0.210998 	 0.0927868 	 -1.34393 	 0.99878 	 0.913064 	 42 
0.76655 	 0.211197 	 0.0923117 	 -1.34381 	 0.99872 	 0.913974 	 32 
0.7666 	 0.211418 	 0.0917876 	 -1.34357 	 0.9986 	 0.914973 	 30 
0.76665 	 0.211697 	 0.0911275 	 -1.34333 	 0.99848 	 0.916227 	 43 
0.7667 	 0.211902 	 0.0906307 	 -1.34321 	 0.99842 	 0.91716 	 34 
0.76675 	 0.212116 	 0.0901123 	 -1.34297 	 0.9983 	 0.918127 	 30 
0.7668 	 0.212392 	 0.0894438 	 -1.34273 	 0.99818 	 0.919371 	 44 
0.76685 	 0.212603 	 0.0889217 	 -1.3426 	 0.99812 	 0.920332 	 37 
0.7669 	 0.212809 	 0.0884095 	 -1.34236 	 0.998 	 0.921267 	 30 
0.76695 	 0.213089 	 0.0877185 	 -1.34212 	 0.99788 	 0.922525 	 46 
0.767 	 0.213302 	 0.0871796 	 -1.342 	 0.99782 	 0.923496 	 39 
0.76705 	 0.213504 	 0.0866667 	 -1.34176 	 0.9977 	 0.924412 	 31 
0.7671 	 0.213778 	 0.0859723 	 -1.34152 	 0.99758 	 0.925648 	 47 
0.76715 	 0.213994 	 0.085415 	 -1.3414 	 0.99752 	 0.926631 	 41 
0.7672 	 0.214194 	 0.0848956 	 -1.34116 	 0.9974 	 0.927537 	 32 
0.76725 	 0.214469 	 0.0841831 	 -1.34092 	 0.99728 	 0.928777 	 49 
0.7673 	 0.214683 	 0.0836164 	 -1.34079 	 0.99722 	 0.929753 	 43 
0.76735 	 0.21488 	 0.0830915 	 -1.34055 	 0.9971 	 0.930648 	 33 
0.7674 	 0.215153 	 0.0823665 	 -1.34031 	 0.99698 	 0.93188 	 51 
0.76745 	 0.215368 	 0.0817848 	 -1.34019 	 0.99692 	 0.932857 	 45 
0.7675 	 0.215563 	 0.0812504 	 -1.33995 	 0.9968 	 0.933747 	 34 
0.76755 	 0.215835 	 0.0805103 	 -1.33971 	 0.99668 	 0.934974 	 53 
0.7676 	 0.216049 	 0.0799157 	 -1.33959 	 0.99662 	 0.935948 	 47 
0.76765 	 0.216245 	 0.0793651 	 -1.33935 	 0.9965 	 0.936842 	 36 
0.7677 	 0.216514 	 0.0786132 	 -1.33911 	 0.99638 	 0.938056 	 55 
0.76775 	 0.216726 	 0.0780075 	 -1.33899 	 0.99632 	 0.939024 	 49 
0.7678 	 0.216925 	 0.0774378 	 -1.33875 	 0.9962 	 0.939925 	 38 
0.76785 	 0.217193 	 0.0766669 	 -1.3385 	 0.99608 	 0.941137 	 58 
0.7679 	 0.217399 	 0.0760611 	 -1.33838 	 0.99602 	 0.942079 	 50 
0.76795 	 0.217598 	 0.0754727 	 -1.33814 	 0.9959 	 0.942984 	 40 
0.768 	 0.217868 	 0.074674 	 -1.3379 	 0.99578 	 0.944205 	 62 
0.76805 	 0.218069 	 0.074065 	 -1.33778 	 0.99572 	 0.945125 	 51 
0.7681 	 0.218272 	 0.0734494 	 -1.33754 	 0.9956 	 0.946046 	 43 
0.76815 	 0.218539 	 0.0726335 	 -1.3373 	 0.99548 	 0.947257 	 65 
0.7682 	 0.218735 	 0.072022 	 -1.33718 	 0.99542 	 0.948153 	 52 
0.76825 	 0.218944 	 0.0713701 	 -1.33694 	 0.9953 	 0.9491 	 47 
0.7683 	 0.219211 	 0.0705284 	 -1.3367 	 0.99518 	 0.950311 	 70 
0.76835 	 0.219398 	 0.069923 	 -1.33658 	 0.99512 	 0.951171 	 53 
0.7684 	 0.219612 	 0.0692344 	 -1.33634 	 0.995 	 0.952139 	 51 
0.76845 	 0.219878 	 0.0683666 	 -1.33609 	 0.99488 	 0.953348 	 75 
0.7685 	 0.220058 	 0.0677637 	 -1.33597 	 0.99482 	 0.954176 	 54 
0.76855 	 0.220278 	 0.0670323 	 -1.33573 	 0.9947 	 0.955171 	 56 
0.7686 	 0.220542 	 0.0661397 	 -1.33549 	 0.99458 	 0.956371 	 81 
0.76865 	 0.220714 	 0.0655432 	 -1.33537 	 0.99452 	 0.957162 	 54 
0.7687 	 0.220939 	 0.0647684 	 -1.33513 	 0.9944 	 0.95818 	 61 
0.76875 	 0.221204 	 0.0638391 	 -1.33489 	 0.99428 	 0.959385 	 88 
0.7688 	 0.221366 	 0.0632507 	 -1.33477 	 0.99422 	 0.960136 	 54 
0.76885 	 0.221601 	 0.0624101 	 -1.33453 	 0.9941 	 0.961199 	 69 
0.7689 	 0.221864 	 0.0614527 	 -1.33429 	 0.99398 	 0.962392 	 96 
0.76895 	 0.222015 	 0.0608813 	 -1.33417 	 0.99392 	 0.963092 	 53 
0.769 	 0.22226 	 0.0599691 	 -1.33393 	 0.9938 	 0.9642 	 78 
0.76905 	 0.222521 	 0.0589733 	 -1.33369 	 0.99368 	 0.965389 	 106 
0.7691 	 0.22266 	 0.0584223 	 -1.33357 	 0.99362 	 0.966036 	 51 
0.76915 	 0.222914 	 0.0574353 	 -1.33333 	 0.9935 	 0.967183 	 88 
0.7692 	 0.223177 	 0.0563873 	 -1.33309 	 0.99338 	 0.968379 	 119 
0.76925 	 0.22331 	 0.0558323 	 -1.33297 	 0.99332 	 0.969 	 53 
0.7693 	 0.223567 	 0.0547817 	 -1.33273 	 0.9932 	 0.970164 	 99 
0.76935 	 0.223821 	 0.0537203 	 -1.3326 	 0.99314 	 0.971317 	 126 
0.7694 	 0.223958 	 0.0531169 	 -1.33236 	 0.99302 	 0.971959 	 59 
0.76945 	 0.224218 	 0.0519954 	 -1.33212 	 0.9929 	 0.973137 	 113 
0.7695 	 0.224456 	 0.0509405 	 -1.332 	 0.99284 	 0.974222 	 131 
0.76955 	 0.224608 	 0.0502442 	 -1.33176 	 0.99272 	 0.974923 	 71 
0.7696 	 0.224867 	 0.0490536 	 -1.33152 	 0.9926 	 0.976102 	 130 
0.76965 	 0.22509 	 0.0480042 	 -1.3314 	 0.99254 	 0.977118 	 138 
0.7697 	 0.225255 	 0.0472039 	 -1.33116 	 0.99242 	 0.977875 	 86 
0.76975 	 0.225513 	 0.0459322 	 -1.33092 	 0.9923 	 0.979055 	 151 
0.7698 	 0.225719 	 0.0448907 	 -1.3308 	 0.99224 	 0.979996 	 144 
0.76985 	 0.225901 	 0.0439478 	 -1.33056 	 0.99212 	 0.980828 	 108 
0.7699 	 0.226158 	 0.0425828 	 -1.33032 	 0.992 	 0.982002 	 180 
0.76995 	 0.226345 	 0.0415531 	 -1.3302 	 0.99194 	 0.982862 	 151 
0.77 	 0.226542 	 0.0404454 	 -1.32996 	 0.99182 	 0.983764 	 137 
0.77005 	 0.226799 	 0.0389595 	 -1.32972 	 0.9917 	 0.984934 	 219 
0.7701 	 0.226968 	 0.0379324 	 -1.3296 	 0.99164 	 0.985717 	 160 
0.77015 	 0.227183 	 0.0366061 	 -1.32936 	 0.99152 	 0.986697 	 181 
0.7702 	 0.227438 	 0.0349608 	 -1.32912 	 0.9914 	 0.987863 	 279 
0.77025 	 0.227588 	 0.0339434 	 -1.329 	 0.99134 	 0.988557 	 168 
0.7703 	 0.22782 	 0.0323302 	 -1.32876 	 0.99122 	 0.989614 	 248 
0.77035 	 0.228075 	 0.0304507 	 -1.32852 	 0.9911 	 0.990781 	 377 
0.7704 	 0.228204 	 0.0294296 	 -1.3284 	 0.99104 	 0.991385 	 178 
0.77045 	 0.228456 	 0.0273941 	 -1.32816 	 0.99092 	 0.992528 	 368 
0.7705 	 0.228704 	 0.0252181 	 -1.32804 	 0.99086 	 0.993658 	 535 
0.77055 	 0.228837 	 0.0239353 	 -1.3278 	 0.99074 	 0.99428 	 271 
0.7706 	 0.22909 	 0.0213547 	 -1.32756 	 0.99062 	 0.995432 	 607 
0.77065 	 0.229315 	 0.0187461 	 -1.32744 	 0.99056 	 0.996463 	 844 
0.7707 	 0.229469 	 0.0167174 	 -1.3272 	 0.99044 	 0.997172 	 586 
0.77075 	 0.229721 	 0.0127347 	 -1.32696 	 0.99032 	 0.998327 	 1534 
0.7708 	 0.229891 	 0.0090838 	 -1.32684 	 0.99026 	 0.999111 	 2000 
0.77085 	 0.23 	 0.00557969 	 -1.32672 	 0.9902 	 0.999616 	 2000 
0.7709 	 0.230054 	 0.00266261 	 -1.32672 	 0.9902 	 0.999853 	 2000 
0.77095 	 0.230068 	 0.000883103 	 -1.32672 	 0.9902 	 0.999915 	 2000 
0.771 	 0.230069 	 0.000200789 	 -1.32672 	 0.9902 	 0.999922 	 2000 
0.77105 	 0.230069 	 8.93328e-05 	 -1.32672 	 0.9902 	 0.999922 	 869 
0.7711 	 0.230069 	 8.92305e-05 	 -1.32672 	 0.9902 	 0.999922 	 0 
0.77115 	 0.230069 	 8.91109e-05 	 -1.32672 	 0.9902 	 0.999922 	 0 
0.7712 	 0.230069 	 8.89746e-05 	 -1.32672 	 0.9902 	 0.999922 	 0 
0.77125 	 0.230069 	 8.88215e-05 	 -1.32672 	 0.9902 	 0.999922 	 0 
0.7713 	 0.230069 	 8.86519e-05 	 -1.32672 	 0.9902 	 0.999922 	 0 
0.77135 	 0.230069 	 8.84657e-05 	 -1.32672 	 0.9902 	 0.999922 	 0 
0.7714 	 0.230069 	 8.82631e-05 	 -1.32672 	 0.9902 	 0.999922 	 0 
0.77145 	 0.230069 	 8.80442e-05 	 -1.32672 	 0.9902 	 0.999922 	 0 
0.7715 	 0.230069 	 8.78092e-05 	 -1.32672 	 0.9902 	 0.999922 	 0 
0.77155 	 0.230069 	 8.75581e-05 	 -1.32672 	 0.9902 	 0.999922 	 0 
0.7716 	 0.230069 	 8.72911e-05 	 -1.32672 	 0.9902 	 0.999922 	 0 
0.77165 	 0.230069 	 8.70083e-05 	 -1.32672 	 0.9902 	 0.999922 	 0 
0.7717 	 0.230069 	 8.671e-05 	 -1.32672 	 0.9902 	 0.999922 	 0 
0.77175 	 0.230069 	 8.63962e-05 	 -1.32672 	 0.9902 	 0.999922 	 0 
0.7718 	 0.230069 	 8.60672e-05 	 -1.32672 	 0.9902 	 0.999922 	 0 
0.77185 	 0.230069 	 8.57232e-05 	 -1.32672 	 0.9902 	 0.999922 	 0 
0.7719 	 0.230069 	 8.53643e-05 	 -1.32672 	 0.9902 	 0.999922 	 0 
0.77195 	 0.230069 	 8.49907e-05 	 -1.32672 	 0.9902 	 0.999922 	 0 
0.772 	 0.230069 	 8.46026e-05 	 -1.32672 	 0.9902 	 0.999922 	 0 
0.77205 	 0.230069 	 8.42003e-05 	 -1.32672 	 0.9902 	 0.999922 	 0 
0.7721 	 0.230069 	 8.3784e-05 	 -1.32672 	 0.9902 	 0.999922 	 0 
0.77215 	 0.230069 	 8.33539e-05 	 -1.32672 	 0.9902 	 0.999922 	 0 
0.7722 	 0.230069 	 8.29102e-05 	 -1.32672 	 0.9902 	 0.999922 	 0 
0.77225 	 0.230069 	 8.24532e-05 	 -1.32672 	 0.9902 	 0.999922 	 0 
0.7723 	 0.230069 	 8.19831e-05 	 -1.32672 	 0.9902 	 0.999922 	 0 
0.77235 	 0.230069 	 8.15002e-05 	 -1.32672 	 0.9902 	 0.999922 	 0 
0.7724 	 0.230069 	 8.10048e-05 	 -1.32672 	 0.9902 	 0.999922 	 0 
0.77245 	 0.230069 	 8.0497e-05 	 -1.32672 	 0.9902 	 0.999922 	 0 
0.7725 	 0.230069 	 7.99773e-05 	 -1.32672 	 0.9902 	 0.999922 	 0 
0.77255 	 0.230069 	 7.94457e-05 	 -1.32672 	 0.9902 	 0.999922 	 0 
0.7726 	 0.230069 	 7.89028e-05 	 -1.32672 	 0.9902 	 0.999922 	 0 
0.77265 	 0.230069 	 7.83486e-05 	 -1.32672 	 0.9902 	 0.999922 	 0 
0.7727 	 0.230069 	 7.77835e-05 	 -1.32672 	 0.9902 	 0.999922 	 0 
0.77275 	 0.230069 	 7.72078e-05 	 -1.32672 	 0.9902 	 0.999922 	 0 
0.7728 	 0.230069 	 7.66218e-05 	 -1.32672 	 0.9902 	 0.999922 	 0 
0.77285 	 0.230069 	 7.60259e-05 	 -1.32672 	 0.9902 	 0.999922 	 0 
0.7729 	 0.230069 	 7.54202e-05 	 -1.32672 	 0.9902 	 0.999922 	 0 
0.77295 	 0.230069 	 7.48051e-05 	 -1.32672 	 0.9902 	 0.999922 	 0 
0.773 	 0.230069 	 7.4181e-05 	 -1.32672 	 0.9902 	 0.999922 	 0 
0.77305 	 0.230069 	 7.3548e-05 	 -1.32672 	 0.9902 	 0.999922 	 0 
0.7731 	 0.230069 	 7.29067e-05 	 -1.32672 	 0.9902 	 0.999922 	 0 
0.77315 	 0.230069 	 7.22572e-05 	 -1.32672 	 0.9902 	 0.999922 	 0 
0.7732 	 0.230069 	 7.15998e-05 	 -1.32672 	 0.9902 	 0.999922 	 0 
0.77325 	 0.230069 	 7.0935e-05 	 -1.32672 	 0.9902 	 0.999922 	 0 
0.7733 	 0.230069 	 7.0263e-05 	 -1.32672 	 0.9902 	 0.999922 	 0 
0.77335 	 0.230069 	 6.95841e-05 	 -1.32672 	 0.9902 	 0.999922 	 0 
0.7734 	 0.230069 	 6.88988e-05 	 -1.32672 	 0.9902 	 0.999922 	 0 
0.77345 	 0.230069 	 6.82072e-05 	 -1.32672 	 0.9902 	 0.999922 	 0 
0.7735 	 0.230069 	 6.75097e-05 	 -1.32672 	 0.9902 	 0.999922 	 0 
0.77355 	 0.230069 	 6.68067e-05 	 -1.32672 	 0.9902 	 0.999922 	 0 
0.7736 	 0.230069 	 6.60984e-05 	 -1.32672 	 0.9902 	 0.999922 	 0 
0.77365 	 0.230069 	 6.53853e-05 	 -1.32672 	 0.9902 	 0.999922 	 0 
0.7737 	 0.230069 	 6.46675e-05 	 -1.32672 	 0.9902 	 0.999922 	 0 
0.77375 	 0.230069 	 6.39455e-05 	 -1.32672 	 0.9902 	 0.999922 	 0 
0.7738 	 0.230069 	 6.32195e-05 	 -1.32672 	 0.9902 	 0.999922 	 0 
0.77385 	 0.230069 	 6.249e-05 	 -1.32672 	 0.9902 	 0.999922 	 0 
0.7739 	 0.230069 	 6.17571e-05 	 -1.32672 	 0.9902 	 0.999922 	 0 
0.77395 	 0.230069 	 6.10212e-05 	 -1.32672 	 0.9902 	 0.999922 	 0 
0.774 	 0.230069 	 6.02827e-05 	 -1.32672 	 0.9902 	 0.999922 	 0 
0.77405 	 0.230069 	 5.95418e-05 	 -1.32672 	 0.9902 	 0.999922 	 0 
0.7741 	 0.230069 	 5.87988e-05 	 -1.32672 	 0.9902 	 0.999922 	 0 
0.77415 	 0.230069 	 5.80541e-05 	 -1.32672 	 0.9902 	 0.999922 	 0 
0.7742 	 0.230069 	 5.73079e-05 	 -1.32672 	 0.9902 	 0.999922 	 0 
0.77425 	 0.230069 	 5.65606e-05 	 -1.32672 	 0.9902 	 0.999922 	 0 
0.7743 	 0.230069 	 5.58125e-05 	 -1.32672 	 0.9902 	 0.999922 	 0 
0.77435 	 0.230069 	 5.50638e-05 	 -1.32672 	 0.9902 	 0.999922 	 0 
0.7744 	 0.230069 	 5.43148e-05 	 -1.32672 	 0.9902 	 0.999922 	 0 
0.77445 	 0.230069 	 5.35659e-05 	 -1.32672 	 0.9902 	 0.999922 	 0 
0.7745 	 0.230069 	 5.28172e-05 	 -1.32672 	 0.9902 	 0.999922 	 0 
0.77455 	 0.230069 	 5.20692e-05 	 -1.32672 	 0.9902 	 0.999922 	 0 
0.7746 	 0.230069 	 5.1322e-05 	 -1.32672 	 0.9902 	 0.999922 	 0 
0.77465 	 0.230069 	 5.0576e-05 	 -1.32672 	 0.9902 	 0.999922 	 0 
0.7747 	 0.230069 	 4.98313e-05 	 -1.32672 	 0.9902 	 0.999922 	 0 
0.77475 	 0.230069 	 4.90883e-05 	 -1.32672 	 0.9902 	 0.999922 	 0 
0.7748 	 0.230069 	 4.83472e-05 	 -1.32672 	 0.9902 	 0.999922 	 0 
0.77485 	 0.230069 	 4.76082e-05 	 -1.32672 	 0.9902 	 0.999922 	 0 
0.7749 	 0.230069 	 4.68717e-05 	 -1.32672 	 0.9902 	 0.999922 	 0 
0.77495 	 0.230069 	 4.61378e-05 	 -1.32672 	 0.9902 	 0.999922 	 0 
0.775 	 0.230069 	 4.54068e-05 	 -1.32672 	 0.9902 	 0.999922 	 0 
