0.71 	 0
0.7101 	 0
0.7102 	 0
0.7103 	 0
0.7104 	 0
0.7105 	 0
0.7106 	 0
0.7107 	 0
0.7108 	 0
0.7109 	 0
0.711 	 0
0.7111 	 0
0.7112 	 0
0.7113 	 0
0.7114 	 0
0.7115 	 0
0.7116 	 0
0.7117 	 0
0.7118 	 0
0.7119 	 0
0.712 	 0
0.7121 	 0
0.7122 	 0
0.7123 	 0
0.7124 	 0
0.7125 	 0
0.7126 	 0
0.7127 	 0
0.7128 	 0
0.7129 	 0
0.713 	 0
0.7131 	 0
0.7132 	 0
0.7133 	 0
0.7134 	 0
0.7135 	 0
0.7136 	 0
0.7137 	 0
0.7138 	 0
0.7139 	 0
0.714 	 0
0.7141 	 0
0.7142 	 0
0.7143 	 0
0.7144 	 0
0.7145 	 0
0.7146 	 0
0.7147 	 0
0.7148 	 0
0.7149 	 0
0.715 	 0
0.7151 	 0
0.7152 	 0
0.7153 	 0
0.7154 	 0
0.7155 	 0
0.7156 	 0
0.7157 	 0
0.7158 	 0
0.7159 	 0
0.716 	 0
0.7161 	 0
0.7162 	 0
0.7163 	 0
0.7164 	 0
0.7165 	 0
0.7166 	 0
0.7167 	 0
0.7168 	 0
0.7169 	 0
0.717 	 0
0.7171 	 0
0.7172 	 0
0.7173 	 0
0.7174 	 0
0.7175 	 0
0.7176 	 0
0.7177 	 0
0.7178 	 0
0.7179 	 0
0.718 	 0
0.7181 	 0
0.7182 	 0
0.7183 	 0
0.7184 	 0
0.7185 	 0
0.7186 	 0
0.7187 	 0
0.7188 	 0
0.7189 	 0
0.719 	 0
0.7191 	 0
0.7192 	 0
0.7193 	 0
0.7194 	 0
0.7195 	 0
0.7196 	 0
0.7197 	 0
0.7198 	 0
0.7199 	 0
0.72 	 0
0.7201 	 0
0.7202 	 0
0.7203 	 0
0.7204 	 0
0.7205 	 0
0.7206 	 0
0.7207 	 0
0.7208 	 0
0.7209 	 0
0.721 	 0
0.7211 	 0
0.7212 	 0
0.7213 	 0
0.7214 	 0
0.7215 	 0
0.7216 	 0
0.7217 	 0
0.7218 	 0
0.7219 	 0
0.722 	 0
0.7221 	 0
0.7222 	 0
0.7223 	 0
0.7224 	 0
0.7225 	 0
0.7226 	 0
0.7227 	 0
0.7228 	 0
0.7229 	 0
0.723 	 0
0.7231 	 0
0.7232 	 0
0.7233 	 0
0.7234 	 0
0.7235 	 0
0.7236 	 0
0.7237 	 0
0.7238 	 0
0.7239 	 0
0.724 	 0
0.7241 	 0
0.7242 	 0
0.7243 	 0
0.7244 	 0
0.7245 	 0
0.7246 	 0
0.7247 	 0
0.7248 	 0
0.7249 	 0
0.725 	 0
0.7251 	 0
0.7252 	 0
0.7253 	 0
0.7254 	 0
0.7255 	 0
0.7256 	 0
0.7257 	 0
0.7258 	 0
0.7259 	 0
0.726 	 0
0.7261 	 0
0.7262 	 0
0.7263 	 0
0.7264 	 0
0.7265 	 0
0.7266 	 0
0.7267 	 0
0.7268 	 0
0.7269 	 0
0.727 	 0
0.7271 	 0
0.7272 	 0
0.7273 	 0
0.7274 	 0
0.7275 	 0
0.7276 	 0
0.7277 	 0
0.7278 	 0
0.7279 	 0
0.728 	 0
0.7281 	 0
0.7282 	 0
0.7283 	 0
0.7284 	 0
0.7285 	 0
0.7286 	 0
0.7287 	 0
0.7288 	 0
0.7289 	 0
0.729 	 0
0.7291 	 0
0.7292 	 0
0.7293 	 0
0.7294 	 0
0.7295 	 0
0.7296 	 0
0.7297 	 0
0.7298 	 0
0.7299 	 0
0.73 	 0
0.7301 	 0
0.7302 	 0
0.7303 	 0
0.7304 	 0
0.7305 	 0
0.7306 	 0
0.7307 	 0
0.7308 	 0
0.7309 	 0
0.731 	 0
0.7311 	 0
0.7312 	 0
0.7313 	 0
0.7314 	 0
0.7315 	 0
0.7316 	 0
0.7317 	 0
0.7318 	 0
0.7319 	 0
0.732 	 0
0.7321 	 0
0.7322 	 0
0.7323 	 0
0.7324 	 0
0.7325 	 0
0.7326 	 0
0.7327 	 0
0.7328 	 0
0.7329 	 0
0.733 	 0
0.7331 	 0
0.7332 	 0
0.7333 	 0
0.7334 	 0
0.7335 	 0
0.7336 	 0
0.7337 	 0
0.7338 	 0
0.7339 	 0
0.734 	 0
0.7341 	 0
0.7342 	 0
0.7343 	 0
0.7344 	 0
0.7345 	 0
0.7346 	 0
0.7347 	 0
0.7348 	 0
0.7349 	 0
0.735 	 0
0.7351 	 0
0.7352 	 0
0.7353 	 0
0.7354 	 0
0.7355 	 0
0.7356 	 0
0.7357 	 0
0.7358 	 0
0.7359 	 0
0.736 	 0
0.7361 	 0
0.7362 	 0
0.7363 	 0
0.7364 	 0
0.7365 	 0
0.7366 	 0
0.7367 	 0
0.7368 	 0
0.7369 	 0
0.737 	 0
0.7371 	 0
0.7372 	 0
0.7373 	 0
0.7374 	 0
0.7375 	 0
0.7376 	 0
0.7377 	 0
0.7378 	 0
0.7379 	 0
0.738 	 0
0.7381 	 0
0.7382 	 0
0.7383 	 0
0.7384 	 0
0.7385 	 0
0.7386 	 0
0.7387 	 0
0.7388 	 0
0.7389 	 0
0.739 	 0
0.7391 	 0
0.7392 	 0
0.7393 	 0
0.7394 	 0
0.7395 	 0
0.7396 	 0
0.7397 	 0
0.7398 	 0
0.7399 	 0
0.74 	 0
0.7401 	 0
0.7402 	 0
0.7403 	 0
0.7404 	 0
0.7405 	 0
0.7406 	 0
0.7407 	 0
0.7408 	 0
0.7409 	 0
0.741 	 0
0.7411 	 0
0.7412 	 0
0.7413 	 0
0.7414 	 0
0.7415 	 0
0.7416 	 0
0.7417 	 0
0.7418 	 0
0.7419 	 0
0.742 	 0
0.7421 	 0
0.7422 	 0
0.7423 	 0
0.7424 	 0
0.7425 	 0
0.7426 	 0
0.7427 	 0
0.7428 	 0
0.7429 	 0
0.743 	 0
0.7431 	 0
0.7432 	 0
0.7433 	 0
0.7434 	 0
0.7435 	 0
0.7436 	 0
0.7437 	 0
0.7438 	 0
0.7439 	 0
0.744 	 0
0.7441 	 0
0.7442 	 0
0.7443 	 0
0.7444 	 0
0.7445 	 0
0.7446 	 0
0.7447 	 0
0.7448 	 0
0.7449 	 0
0.745 	 0
0.7451 	 0
0.7452 	 0
0.7453 	 0
0.7454 	 0
0.7455 	 0
0.7456 	 0
0.7457 	 0
0.7458 	 0
0.7459 	 0
0.746 	 0
0.7461 	 0
0.7462 	 0
0.7463 	 0
0.7464 	 0
0.7465 	 0
0.7466 	 0
0.7467 	 0
0.7468 	 0
0.7469 	 0
0.747 	 0
0.7471 	 0
0.7472 	 0
0.7473 	 0
0.7474 	 0
0.7475 	 0
0.7476 	 0
0.7477 	 0
0.7478 	 0
0.7479 	 0
0.748 	 0
0.7481 	 0
0.7482 	 0
0.7483 	 0
0.7484 	 1
0.7485 	 1
0.7486 	 1
0.7487 	 1
0.7488 	 1
0.7489 	 1
0.749 	 1
0.7491 	 1
0.7492 	 1
0.7493 	 1
0.7494 	 1
0.7495 	 1
0.7496 	 1
0.7497 	 1
0.7498 	 1
0.7499 	 1
0.75 	 1
0.7501 	 1
0.7502 	 1
0.7503 	 1
0.7504 	 1
0.7505 	 1
0.7506 	 1
0.7507 	 1
0.7508 	 1
0.7509 	 1
0.751 	 1
0.7511 	 1
0.7512 	 1
0.7513 	 1
0.7514 	 1
0.7515 	 1
0.7516 	 1
0.7517 	 1
0.7518 	 1
0.7519 	 1
0.752 	 1
0.7521 	 1
0.7522 	 1
0.7523 	 1
0.7524 	 1
0.7525 	 1
0.7526 	 1
0.7527 	 1
0.7528 	 1
0.7529 	 1
0.753 	 1
0.7531 	 1
0.7532 	 1
0.7533 	 1
0.7534 	 1
0.7535 	 1
0.7536 	 1
0.7537 	 1
0.7538 	 1
0.7539 	 1
0.754 	 1
0.7541 	 1
0.7542 	 1
0.7543 	 1
0.7544 	 1
0.7545 	 1
0.7546 	 1
0.7547 	 1
0.7548 	 1
0.7549 	 1
0.755 	 1
0.7551 	 1
0.7552 	 1
0.7553 	 1
0.7554 	 1
0.7555 	 1
0.7556 	 1
0.7557 	 1
0.7558 	 1
0.7559 	 1
0.756 	 1
0.7561 	 1
0.7562 	 1
0.7563 	 1
0.7564 	 1
0.7565 	 1
0.7566 	 1
0.7567 	 1
0.7568 	 1
0.7569 	 1
0.757 	 1
0.7571 	 1
0.7572 	 1
0.7573 	 1
0.7574 	 1
0.7575 	 1
0.7576 	 1
0.7577 	 1
0.7578 	 1
0.7579 	 1
0.758 	 1
0.7581 	 1
0.7582 	 1
0.7583 	 1
0.7584 	 1
0.7585 	 1
0.7586 	 1
0.7587 	 1
0.7588 	 1
0.7589 	 1
0.759 	 1
0.7591 	 1
0.7592 	 1
0.7593 	 1
0.7594 	 1
0.7595 	 1
0.7596 	 1
0.7597 	 1
0.7598 	 1
0.7599 	 1
0.76 	 1
0.7601 	 1
0.7602 	 1
0.7603 	 1
0.7604 	 1
0.7605 	 1
0.7606 	 1
0.7607 	 1
0.7608 	 1
0.7609 	 1
0.761 	 1
0.7611 	 1
0.7612 	 1
0.7613 	 1
0.7614 	 1
0.7615 	 1
0.7616 	 1
0.7617 	 1
0.7618 	 1
0.7619 	 1
0.762 	 1
0.7621 	 1
0.7622 	 1
0.7623 	 1
0.7624 	 1
0.7625 	 1
0.7626 	 1
0.7627 	 1
0.7628 	 1
0.7629 	 1
0.763 	 1
0.7631 	 1
0.7632 	 1
0.7633 	 1
0.7634 	 1
0.7635 	 1
0.7636 	 1
0.7637 	 1
0.7638 	 1
0.7639 	 1
0.764 	 1
0.7641 	 1
0.7642 	 1
0.7643 	 1
0.7644 	 1
0.7645 	 1
0.7646 	 1
0.7647 	 1
0.7648 	 1
0.7649 	 1
0.765 	 1
0.7651 	 1
0.7652 	 1
0.7653 	 1
0.7654 	 1
0.7655 	 1
0.7656 	 1
0.7657 	 1
0.7658 	 1
0.7659 	 1
0.766 	 1
0.7661 	 1
0.7662 	 1
0.7663 	 1
0.7664 	 1
0.7665 	 1
0.7666 	 1
0.7667 	 1
0.7668 	 1
0.7669 	 1
0.767 	 1
0.7671 	 1
0.7672 	 1
0.7673 	 1
0.7674 	 1
0.7675 	 1
0.7676 	 1
0.7677 	 1
0.7678 	 1
0.7679 	 1
0.768 	 1
0.7681 	 1
0.7682 	 1
0.7683 	 1
0.7684 	 1
0.7685 	 1
0.7686 	 1
0.7687 	 1
0.7688 	 1
0.7689 	 1
0.769 	 1
0.7691 	 1
0.7692 	 1
0.7693 	 1
0.7694 	 1
0.7695 	 1
0.7696 	 1
0.7697 	 1
0.7698 	 1
0.7699 	 1
0.77 	 1
0.7701 	 1
0.7702 	 1
0.7703 	 1
0.7704 	 1
0.7705 	 1
0.7706 	 1
0.7707 	 1
0.7708 	 1
0.7709 	 1
0.771 	 1
0.7711 	 1
0.7712 	 1
0.7713 	 1
0.7714 	 1
0.7715 	 1
0.7716 	 1
0.7717 	 1
0.7718 	 1
0.7719 	 1
0.772 	 1
0.7721 	 1
0.7722 	 1
0.7723 	 1
0.7724 	 1
0.7725 	 1
0.7726 	 1
0.7727 	 1
0.7728 	 1
0.7729 	 1
0.773 	 1
0.7731 	 1
0.7732 	 1
0.7733 	 1
0.7734 	 1
0.7735 	 1
0.7736 	 1
0.7737 	 1
0.7738 	 1
0.7739 	 1
0.774 	 1
0.7741 	 1
0.7742 	 1
0.7743 	 1
0.7744 	 1
0.7745 	 1
0.7746 	 1
0.7747 	 1
0.7748 	 1
0.7749 	 1
0.775 	 1
0.7751 	 1
0.7752 	 1
0.7753 	 1
0.7754 	 1
0.7755 	 1
0.7756 	 1
0.7757 	 1
0.7758 	 1
0.7759 	 1
0.776 	 1
0.7761 	 1
0.7762 	 1
0.7763 	 1
0.7764 	 1
0.7765 	 1
0.7766 	 1
0.7767 	 1
0.7768 	 1
0.7769 	 1
0.777 	 1
0.7771 	 1
0.7772 	 1
0.7773 	 1
0.7774 	 1
0.7775 	 1
0.7776 	 1
0.7777 	 1
0.7778 	 1
0.7779 	 1
0.778 	 1
0.7781 	 1
0.7782 	 1
0.7783 	 1
0.7784 	 1
0.7785 	 1
0.7786 	 1
0.7787 	 1
0.7788 	 1
0.7789 	 1
0.779 	 1
0.7791 	 1
0.7792 	 1
0.7793 	 1
0.7794 	 1
0.7795 	 1
0.7796 	 1
0.7797 	 1
0.7798 	 1
0.7799 	 1
0.78 	 1
