fill 	 mu 	 CS1 	 Deltamax 
0.5 	 0 	 -1 	 0.029829 
0.496 	 -0.01 	 -1 	 0.0287924 
0.492 	 -0.023 	 -1 	 0.0250603 
0.488 	 -0.04 	 -1 	 0.0251437 
0.484 	 -0.052 	 -1 	 0.0286553 
0.48 	 -0.063 	 -1 	 0.0298833 
0.476 	 -0.073 	 -1 	 0.028827 
0.472 	 -0.085 	 -1 	 0.0254754 
0.468 	 -0.103 	 -1 	 0.0255098 
0.464 	 -0.115 	 -1 	 0.0289226 
0.46 	 -0.125 	 -1 	 0.0300491 
0.456 	 -0.136 	 -1 	 0.0289508 
0.452 	 -0.148 	 -1 	 0.0257194 
0.448 	 -0.165 	 -1 	 0.0259202 
0.444 	 -0.177 	 -1 	 0.0292135 
0.44 	 -0.187 	 -1 	 0.0303353 
0.436 	 -0.198 	 -1 	 0.0293148 
0.432 	 -0.21 	 -1 	 0.0263169 
0.428 	 -0.226 	 -1 	 0.0264663 
0.424 	 -0.238 	 -1 	 0.0295919 
0.42 	 -0.249 	 -1 	 0.0307562 
0.416 	 -0.259 	 -1 	 0.0298685 
0.412 	 -0.271 	 -1 	 0.0271781 
0.408 	 -0.286 	 -1 	 0.0272384 
0.404 	 -0.299 	 -1 	 0.030164 
0.4 	 -0.309 	 -1 	 0.0313095 
0.396 	 -0.319 	 -1 	 0.0305722 
0.392 	 -0.331 	 -1 	 0.0282309 
0.388 	 -0.346 	 -1 	 0.0284768 
0.384 	 -0.358 	 -1 	 0.0310488 
0.38 	 -0.368 	 -1 	 0.0320135 
0.376 	 -0.378 	 -1 	 0.0314059 
0.372 	 -0.39 	 -1 	 0.0294407 
0.368 	 -0.403 	 -1 	 0.0297431 
0.364 	 -0.415 	 -1 	 0.0318855 
0.36 	 -0.425 	 -1 	 0.0328809 
0.356 	 -0.436 	 -1 	 0.032378 
0.352 	 -0.447 	 -1 	 0.0309197 
0.348 	 -0.46 	 -1 	 0.0312277 
0.344 	 -0.471 	 -1 	 0.0330404 
0.34 	 -0.481 	 -1 	 0.0339627 
0.336 	 -0.491 	 -1 	 0.0336881 
0.332 	 -0.502 	 -1 	 0.0325997 
0.328 	 -0.514 	 -1 	 0.0328691 
0.324 	 -0.525 	 -1 	 0.0344091 
0.32 	 -0.535 	 -1 	 0.0352672 
0.316 	 -0.545 	 -1 	 0.0351369 
0.312 	 -0.556 	 -1 	 0.0343846 
0.308 	 -0.567 	 -1 	 0.0348372 
0.304 	 -0.577 	 -1 	 0.0360402 
0.3 	 -0.587 	 -1 	 0.0368289 
0.296 	 -0.597 	 -1 	 0.0368338 
0.292 	 -0.607 	 -1 	 0.0364163 
0.288 	 -0.617 	 -1 	 0.036914 
0.284 	 -0.627 	 -1 	 0.0379601 
0.28 	 -0.636 	 -1 	 0.0386368 
0.276 	 -0.646 	 -1 	 0.0388125 
0.272 	 -0.655 	 -1 	 0.0386462 
0.268 	 -0.665 	 -1 	 0.0392323 
0.264 	 -0.674 	 -1 	 0.0400977 
0.26 	 -0.683 	 -1 	 0.0407551 
0.256 	 -0.692 	 -1 	 0.0410381 
0.252 	 -0.701 	 -1 	 0.0410462 
0.248 	 -0.71 	 -1 	 0.0417116 
0.244 	 -0.719 	 -1 	 0.0425545 
0.24 	 -0.727 	 -1 	 0.0431397 
0.236 	 -0.736 	 -1 	 0.0435188 
0.232 	 -0.744 	 -1 	 0.0436387 
0.228 	 -0.752 	 -1 	 0.044354 
0.224 	 -0.76 	 -1 	 0.0451402 
0.22 	 -0.768 	 -1 	 0.0457674 
0.216 	 -0.776 	 -1 	 0.0461859 
0.212 	 -0.784 	 -1 	 0.0463985 
0.208 	 -0.792 	 -1 	 0.0471466 
0.204 	 -0.799 	 -1 	 0.0479871 
0.2 	 -0.806 	 -1 	 0.0485718 
0.196 	 -0.814 	 -1 	 0.049038 
0.192 	 -0.821 	 -1 	 0.0492662 
0.188 	 -0.828 	 -1 	 0.0501095 
0.184 	 -0.834 	 -1 	 0.0507938 
0.18 	 -0.841 	 -1 	 0.051426 
0.176 	 -0.848 	 -1 	 0.0518668 
0.172 	 -0.854 	 -1 	 0.0520856 
0.168 	 -0.86 	 -1 	 0.0527386 
0.164 	 -0.867 	 -1 	 0.0535672 
0.16 	 -0.873 	 -1 	 0.0541068 
0.156 	 -0.879 	 -1 	 0.0544228 
0.152 	 -0.884 	 -1 	 0.054642 
0.148 	 -0.89 	 -1 	 0.0550885 
0.144 	 -0.896 	 -1 	 0.0556756 
0.14 	 -0.901 	 -1 	 0.056198 
0.136 	 -0.906 	 -1 	 0.0564655 
0.132 	 -0.912 	 -1 	 0.0565768 
0.128 	 -0.916 	 -1 	 0.056557 
0.124 	 -0.921 	 -1 	 0.0570456 
0.12 	 -0.926 	 -1 	 0.0572972 
0.116 	 -0.931 	 -1 	 0.05745 
0.112 	 -0.936 	 -1 	 0.0574077 
0.108 	 -0.94 	 -1 	 0.0572295 
0.104 	 -0.945 	 -1 	 0.0568181 
0.1 	 -0.949 	 -1 	 0.0568226 
0.096 	 -0.953 	 -1 	 0.0567781 
0.092 	 -0.958 	 -1 	 0.0565455 
0.088 	 -0.962 	 -1 	 0.0561749 
0.084 	 -0.965 	 -1 	 0.0556765 
0.08 	 -0.969 	 -1 	 0.0549655 
0.076 	 -0.973 	 -1 	 0.0540703 
0.072 	 -0.977 	 -1 	 0.0532126 
0.068 	 -0.98 	 -1 	 0.0525399 
0.064 	 -0.983 	 -1 	 0.0518592 
0.06 	 -0.987 	 -1 	 0.0509564 
0.056 	 -0.99 	 -1 	 0.0496404 
0.052 	 -0.993 	 -1 	 0.0483714 
0.048 	 -0.996 	 -1 	 0.0472918 
0.044 	 -0.998 	 -1 	 0.0457223 
0.04 	 -0.999 	 -1 	 0.0450984 
0.036 	 -1 	 0 	 0.0444433 
0.032 	 -1.001 	 0 	 0.0437503 
0.028 	 -1.003 	 0 	 0.0428523 
0.024 	 -1.005 	 0 	 0.0405681 
0.02 	 -1.008 	 0 	 0.0376784 
0.016 	 -1.011 	 0 	 0.0342356 
0.012 	 -1.014 	 0 	 0.0308958 
0.008 	 -1.017 	 0 	 0.0258541 
0.004 	 -1.019 	 0 	 0.0181503 

0.5 	 0 	 -1 	 0.029829 
0.504 	 0.01 	 -1 	 0.0287849 
0.508 	 0.023 	 -1 	 0.0250603 
0.512 	 0.04 	 -1 	 0.0251435 
0.516 	 0.052 	 -1 	 0.0286345 
0.52 	 0.063 	 -1 	 0.0298832 
0.524 	 0.073 	 -1 	 0.028827 
0.528 	 0.085 	 -1 	 0.0254755 
0.532 	 0.103 	 -1 	 0.0255096 
0.536 	 0.115 	 -1 	 0.0289226 
0.54 	 0.125 	 -1 	 0.030049 
0.544 	 0.136 	 -1 	 0.0289508 
0.548 	 0.148 	 -1 	 0.0257195 
0.552 	 0.165 	 -1 	 0.0259201 
0.556 	 0.177 	 -1 	 0.0292135 
0.56 	 0.187 	 -1 	 0.0303363 
0.564 	 0.198 	 -1 	 0.0293147 
0.568 	 0.21 	 -1 	 0.026317 
0.572 	 0.226 	 -1 	 0.0264675 
0.576 	 0.238 	 -1 	 0.0295919 
0.58 	 0.249 	 -1 	 0.0307561 
0.584 	 0.259 	 -1 	 0.0298684 
0.588 	 0.271 	 -1 	 0.0271782 
0.592 	 0.286 	 -1 	 0.0272371 
0.596 	 0.299 	 -1 	 0.0301749 
0.6 	 0.309 	 -1 	 0.0313095 
0.604 	 0.319 	 -1 	 0.030572 
0.608 	 0.331 	 -1 	 0.0282309 
0.612 	 0.346 	 -1 	 0.0284766 
0.616 	 0.358 	 -1 	 0.0310488 
0.62 	 0.368 	 -1 	 0.0320133 
0.624 	 0.378 	 -1 	 0.0314098 
0.628 	 0.39 	 -1 	 0.0294407 
0.632 	 0.403 	 -1 	 0.0297312 
0.636 	 0.415 	 -1 	 0.0318855 
0.64 	 0.425 	 -1 	 0.032882 
0.644 	 0.436 	 -1 	 0.0323808 
0.648 	 0.447 	 -1 	 0.0309197 
0.652 	 0.46 	 -1 	 0.0312274 
0.656 	 0.471 	 -1 	 0.0330403 
0.66 	 0.481 	 -1 	 0.0339626 
0.664 	 0.491 	 -1 	 0.0336888 
0.668 	 0.502 	 -1 	 0.0325996 
0.672 	 0.514 	 -1 	 0.0328686 
0.676 	 0.525 	 -1 	 0.0344091 
0.68 	 0.535 	 -1 	 0.0352671 
0.684 	 0.545 	 -1 	 0.0351364 
0.688 	 0.556 	 -1 	 0.0343858 
0.692 	 0.567 	 -1 	 0.0348368 
0.696 	 0.577 	 -1 	 0.0360401 
0.7 	 0.587 	 -1 	 0.0368287 
0.704 	 0.597 	 -1 	 0.0368348 
0.708 	 0.607 	 -1 	 0.036416 
0.712 	 0.617 	 -1 	 0.0369137 
0.716 	 0.627 	 -1 	 0.0379614 
0.72 	 0.636 	 -1 	 0.0386367 
0.724 	 0.646 	 -1 	 0.0388123 
0.728 	 0.655 	 -1 	 0.0386458 
0.732 	 0.665 	 -1 	 0.039232 
0.736 	 0.674 	 -1 	 0.0400975 
0.74 	 0.683 	 -1 	 0.0407549 
0.744 	 0.692 	 -1 	 0.0410379 
0.748 	 0.701 	 -1 	 0.0410475 
0.752 	 0.71 	 -1 	 0.0417114 
0.756 	 0.719 	 -1 	 0.0425543 
0.76 	 0.727 	 -1 	 0.0431395 
0.764 	 0.736 	 -1 	 0.0435186 
0.768 	 0.744 	 -1 	 0.0436385 
0.772 	 0.752 	 -1 	 0.0443538 
0.776 	 0.76 	 -1 	 0.04514 
0.78 	 0.768 	 -1 	 0.0457673 
0.784 	 0.776 	 -1 	 0.0461858 
0.788 	 0.784 	 -1 	 0.0463985 
0.792 	 0.792 	 -1 	 0.0471742 
0.796 	 0.799 	 -1 	 0.0479871 
0.8 	 0.806 	 -1 	 0.0485693 
0.804 	 0.814 	 -1 	 0.0490338 
0.808 	 0.821 	 -1 	 0.0492685 
0.812 	 0.828 	 -1 	 0.0501108 
0.816 	 0.834 	 -1 	 0.0507948 
0.82 	 0.841 	 -1 	 0.0514263 
0.824 	 0.848 	 -1 	 0.0518659 
0.828 	 0.854 	 -1 	 0.0520871 
0.832 	 0.86 	 -1 	 0.0527391 
0.836 	 0.867 	 -1 	 0.0535371 
0.84 	 0.873 	 -1 	 0.0541105 
0.844 	 0.879 	 -1 	 0.0544555 
0.848 	 0.884 	 -1 	 0.0546418 
0.852 	 0.89 	 -1 	 0.0550891 
0.856 	 0.896 	 -1 	 0.0557095 
0.86 	 0.901 	 -1 	 0.0561979 
0.864 	 0.906 	 -1 	 0.0564667 
0.868 	 0.912 	 -1 	 0.0565828 
0.872 	 0.916 	 -1 	 0.0565233 
0.876 	 0.921 	 -1 	 0.0570123 
0.88 	 0.926 	 -1 	 0.0572968 
0.884 	 0.931 	 -1 	 0.0574508 
0.888 	 0.936 	 -1 	 0.0574092 
0.892 	 0.94 	 -1 	 0.0572296 
0.896 	 0.945 	 -1 	 0.0568189 
0.9 	 0.949 	 -1 	 0.0568234 
0.904 	 0.953 	 -1 	 0.0567788 
0.908 	 0.958 	 -1 	 0.0565756 
0.912 	 0.962 	 -1 	 0.0562052 
0.916 	 0.965 	 -1 	 0.0556769 
0.92 	 0.969 	 -1 	 0.0549649 
0.924 	 0.973 	 -1 	 0.0540711 
0.928 	 0.977 	 -1 	 0.0532453 
0.932 	 0.98 	 -1 	 0.052539 
0.936 	 0.983 	 -1 	 0.0518575 
0.94 	 0.987 	 -1 	 0.0509902 
0.944 	 0.99 	 -1 	 0.0496409 
0.948 	 0.993 	 -1 	 0.0483708 
0.952 	 0.996 	 -1 	 0.0473336 
0.956 	 0.998 	 -1 	 0.0457227 
0.96 	 0.999 	 -1 	 0.0450976 
0.964 	 1 	 0 	 0.0444443 
0.968 	 1.001 	 0 	 0.0437514 
0.972 	 1.003 	 0 	 0.0428942 
0.976 	 1.005 	 0 	 0.0405662 
0.98 	 1.008 	 0 	 0.0376785 
0.984 	 1.011 	 0 	 0.0342392 
0.988 	 1.014 	 0 	 0.0304565 
0.992 	 1.017 	 0 	 0.0252062 
0.996 	 1.02 	 0 	 0.0182954 
