fill 	 mu 	 muteo 
0 	 -3 	 -1 
0.005 	 -3 	 -0.999877 
0.01 	 -0.999 	 -0.999507 
0.015 	 -0.999 	 -0.99889 
0.02 	 -0.999 	 -0.998027 
0.025 	 -0.998 	 -0.996917 
0.03 	 -0.996 	 -0.995562 
0.035 	 -0.994 	 -0.993961 
0.04 	 -0.994 	 -0.992115 
0.045 	 -0.992 	 -0.990024 
0.05 	 -0.989 	 -0.987688 
0.055 	 -0.985 	 -0.985109 
0.06 	 -0.985 	 -0.982287 
0.065 	 -0.982 	 -0.979223 
0.07 	 -0.978 	 -0.975917 
0.075 	 -0.973 	 -0.97237 
0.08 	 -0.968 	 -0.968583 
0.085 	 -0.968 	 -0.964557 
0.09 	 -0.963 	 -0.960294 
0.095 	 -0.957 	 -0.955793 
0.1 	 -0.951 	 -0.951057 
0.105 	 -0.951 	 -0.946085 
0.11 	 -0.944 	 -0.940881 
0.115 	 -0.937 	 -0.935444 
0.12 	 -0.929 	 -0.929776 
0.125 	 -0.929 	 -0.92388 
0.13 	 -0.921 	 -0.917755 
0.135 	 -0.913 	 -0.911403 
0.14 	 -0.904 	 -0.904827 
0.145 	 -0.904 	 -0.898028 
0.15 	 -0.895 	 -0.891007 
0.155 	 -0.886 	 -0.883766 
0.16 	 -0.876 	 -0.876307 
0.165 	 -0.876 	 -0.868632 
0.17 	 -0.866 	 -0.860742 
0.175 	 -0.855 	 -0.85264 
0.18 	 -0.844 	 -0.844328 
0.185 	 -0.844 	 -0.835807 
0.19 	 -0.832 	 -0.827081 
0.195 	 -0.821 	 -0.81815 
0.2 	 -0.809 	 -0.809017 
0.205 	 -0.809 	 -0.799685 
0.21 	 -0.796 	 -0.790155 
0.215 	 -0.783 	 -0.78043 
0.22 	 -0.77 	 -0.770513 
0.225 	 -0.77 	 -0.760406 
0.23 	 -0.756 	 -0.750111 
0.235 	 -0.743 	 -0.739631 
0.24 	 -0.728 	 -0.728969 
0.245 	 -0.728 	 -0.718126 
0.25 	 -0.714 	 -0.707107 
0.255 	 -0.699 	 -0.695913 
0.26 	 -0.684 	 -0.684547 
0.265 	 -0.684 	 -0.673013 
0.27 	 -0.669 	 -0.661312 
0.275 	 -0.653 	 -0.649448 
0.28 	 -0.637 	 -0.637424 
0.285 	 -0.637 	 -0.625243 
0.29 	 -0.621 	 -0.612907 
0.295 	 -0.604 	 -0.60042 
0.3 	 -0.604 	 -0.587785 
0.305 	 -0.587 	 -0.575005 
0.31 	 -0.57 	 -0.562083 
0.315 	 -0.553 	 -0.549023 
0.32 	 -0.553 	 -0.535827 
0.325 	 -0.535 	 -0.522499 
0.33 	 -0.518 	 -0.509041 
0.335 	 -0.5 	 -0.495459 
0.34 	 -0.499 	 -0.481754 
0.345 	 -0.481 	 -0.46793 
0.35 	 -0.463 	 -0.45399 
0.355 	 -0.444 	 -0.439939 
0.36 	 -0.444 	 -0.425779 
0.365 	 -0.425 	 -0.411514 
0.37 	 -0.406 	 -0.397148 
0.375 	 -0.387 	 -0.382683 
0.38 	 -0.387 	 -0.368125 
0.385 	 -0.368 	 -0.353475 
0.39 	 -0.348 	 -0.338738 
0.395 	 -0.328 	 -0.323917 
0.4 	 -0.328 	 -0.309017 
0.405 	 -0.309 	 -0.29404 
0.41 	 -0.289 	 -0.278991 
0.415 	 -0.268 	 -0.263873 
0.42 	 -0.268 	 -0.24869 
0.425 	 -0.248 	 -0.233445 
0.43 	 -0.228 	 -0.218143 
0.435 	 -0.207 	 -0.202787 
0.44 	 -0.207 	 -0.187381 
0.445 	 -0.187 	 -0.171929 
0.45 	 -0.166 	 -0.156434 
0.455 	 -0.146 	 -0.140901 
0.46 	 -0.146 	 -0.125333 
0.465 	 -0.125 	 -0.109734 
0.47 	 -0.104 	 -0.0941083 
0.475 	 -0.083 	 -0.0784591 
0.48 	 -0.083 	 -0.0627905 
0.485 	 -0.062 	 -0.0471065 
0.49 	 -0.041 	 -0.0314108 
0.495 	 -0.02 	 -0.0157073 
0.5 	 0 	 -6.12323e-17 
0.505 	 0.001 	 0.0157073 
0.51 	 0.021 	 0.0314108 
0.515 	 0.042 	 0.0471065 
0.52 	 0.042 	 0.0627905 
0.525 	 0.063 	 0.0784591 
0.53 	 0.084 	 0.0941083 
0.535 	 0.105 	 0.109734 
0.54 	 0.105 	 0.125333 
0.545 	 0.126 	 0.140901 
0.55 	 0.147 	 0.156434 
0.555 	 0.167 	 0.171929 
0.56 	 0.167 	 0.187381 
0.565 	 0.188 	 0.202787 
0.57 	 0.208 	 0.218143 
0.575 	 0.229 	 0.233445 
0.58 	 0.229 	 0.24869 
0.585 	 0.249 	 0.263873 
0.59 	 0.269 	 0.278991 
0.595 	 0.29 	 0.29404 
0.6 	 0.29 	 0.309017 
0.605 	 0.31 	 0.323917 
0.61 	 0.329 	 0.338738 
0.615 	 0.349 	 0.353475 
0.62 	 0.349 	 0.368125 
0.625 	 0.369 	 0.382683 
0.63 	 0.388 	 0.397148 
0.635 	 0.407 	 0.411514 
0.64 	 0.426 	 0.425779 
0.645 	 0.426 	 0.439939 
0.65 	 0.445 	 0.45399 
0.655 	 0.464 	 0.46793 
0.66 	 0.482 	 0.481754 
0.665 	 0.5 	 0.495459 
0.67 	 0.501 	 0.509041 
0.675 	 0.519 	 0.522499 
0.68 	 0.536 	 0.535827 
0.685 	 0.536 	 0.549023 
0.69 	 0.554 	 0.562083 
0.695 	 0.571 	 0.575005 
0.7 	 0.588 	 0.587785 
0.705 	 0.588 	 0.60042 
0.71 	 0.605 	 0.612907 
0.715 	 0.622 	 0.625243 
0.72 	 0.638 	 0.637424 
0.725 	 0.638 	 0.649448 
0.73 	 0.654 	 0.661312 
0.735 	 0.67 	 0.673013 
0.74 	 0.685 	 0.684547 
0.745 	 0.685 	 0.695913 
0.75 	 0.7 	 0.707107 
0.755 	 0.715 	 0.718126 
0.76 	 0.729 	 0.728969 
0.765 	 0.729 	 0.739631 
0.77 	 0.744 	 0.750111 
0.775 	 0.757 	 0.760406 
0.78 	 0.771 	 0.770513 
0.785 	 0.771 	 0.78043 
0.79 	 0.784 	 0.790155 
0.795 	 0.797 	 0.799685 
0.8 	 0.81 	 0.809017 
0.805 	 0.81 	 0.81815 
0.81 	 0.822 	 0.827081 
0.815 	 0.833 	 0.835807 
0.82 	 0.845 	 0.844328 
0.825 	 0.845 	 0.85264 
0.83 	 0.856 	 0.860742 
0.835 	 0.867 	 0.868632 
0.84 	 0.877 	 0.876307 
0.845 	 0.877 	 0.883766 
0.85 	 0.887 	 0.891007 
0.855 	 0.896 	 0.898028 
0.86 	 0.905 	 0.904827 
0.865 	 0.905 	 0.911403 
0.87 	 0.914 	 0.917755 
0.875 	 0.922 	 0.92388 
0.88 	 0.93 	 0.929776 
0.885 	 0.93 	 0.935444 
0.89 	 0.938 	 0.940881 
0.895 	 0.945 	 0.946085 
0.9 	 0.952 	 0.951057 
0.905 	 0.952 	 0.955793 
0.91 	 0.958 	 0.960294 
0.915 	 0.964 	 0.964557 
0.92 	 0.969 	 0.968583 
0.925 	 0.969 	 0.97237 
0.93 	 0.974 	 0.975917 
0.935 	 0.979 	 0.979223 
0.94 	 0.983 	 0.982287 
0.945 	 0.983 	 0.985109 
0.95 	 0.986 	 0.987688 
0.955 	 0.99 	 0.990024 
0.96 	 0.993 	 0.992115 
0.965 	 0.993 	 0.993961 
0.97 	 0.995 	 0.995562 
0.975 	 0.997 	 0.996917 
0.98 	 0.999 	 0.998027 
0.985 	 0.999 	 0.99889 
0.99 	 1 	 0.999507 
0.995 	 1 	 0.999877 
