mu 	 CS1 	 Deltamax 	 Nmu/N 	 Emin 	 check 
-1 	 -0.999723 	 0.307219 	 0.171049 	 0.166442 	 12 
-0.995 	 -0.99972 	 0.310177 	 0.173079 	 0.169921 	 12 
-0.99 	 -0.999716 	 0.3131 	 0.175089 	 0.173355 	 12 
-0.985 	 -0.999713 	 0.315996 	 0.177078 	 0.176788 	 12 
-0.98 	 -0.999709 	 0.31886 	 0.179048 	 0.180184 	 12 
-0.975 	 -0.999706 	 0.321692 	 0.180999 	 0.183578 	 12 
-0.97 	 -0.999703 	 0.324495 	 0.182933 	 0.186934 	 12 
-0.965 	 -0.999699 	 0.327269 	 0.184849 	 0.190293 	 12 
-0.96 	 -0.999696 	 0.330014 	 0.186748 	 0.193607 	 12 
-0.955 	 -0.999692 	 0.332732 	 0.188632 	 0.196936 	 12 
-0.95 	 -0.999689 	 0.335422 	 0.190499 	 0.200207 	 12 
-0.945 	 -0.999685 	 0.338075 	 0.192352 	 0.203505 	 11 
-0.94 	 -0.999682 	 0.340722 	 0.19419 	 0.206731 	 11 
-0.935 	 -0.999678 	 0.343344 	 0.196014 	 0.210013 	 11 
-0.93 	 -0.999675 	 0.345942 	 0.197825 	 0.213192 	 11 
-0.925 	 -0.999671 	 0.348517 	 0.199623 	 0.216432 	 11 
-0.92 	 -0.999668 	 0.351069 	 0.201408 	 0.21959 	 11 
-0.915 	 -0.999664 	 0.353599 	 0.203181 	 0.222781 	 11 
-0.91 	 -0.999661 	 0.356107 	 0.204942 	 0.225926 	 11 
-0.905 	 -0.999657 	 0.358594 	 0.206691 	 0.229067 	 11 
-0.9 	 -0.999653 	 0.361063 	 0.208429 	 0.232205 	 11 
-0.895 	 -0.99965 	 0.363515 	 0.210156 	 0.235296 	 11 
-0.89 	 -0.999646 	 0.365948 	 0.211872 	 0.238429 	 11 
-0.885 	 -0.999643 	 0.368362 	 0.213579 	 0.241468 	 11 
-0.88 	 -0.999639 	 0.370756 	 0.215275 	 0.244564 	 11 
-0.875 	 -0.999635 	 0.373132 	 0.216962 	 0.247589 	 11 
-0.87 	 -0.999632 	 0.37549 	 0.218639 	 0.250632 	 11 
-0.865 	 -0.999628 	 0.37783 	 0.220307 	 0.253662 	 11 
-0.86 	 -0.999625 	 0.380152 	 0.221966 	 0.256651 	 11 
-0.855 	 -0.999621 	 0.382461 	 0.223616 	 0.259689 	 11 
-0.85 	 -0.999617 	 0.384757 	 0.225258 	 0.262623 	 11 
-0.845 	 -0.999613 	 0.387036 	 0.226892 	 0.265611 	 11 
-0.84 	 -0.99961 	 0.389298 	 0.228518 	 0.268552 	 11 
-0.835 	 -0.999606 	 0.391545 	 0.230136 	 0.271485 	 11 
-0.83 	 -0.999602 	 0.393762 	 0.231746 	 0.274435 	 10 
-0.825 	 -0.999599 	 0.395978 	 0.233349 	 0.277312 	 10 
-0.82 	 -0.999595 	 0.398179 	 0.234945 	 0.280242 	 10 
-0.815 	 -0.999591 	 0.400364 	 0.236533 	 0.283108 	 10 
-0.81 	 -0.999587 	 0.40254 	 0.238115 	 0.285981 	 10 
-0.805 	 -0.999583 	 0.404704 	 0.239691 	 0.28887 	 10 
-0.8 	 -0.99958 	 0.406854 	 0.24126 	 0.291685 	 10 
-0.795 	 -0.999576 	 0.40899 	 0.242822 	 0.294551 	 10 
-0.79 	 -0.999572 	 0.411111 	 0.244379 	 0.297358 	 10 
-0.785 	 -0.999568 	 0.41322 	 0.245929 	 0.300165 	 10 
-0.78 	 -0.999564 	 0.415314 	 0.247473 	 0.303002 	 10 
-0.775 	 -0.99956 	 0.417396 	 0.249012 	 0.30575 	 10 
-0.77 	 -0.999556 	 0.419464 	 0.250545 	 0.308548 	 10 
-0.765 	 -0.999552 	 0.421525 	 0.252073 	 0.311309 	 10 
-0.76 	 -0.999548 	 0.423575 	 0.253595 	 0.314048 	 10 
-0.755 	 -0.999544 	 0.425613 	 0.255113 	 0.316835 	 10 
-0.75 	 -0.99954 	 0.427638 	 0.256625 	 0.319523 	 10 
-0.745 	 -0.999536 	 0.429651 	 0.258132 	 0.322251 	 10 
-0.74 	 -0.999532 	 0.431652 	 0.259634 	 0.324977 	 10 
-0.735 	 -0.999528 	 0.433641 	 0.261132 	 0.327645 	 10 
-0.73 	 -0.999524 	 0.435618 	 0.262625 	 0.33036 	 10 
-0.725 	 -0.99952 	 0.437583 	 0.264113 	 0.33302 	 10 
-0.72 	 -0.999516 	 0.439542 	 0.265597 	 0.335674 	 10 
-0.715 	 -0.999511 	 0.441492 	 0.267077 	 0.338376 	 10 
-0.71 	 -0.999507 	 0.443431 	 0.268553 	 0.340972 	 10 
-0.705 	 -0.999503 	 0.445359 	 0.270024 	 0.343612 	 10 
-0.7 	 -0.999499 	 0.447275 	 0.271492 	 0.346255 	 10 
-0.695 	 -0.999494 	 0.44918 	 0.272956 	 0.348834 	 10 
-0.69 	 -0.99949 	 0.451075 	 0.274415 	 0.351459 	 10 
-0.685 	 -0.999486 	 0.452959 	 0.275872 	 0.354043 	 10 
-0.68 	 -0.999481 	 0.454831 	 0.277324 	 0.356607 	 10 
-0.675 	 -0.999477 	 0.456699 	 0.278773 	 0.359216 	 10 
-0.67 	 -0.999473 	 0.45856 	 0.280219 	 0.361744 	 10 
-0.665 	 -0.999468 	 0.460409 	 0.281661 	 0.364292 	 10 
-0.66 	 -0.999464 	 0.462249 	 0.2831 	 0.366873 	 10 
-0.655 	 -0.999459 	 0.464078 	 0.284535 	 0.369359 	 10 
-0.65 	 -0.999455 	 0.465897 	 0.285968 	 0.371889 	 10 
-0.645 	 -0.99945 	 0.467691 	 0.287396 	 0.374411 	 9 
-0.64 	 -0.999446 	 0.469491 	 0.288823 	 0.376879 	 9 
-0.635 	 -0.999441 	 0.47128 	 0.290247 	 0.379392 	 9 
-0.63 	 -0.999437 	 0.473064 	 0.291667 	 0.381873 	 9 
-0.625 	 -0.999432 	 0.474843 	 0.293085 	 0.384323 	 9 
-0.62 	 -0.999427 	 0.476611 	 0.2945 	 0.386817 	 9 
-0.615 	 -0.999423 	 0.47837 	 0.295913 	 0.389251 	 9 
-0.61 	 -0.999418 	 0.480119 	 0.297323 	 0.391683 	 9 
-0.605 	 -0.999413 	 0.481859 	 0.298731 	 0.394156 	 9 
-0.6 	 -0.999408 	 0.483589 	 0.300136 	 0.396547 	 9 
-0.595 	 -0.999403 	 0.48531 	 0.301539 	 0.398959 	 9 
-0.59 	 -0.999399 	 0.487021 	 0.302939 	 0.40141 	 9 
-0.585 	 -0.999394 	 0.488728 	 0.304337 	 0.40376 	 9 
-0.58 	 -0.999389 	 0.49043 	 0.305733 	 0.406151 	 9 
-0.575 	 -0.999384 	 0.492122 	 0.307127 	 0.408561 	 9 
-0.57 	 -0.999379 	 0.493806 	 0.308519 	 0.410891 	 9 
-0.565 	 -0.999374 	 0.49548 	 0.309908 	 0.413262 	 9 
-0.56 	 -0.999369 	 0.497145 	 0.311296 	 0.415632 	 9 
-0.555 	 -0.999364 	 0.498802 	 0.312682 	 0.417941 	 9 
-0.55 	 -0.999358 	 0.500449 	 0.314066 	 0.420291 	 9 
-0.545 	 -0.999353 	 0.502087 	 0.315448 	 0.422623 	 9 
-0.54 	 -0.999348 	 0.50372 	 0.316829 	 0.424912 	 9 
-0.535 	 -0.999343 	 0.50535 	 0.318207 	 0.42724 	 9 
-0.53 	 -0.999338 	 0.506971 	 0.319584 	 0.429535 	 9 
-0.525 	 -0.999332 	 0.508583 	 0.32096 	 0.431802 	 9 
-0.52 	 -0.999327 	 0.510187 	 0.322334 	 0.434108 	 9 
-0.515 	 -0.999322 	 0.511782 	 0.323706 	 0.436368 	 9 
-0.51 	 -0.999316 	 0.513368 	 0.325077 	 0.438613 	 9 
-0.505 	 -0.999311 	 0.514946 	 0.326447 	 0.440897 	 9 
-0.5 	 -0.999305 	 0.516515 	 0.327815 	 0.443122 	 9 
-0.495 	 -0.9993 	 0.518077 	 0.329182 	 0.445345 	 9 
-0.49 	 -0.999294 	 0.519638 	 0.330547 	 0.447607 	 9 
-0.485 	 -0.999288 	 0.521191 	 0.331912 	 0.449799 	 9 
-0.48 	 -0.999283 	 0.522736 	 0.333275 	 0.452 	 9 
-0.475 	 -0.999277 	 0.524272 	 0.334637 	 0.454239 	 9 
-0.47 	 -0.999271 	 0.525799 	 0.335998 	 0.456398 	 9 
-0.465 	 -0.999265 	 0.527318 	 0.337358 	 0.458576 	 9 
-0.46 	 -0.99926 	 0.528829 	 0.338717 	 0.460792 	 9 
-0.455 	 -0.999254 	 0.530332 	 0.340075 	 0.46292 	 9 
-0.45 	 -0.999248 	 0.531826 	 0.341432 	 0.465075 	 9 
-0.445 	 -0.999242 	 0.533321 	 0.342788 	 0.467268 	 9 
-0.44 	 -0.999236 	 0.534808 	 0.344143 	 0.469365 	 9 
-0.435 	 -0.99923 	 0.536287 	 0.345498 	 0.471497 	 9 
-0.43 	 -0.999224 	 0.537757 	 0.346852 	 0.47366 	 9 
-0.425 	 -0.999218 	 0.539219 	 0.348205 	 0.475733 	 9 
-0.42 	 -0.999211 	 0.540674 	 0.349557 	 0.477842 	 9 
-0.415 	 -0.999205 	 0.54212 	 0.350909 	 0.479975 	 9 
-0.41 	 -0.999199 	 0.543557 	 0.35226 	 0.482024 	 9 
-0.405 	 -0.999192 	 0.544987 	 0.35361 	 0.48411 	 9 
-0.4 	 -0.999186 	 0.546415 	 0.35496 	 0.486212 	 9 
-0.395 	 -0.99918 	 0.547838 	 0.35631 	 0.488239 	 9 
-0.39 	 -0.999173 	 0.549253 	 0.357659 	 0.490302 	 9 
-0.385 	 -0.999167 	 0.55066 	 0.359007 	 0.492373 	 9 
-0.38 	 -0.99916 	 0.552058 	 0.360355 	 0.494377 	 9 
-0.375 	 -0.999153 	 0.553449 	 0.361703 	 0.496417 	 9 
-0.37 	 -0.999147 	 0.554831 	 0.363051 	 0.498458 	 9 
-0.365 	 -0.99914 	 0.556206 	 0.364398 	 0.500439 	 9 
-0.36 	 -0.999133 	 0.557572 	 0.365745 	 0.502455 	 9 
-0.355 	 -0.999126 	 0.558935 	 0.367092 	 0.504466 	 9 
-0.35 	 -0.999119 	 0.560294 	 0.368439 	 0.506424 	 9 
-0.345 	 -0.999112 	 0.561646 	 0.369785 	 0.508417 	 9 
-0.34 	 -0.999105 	 0.56299 	 0.371131 	 0.510397 	 9 
-0.335 	 -0.999098 	 0.564326 	 0.372478 	 0.512332 	 9 
-0.33 	 -0.999091 	 0.565653 	 0.373824 	 0.514302 	 9 
-0.325 	 -0.999084 	 0.566973 	 0.37517 	 0.51625 	 9 
-0.32 	 -0.999076 	 0.568285 	 0.376517 	 0.518163 	 9 
-0.315 	 -0.999069 	 0.569575 	 0.377862 	 0.520099 	 8 
-0.31 	 -0.999062 	 0.570872 	 0.379209 	 0.522016 	 8 
-0.305 	 -0.999054 	 0.57217 	 0.380556 	 0.523905 	 8 
-0.3 	 -0.999047 	 0.573459 	 0.381902 	 0.525829 	 8 
-0.295 	 -0.999039 	 0.574741 	 0.383249 	 0.527715 	 8 
-0.29 	 -0.999031 	 0.576014 	 0.384597 	 0.529581 	 8 
-0.285 	 -0.999024 	 0.577279 	 0.385944 	 0.531482 	 8 
-0.28 	 -0.999016 	 0.578536 	 0.387292 	 0.533335 	 8 
-0.275 	 -0.999008 	 0.579785 	 0.38864 	 0.535179 	 8 
-0.27 	 -0.999 	 0.581026 	 0.389988 	 0.537056 	 8 
-0.265 	 -0.998992 	 0.582259 	 0.391337 	 0.538876 	 8 
-0.26 	 -0.998984 	 0.583493 	 0.392686 	 0.540697 	 8 
-0.255 	 -0.998976 	 0.584719 	 0.394036 	 0.542552 	 8 
-0.25 	 -0.998967 	 0.585938 	 0.395386 	 0.544338 	 8 
-0.245 	 -0.998959 	 0.587149 	 0.396737 	 0.546137 	 8 
-0.24 	 -0.998951 	 0.588351 	 0.398088 	 0.547969 	 8 
-0.235 	 -0.998942 	 0.589545 	 0.39944 	 0.549719 	 8 
-0.23 	 -0.998934 	 0.590731 	 0.400793 	 0.551496 	 8 
-0.225 	 -0.998925 	 0.591909 	 0.402146 	 0.553298 	 8 
-0.22 	 -0.998916 	 0.593079 	 0.4035 	 0.55502 	 8 
-0.215 	 -0.998908 	 0.594245 	 0.404854 	 0.556774 	 8 
-0.21 	 -0.998899 	 0.595409 	 0.40621 	 0.558539 	 8 
-0.205 	 -0.99889 	 0.596577 	 0.407566 	 0.56025 	 9 
-0.2 	 -0.998881 	 0.597724 	 0.408923 	 0.561982 	 9 
-0.195 	 -0.998871 	 0.598863 	 0.410281 	 0.563708 	 9 
-0.19 	 -0.998862 	 0.599994 	 0.411639 	 0.565387 	 9 
-0.185 	 -0.998853 	 0.601116 	 0.412999 	 0.567097 	 9 
-0.18 	 -0.998844 	 0.60223 	 0.414359 	 0.568783 	 9 
-0.175 	 -0.998834 	 0.603336 	 0.41572 	 0.57044 	 9 
-0.17 	 -0.998825 	 0.604433 	 0.417083 	 0.572128 	 9 
-0.165 	 -0.998815 	 0.605536 	 0.418446 	 0.573776 	 10 
-0.16 	 0.998805 	 0.606625 	 0.41981 	 0.575406 	 9 
-0.155 	 0.998795 	 0.607711 	 0.421176 	 0.577077 	 9 
-0.15 	 0.998785 	 0.608775 	 0.422542 	 0.578663 	 8 
-0.145 	 0.998775 	 0.609844 	 0.42391 	 0.580283 	 8 
-0.14 	 0.998765 	 0.610904 	 0.425279 	 0.581927 	 8 
-0.135 	 0.998755 	 0.611955 	 0.426649 	 0.583493 	 8 
-0.13 	 0.998744 	 0.612998 	 0.428021 	 0.58509 	 8 
-0.125 	 0.998734 	 0.614031 	 0.429393 	 0.586686 	 8 
-0.12 	 0.998723 	 0.615065 	 0.430767 	 0.588232 	 8 
-0.115 	 0.998713 	 0.616092 	 0.432143 	 0.589808 	 8 
-0.11 	 0.998702 	 0.617098 	 0.433519 	 0.591336 	 7 
-0.105 	 0.998691 	 0.618109 	 0.434897 	 0.592863 	 7 
-0.1 	 0.99868 	 0.619111 	 0.436277 	 0.59442 	 7 
-0.095 	 0.998669 	 0.620104 	 0.437658 	 0.595918 	 7 
-0.09 	 0.998657 	 0.621088 	 0.439041 	 0.597424 	 7 
-0.085 	 0.998646 	 0.622063 	 0.440425 	 0.598951 	 7 
-0.08 	 0.998634 	 0.62303 	 0.441811 	 0.600408 	 7 
-0.075 	 0.998623 	 0.623992 	 0.443198 	 0.601894 	 7 
-0.07 	 0.998611 	 0.624951 	 0.444587 	 0.603367 	 7 
-0.065 	 0.998599 	 0.625902 	 0.445978 	 0.604804 	 7 
-0.06 	 0.998587 	 0.626844 	 0.44737 	 0.606271 	 7 
-0.055 	 0.998575 	 0.627778 	 0.448764 	 0.607688 	 7 
-0.05 	 0.998563 	 0.628702 	 0.45016 	 0.609107 	 7 
-0.045 	 0.99855 	 0.629617 	 0.451558 	 0.610544 	 7 
-0.04 	 0.998537 	 0.630524 	 0.452958 	 0.611915 	 7 
-0.035 	 0.998525 	 0.631421 	 0.454359 	 0.613314 	 7 
-0.03 	 0.998512 	 0.632309 	 0.455762 	 0.614692 	 7 
-0.025 	 0.998499 	 0.633198 	 0.457168 	 0.616045 	 7 
-0.02 	 0.998486 	 0.634079 	 0.458575 	 0.617427 	 7 
-0.015 	 0.998472 	 0.634951 	 0.459984 	 0.618743 	 7 
-0.01 	 0.998459 	 0.635815 	 0.461396 	 0.620078 	 7 
-0.005 	 0.998445 	 0.636668 	 0.462809 	 0.621406 	 7 
8.20524e-16 	 0.998431 	 0.637513 	 0.464225 	 0.622695 	 7 
0.005 	 0.998417 	 0.638349 	 0.465643 	 0.624013 	 7 
0.01 	 0.998403 	 0.639164 	 0.467062 	 0.625254 	 6 
0.015 	 0.998389 	 0.639981 	 0.468485 	 0.626527 	 6 
0.02 	 0.998375 	 0.640793 	 0.469909 	 0.627795 	 6 
0.025 	 0.99836 	 0.641603 	 0.471336 	 0.629023 	 6 
0.03 	 0.998345 	 0.642403 	 0.472766 	 0.630281 	 6 
0.035 	 0.99833 	 0.643194 	 0.474197 	 0.631477 	 6 
0.04 	 0.998315 	 0.643975 	 0.475631 	 0.63269 	 6 
0.045 	 0.998299 	 0.644747 	 0.477068 	 0.633886 	 6 
0.05 	 0.998284 	 0.645509 	 0.478507 	 0.635056 	 6 
0.055 	 0.998268 	 0.646261 	 0.479949 	 0.636247 	 6 
0.06 	 0.998252 	 0.647004 	 0.481393 	 0.637373 	 6 
0.065 	 0.998236 	 0.647737 	 0.48284 	 0.638528 	 6 
0.07 	 0.99822 	 0.64847 	 0.48429 	 0.639641 	 6 
0.075 	 0.998203 	 0.649195 	 0.485743 	 0.640753 	 6 
0.08 	 0.998186 	 0.64991 	 0.487198 	 0.641855 	 6 
0.085 	 0.998169 	 0.650615 	 0.488656 	 0.642926 	 6 
0.09 	 0.998152 	 0.65131 	 0.490117 	 0.644013 	 6 
0.095 	 0.998134 	 0.651995 	 0.491581 	 0.645043 	 6 
0.1 	 0.998116 	 0.65267 	 0.493048 	 0.646101 	 6 
0.105 	 0.998098 	 0.653335 	 0.494517 	 0.647103 	 6 
0.11 	 0.99808 	 0.65399 	 0.49599 	 0.64812 	 6 
0.115 	 0.998062 	 0.654638 	 0.497466 	 0.649101 	 6 
0.12 	 0.998043 	 0.655284 	 0.498945 	 0.650078 	 6 
0.125 	 0.998024 	 0.655919 	 0.500428 	 0.651035 	 6 
0.13 	 0.998005 	 0.656544 	 0.501913 	 0.651974 	 6 
0.135 	 0.997985 	 0.657159 	 0.503402 	 0.652902 	 6 
0.14 	 0.997965 	 0.657764 	 0.504894 	 0.653803 	 6 
0.145 	 0.997945 	 0.658358 	 0.50639 	 0.6547 	 6 
0.15 	 0.997925 	 0.658941 	 0.507889 	 0.65 	 6 
0.155 	 0.997904 	 0.659514 	 0.509391 	 0.645 	 6 
0.16 	 0.997883 	 0.660076 	 0.510897 	 0.64 	 6 
0.165 	 0.997862 	 0.660635 	 0.512407 	 0.635 	 6 
0.17 	 0.99784 	 0.661187 	 0.51392 	 0.63 	 6 
0.175 	 0.997818 	 0.661728 	 0.515437 	 0.625 	 6 
0.18 	 0.997796 	 0.662259 	 0.516958 	 0.62 	 6 
0.185 	 0.997773 	 0.662778 	 0.518483 	 0.615 	 6 
0.19 	 0.99775 	 0.663287 	 0.520011 	 0.61 	 6 
0.195 	 0.997727 	 0.663784 	 0.521543 	 0.605 	 6 
0.2 	 0.997703 	 0.66427 	 0.52308 	 0.6 	 6 
0.205 	 0.997679 	 0.664745 	 0.52462 	 0.595 	 6 
0.21 	 0.997655 	 0.665209 	 0.526165 	 0.59 	 6 
0.215 	 0.99763 	 0.665673 	 0.527714 	 0.585 	 6 
0.22 	 0.997605 	 0.666125 	 0.529267 	 0.58 	 6 
0.225 	 0.997579 	 0.666566 	 0.530824 	 0.575 	 6 
0.23 	 0.997553 	 0.666996 	 0.532386 	 0.57 	 6 
0.235 	 0.997526 	 0.667414 	 0.533952 	 0.565 	 6 
0.24 	 0.997499 	 0.66782 	 0.535523 	 0.56 	 6 
0.245 	 0.997472 	 0.668214 	 0.537098 	 0.555 	 6 
0.25 	 0.997444 	 0.668597 	 0.538678 	 0.55 	 6 
0.255 	 0.997415 	 0.668967 	 0.540263 	 0.545 	 6 
0.26 	 0.997386 	 0.66933 	 0.541853 	 0.54 	 6 
0.265 	 0.997357 	 0.669688 	 0.543447 	 0.535 	 6 
0.27 	 0.997327 	 0.670033 	 0.545046 	 0.53 	 6 
0.275 	 0.997297 	 0.670358 	 0.54665 	 0.525 	 5 
0.28 	 0.997266 	 0.670679 	 0.54826 	 0.52 	 5 
0.285 	 0.997234 	 0.670989 	 0.549875 	 0.515 	 5 
0.29 	 0.997202 	 0.671285 	 0.551495 	 0.51 	 5 
0.295 	 0.997169 	 0.67157 	 0.55312 	 0.505 	 5 
0.3 	 0.997136 	 0.671841 	 0.554751 	 0.5 	 5 
0.305 	 0.997102 	 0.6721 	 0.556387 	 0.495 	 5 
0.31 	 0.997067 	 0.672352 	 0.558029 	 0.49 	 5 
0.315 	 0.997032 	 0.672596 	 0.559677 	 0.485 	 5 
0.32 	 0.996995 	 0.672828 	 0.561331 	 0.48 	 5 
0.325 	 0.996959 	 0.673046 	 0.56299 	 0.475 	 5 
0.33 	 0.996921 	 0.673251 	 0.564656 	 0.47 	 5 
0.335 	 0.996883 	 0.673442 	 0.566327 	 0.465 	 5 
0.34 	 0.996844 	 0.67362 	 0.568005 	 0.46 	 5 
0.345 	 0.996804 	 0.673785 	 0.569689 	 0.455 	 5 
0.35 	 0.996763 	 0.673936 	 0.57138 	 0.45 	 5 
0.355 	 0.996722 	 0.674073 	 0.573077 	 0.445 	 5 
0.36 	 0.996679 	 0.674205 	 0.574781 	 0.44 	 5 
0.365 	 0.996636 	 0.674326 	 0.576491 	 0.435 	 5 
0.37 	 0.996591 	 0.674432 	 0.578209 	 0.43 	 5 
0.375 	 0.996546 	 0.674525 	 0.579933 	 0.425 	 5 
0.38 	 0.9965 	 0.674602 	 0.581665 	 0.42 	 5 
0.385 	 0.996452 	 0.674666 	 0.583404 	 0.415 	 5 
0.39 	 0.996404 	 0.674715 	 0.58515 	 0.41 	 5 
0.395 	 0.996354 	 0.674749 	 0.586904 	 0.405 	 5 
0.4 	 0.996303 	 0.674769 	 0.588665 	 0.4 	 5 
0.405 	 0.996251 	 0.674773 	 0.590434 	 0.395 	 5 
0.41 	 0.996198 	 0.674773 	 0.592211 	 0.39 	 5 
0.415 	 0.996143 	 0.674758 	 0.593997 	 0.385 	 5 
0.42 	 0.996087 	 0.674727 	 0.59579 	 0.38 	 5 
0.425 	 0.99603 	 0.674682 	 0.597592 	 0.375 	 5 
0.43 	 0.995971 	 0.67462 	 0.599403 	 0.37 	 5 
0.435 	 0.99591 	 0.674543 	 0.601222 	 0.365 	 5 
0.44 	 0.995848 	 0.67445 	 0.603051 	 0.36 	 5 
0.445 	 0.995785 	 0.67434 	 0.604888 	 0.355 	 5 
0.45 	 0.995719 	 0.674215 	 0.606735 	 0.35 	 5 
0.455 	 0.995652 	 0.674073 	 0.608591 	 0.345 	 5 
0.46 	 0.995583 	 0.673924 	 0.610457 	 0.34 	 5 
0.465 	 0.995512 	 0.673759 	 0.612333 	 0.335 	 5 
0.47 	 0.995439 	 0.673578 	 0.614219 	 0.33 	 5 
0.475 	 0.995364 	 0.673379 	 0.616115 	 0.325 	 5 
0.48 	 0.995286 	 0.673162 	 0.618022 	 0.32 	 5 
0.485 	 0.995206 	 0.672928 	 0.619939 	 0.315 	 5 
0.49 	 0.995124 	 0.672677 	 0.621868 	 0.31 	 5 
0.495 	 0.995039 	 0.672407 	 0.623807 	 0.305 	 5 
0.5 	 0.994952 	 0.672119 	 0.625759 	 0.3 	 5 
0.505 	 0.994861 	 0.671813 	 0.627722 	 0.295 	 5 
0.51 	 0.994768 	 0.671497 	 0.629697 	 0.29 	 5 
0.515 	 0.994672 	 0.671164 	 0.631685 	 0.285 	 5 
0.52 	 0.994572 	 0.670812 	 0.633685 	 0.28 	 5 
0.525 	 0.994469 	 0.67044 	 0.635698 	 0.275 	 5 
0.53 	 0.994362 	 0.670049 	 0.637724 	 0.27 	 5 
0.535 	 0.994251 	 0.669638 	 0.639765 	 0.265 	 5 
0.54 	 0.994136 	 0.669206 	 0.641819 	 0.26 	 5 
0.545 	 0.994017 	 0.668755 	 0.643887 	 0.255 	 5 
0.55 	 0.993894 	 0.668282 	 0.64597 	 0.25 	 5 
0.555 	 0.993765 	 0.667789 	 0.648068 	 0.245 	 5 
0.56 	 0.993631 	 0.667281 	 0.650182 	 0.24 	 5 
0.565 	 0.993492 	 0.666755 	 0.652312 	 0.235 	 5 
0.57 	 0.993347 	 0.666208 	 0.654458 	 0.23 	 5 
0.575 	 0.993196 	 0.665637 	 0.656621 	 0.225 	 5 
0.58 	 0.993039 	 0.665045 	 0.658802 	 0.22 	 5 
0.585 	 0.992874 	 0.664429 	 0.661 	 0.215 	 5 
0.59 	 0.992702 	 0.663789 	 0.663217 	 0.21 	 5 
0.595 	 0.992521 	 0.663126 	 0.665453 	 0.205 	 5 
0.6 	 0.992332 	 0.662439 	 0.667708 	 0.2 	 5 
0.605 	 0.992134 	 0.661727 	 0.669984 	 0.195 	 5 
0.61 	 0.991926 	 0.660994 	 0.672281 	 0.19 	 5 
0.615 	 0.991706 	 0.660241 	 0.674599 	 0.185 	 5 
0.62 	 0.991476 	 0.659463 	 0.67694 	 0.18 	 5 
0.625 	 0.991232 	 0.658658 	 0.679304 	 0.175 	 5 
0.63 	 0.990974 	 0.657826 	 0.681693 	 0.17 	 5 
0.635 	 0.990702 	 0.656967 	 0.684106 	 0.165 	 5 
0.64 	 0.990413 	 0.656079 	 0.686545 	 0.16 	 5 
0.645 	 0.990106 	 0.655163 	 0.689012 	 0.155 	 5 
0.65 	 0.98978 	 0.654217 	 0.691506 	 0.15 	 5 
0.655 	 0.989431 	 0.653241 	 0.69403 	 0.145 	 5 
0.66 	 0.989059 	 0.652235 	 0.696584 	 0.14 	 5 
0.665 	 0.98866 	 0.651203 	 0.69917 	 0.135 	 5 
0.67 	 0.988232 	 0.650143 	 0.701789 	 0.13 	 5 
0.675 	 0.987771 	 0.649049 	 0.704443 	 0.125 	 5 
0.68 	 0.987272 	 0.647922 	 0.707134 	 0.12 	 5 
0.685 	 0.986732 	 0.646759 	 0.709863 	 0.115 	 5 
0.69 	 0.986145 	 0.645561 	 0.712633 	 0.11 	 5 
0.695 	 0.985504 	 0.644326 	 0.715446 	 0.105 	 5 
0.7 	 0.984802 	 0.643053 	 0.718304 	 0.1 	 5 
0.705 	 0.984029 	 0.64174 	 0.721209 	 0.095 	 5 
0.71 	 0.983174 	 0.640387 	 0.724166 	 0.09 	 5 
0.715 	 0.982223 	 0.638993 	 0.727176 	 0.085 	 5 
0.72 	 0.98116 	 0.63756 	 0.730245 	 0.08 	 5 
0.725 	 0.979963 	 0.636086 	 0.733375 	 0.075 	 5 
0.73 	 0.978605 	 0.634566 	 0.736572 	 0.07 	 5 
0.735 	 0.977053 	 0.632996 	 0.739842 	 0.065 	 5 
0.74 	 0.975262 	 0.631377 	 0.74319 	 0.06 	 5 
0.745 	 0.973174 	 0.629704 	 0.746624 	 0.055 	 5 
0.75 	 0.970712 	 0.627976 	 0.750152 	 0.05 	 5 
0.755 	 0.967769 	 0.626189 	 0.753785 	 0.045 	 5 
0.76 	 0.964201 	 0.624341 	 0.757536 	 0.04 	 5 
0.765 	 0.959805 	 0.622427 	 0.761421 	 0.035 	 5 
0.77 	 0.954303 	 0.620444 	 0.76546 	 0.03 	 5 
0.775 	 0.947335 	 0.618386 	 0.76968 	 0.025 	 5 
0.78 	 0.938554 	 0.616251 	 0.774119 	 0.02 	 5 
0.785 	 0.928278 	 0.614032 	 0.778835 	 0.015 	 5 
0.79 	 0.921507 	 0.611715 	 0.783922 	 0.01 	 5 
0.795 	 0.968965 	 0.609295 	 0.789536 	 0.005 	 6 
0.8 	 -1.10488e+12 	 0.606723 	 0.797761 	 1.3356e-15 	 6 
0.805 	 0.0313488 	 0.603981 	 0.804025 	 0.005 	 6 
0.81 	 0.0779636 	 0.601089 	 0.80973 	 0.01 	 6 
0.815 	 0.0706653 	 0.59807 	 0.814941 	 0.015 	 6 
0.82 	 0.0600477 	 0.594934 	 0.819811 	 0.02 	 6 
0.825 	 0.0510475 	 0.591689 	 0.82443 	 0.025 	 6 
0.83 	 0.0439348 	 0.588338 	 0.828853 	 0.03 	 6 
0.835 	 0.0383339 	 0.584883 	 0.833114 	 0.035 	 6 
0.84 	 0.0338668 	 0.581327 	 0.83724 	 0.04 	 6 
0.845 	 0.030245 	 0.57767 	 0.841248 	 0.045 	 6 
0.85 	 0.0272603 	 0.573914 	 0.845153 	 0.05 	 6 
0.855 	 0.0247635 	 0.570058 	 0.848967 	 0.055 	 6 
0.86 	 0.0226467 	 0.566103 	 0.852699 	 0.06 	 6 
0.865 	 0.0208306 	 0.562049 	 0.856357 	 0.065 	 6 
0.87 	 0.0192559 	 0.557894 	 0.859947 	 0.07 	 6 
0.875 	 0.0178774 	 0.553654 	 0.86347 	 0.075 	 7 
0.88 	 0.0166609 	 0.549302 	 0.86694 	 0.08 	 7 
0.885 	 0.0155792 	 0.544847 	 0.870357 	 0.085 	 7 
0.89 	 0.0146108 	 0.540288 	 0.873725 	 0.09 	 7 
0.895 	 0.0137384 	 0.535623 	 0.877046 	 0.095 	 7 
0.9 	 0.0129482 	 0.530851 	 0.880324 	 0.1 	 7 
0.905 	 0.0122289 	 0.525968 	 0.883561 	 0.105 	 7 
0.91 	 0.0115709 	 0.520973 	 0.886759 	 0.11 	 7 
0.915 	 0.0109664 	 0.515877 	 0.889917 	 0.115 	 8 
0.92 	 0.010409 	 0.510653 	 0.893044 	 0.12 	 8 
0.925 	 0.00989301 	 0.50531 	 0.896139 	 0.125 	 8 
0.93 	 0.00941371 	 0.499843 	 0.899202 	 0.13 	 8 
0.935 	 0.00896705 	 0.494249 	 0.902236 	 0.135 	 8 
0.94 	 0.00854954 	 0.488525 	 0.905241 	 0.14 	 8 
0.945 	 0.00815815 	 0.482666 	 0.90822 	 0.145 	 8 
0.95 	 0.00779025 	 0.476687 	 0.911168 	 0.15 	 9 
0.955 	 0.00744353 	 0.470549 	 0.914095 	 0.155 	 9 
0.96 	 0.00711595 	 0.464262 	 0.916998 	 0.16 	 9 
0.965 	 0.00680571 	 0.457821 	 0.919879 	 0.165 	 9 
0.97 	 0.00651127 	 0.451237 	 0.922733 	 0.17 	 10 
0.975 	 0.00623113 	 0.444471 	 0.92557 	 0.175 	 10 
0.98 	 0.00596403 	 0.437531 	 0.928387 	 0.18 	 10 
0.985 	 0.00570882 	 0.430408 	 0.931184 	 0.185 	 10 
0.99 	 0.00546456 	 0.423113 	 0.933957 	 0.19 	 11 
0.995 	 0.00523015 	 0.415601 	 0.936716 	 0.195 	 11 
1 	 0.00500477 	 0.407877 	 0.939458 	 0.2 	 11 
1.005 	 0.00478777 	 0.39995 	 0.942178 	 0.205 	 12 
1.01 	 0.00457818 	 0.391769 	 0.944885 	 0.21 	 12 
1.015 	 0.00437554 	 0.383355 	 0.947572 	 0.215 	 13 
1.02 	 0.00417899 	 0.374657 	 0.950248 	 0.22 	 13 
1.025 	 0.00398813 	 0.365691 	 0.952904 	 0.225 	 14 
1.03 	 0.00380216 	 0.356401 	 0.95555 	 0.23 	 14 
1.035 	 0.00362075 	 0.346798 	 0.958177 	 0.235 	 15 
1.04 	 0.0034432 	 0.336835 	 0.960791 	 0.24 	 16 
1.045 	 0.00326885 	 0.326462 	 0.963395 	 0.245 	 16 
1.05 	 0.00309737 	 0.315679 	 0.965981 	 0.25 	 17 
1.055 	 0.00292805 	 0.30442 	 0.968556 	 0.255 	 18 
1.06 	 0.00276025 	 0.292631 	 0.971118 	 0.26 	 19 
1.065 	 0.00259326 	 0.280245 	 0.973668 	 0.265 	 20 
1.07 	 0.00242645 	 0.2672 	 0.976203 	 0.27 	 22 
1.075 	 0.00225861 	 0.253354 	 0.97873 	 0.275 	 23 
1.08 	 0.00208875 	 0.238591 	 0.981246 	 0.28 	 24 
1.085 	 0.00191561 	 0.222754 	 0.983746 	 0.285 	 26 
1.09 	 0.0017369 	 0.205545 	 0.986239 	 0.29 	 25 
1.095 	 0.00155145 	 0.186806 	 0.988699 	 0.295 	 24 
1.1 	 0.00135221 	 0.165601 	 0.991169 	 0.3 	 40 
1.105 	 0.00113269 	 0.141052 	 0.993629 	 0.305 	 58 
1.11 	 0.000876585 	 0.110967 	 0.996078 	 0.31 	 92 
1.115 	 0.000531591 	 0.0683911 	 0.998518 	 0.315 	 212 
1.12 	 7.62925e-07 	 9.9963e-05 	 1 	 0.32 	 888 
1.125 	 7.37742e-07 	 9.87771e-05 	 1 	 0.325 	 276 
1.13 	 7.03048e-07 	 9.61522e-05 	 1 	 0.33 	 167 
1.135 	 7.01181e-07 	 9.79231e-05 	 1 	 0.335 	 120 
1.14 	 6.93634e-07 	 9.88804e-05 	 1 	 0.34 	 94 
1.145 	 6.50234e-07 	 9.45868e-05 	 1 	 0.345 	 78 
1.15 	 6.72146e-07 	 9.97402e-05 	 1 	 0.35 	 66 
1.155 	 6.26664e-07 	 9.48286e-05 	 1 	 0.355 	 58 
1.16 	 5.73757e-07 	 8.85144e-05 	 1 	 0.36 	 52 
1.165 	 5.46957e-07 	 8.59969e-05 	 1 	 0.365 	 47 
1.17 	 6.13712e-07 	 9.83131e-05 	 1 	 0.37 	 42 
1.175 	 5.55669e-07 	 9.06707e-05 	 1 	 0.375 	 39 
1.18 	 5.54535e-07 	 9.21413e-05 	 1 	 0.38 	 36 
1.185 	 4.90016e-07 	 8.28903e-05 	 1 	 0.385 	 34 
1.19 	 4.61952e-07 	 7.95327e-05 	 1 	 0.39 	 32 
1.195 	 4.64112e-07 	 8.13034e-05 	 1 	 0.395 	 30 
1.2 	 4.96386e-07 	 8.84605e-05 	 1 	 0.4 	 28 
1.205 	 4.28843e-07 	 7.77254e-05 	 1 	 0.405 	 27 
1.21 	 5.1095e-07 	 9.41603e-05 	 1 	 0.41 	 25 
1.215 	 4.77357e-07 	 8.94284e-05 	 1 	 0.415 	 24 
1.22 	 4.60134e-07 	 8.76105e-05 	 1 	 0.42 	 23 
1.225 	 4.57378e-07 	 8.8488e-05 	 1 	 0.425 	 22 
1.23 	 4.68588e-07 	 9.21002e-05 	 1 	 0.43 	 21 
1.235 	 4.94552e-07 	 9.87295e-05 	 1 	 0.435 	 20 
1.24 	 3.7147e-07 	 7.5306e-05 	 1 	 0.44 	 20 
1.245 	 4.10134e-07 	 8.44168e-05 	 1 	 0.445 	 19 
1.25 	 4.6587e-07 	 9.73374e-05 	 1 	 0.45 	 18 
1.255 	 3.6204e-07 	 7.67708e-05 	 1 	 0.455 	 18 
1.26 	 4.293e-07 	 9.23737e-05 	 1 	 0.46 	 17 
1.265 	 3.39494e-07 	 7.41131e-05 	 1 	 0.465 	 17 
1.27 	 4.19722e-07 	 9.29435e-05 	 1 	 0.47 	 16 
1.275 	 3.3753e-07 	 7.58027e-05 	 1 	 0.475 	 16 
1.28 	 4.34564e-07 	 9.89652e-05 	 1 	 0.48 	 15 
1.285 	 3.55142e-07 	 8.19991e-05 	 1 	 0.485 	 15 
1.29 	 2.90808e-07 	 6.80641e-05 	 1 	 0.49 	 15 
1.295 	 3.94764e-07 	 9.36462e-05 	 1 	 0.495 	 14 
1.3 	 3.2824e-07 	 7.89082e-05 	 1 	 0.5 	 14 
1.305 	 2.73407e-07 	 6.65962e-05 	 1 	 0.505 	 14 
1.31 	 3.90524e-07 	 9.63666e-05 	 1 	 0.51 	 13 
1.315 	 3.30058e-07 	 8.25004e-05 	 1 	 0.515 	 13 
1.32 	 2.79392e-07 	 7.07301e-05 	 1 	 0.52 	 13 
1.325 	 2.36868e-07 	 6.07235e-05 	 1 	 0.525 	 13 
1.33 	 3.59733e-07 	 9.33743e-05 	 1 	 0.53 	 12 
1.335 	 3.09193e-07 	 8.12509e-05 	 1 	 0.535 	 12 
1.34 	 2.66117e-07 	 7.07884e-05 	 1 	 0.54 	 12 
1.345 	 2.29349e-07 	 6.17474e-05 	 1 	 0.545 	 12 
1.35 	 1.97922e-07 	 5.39249e-05 	 1 	 0.55 	 12 
1.355 	 3.22425e-07 	 8.88905e-05 	 1 	 0.555 	 11 
1.36 	 2.81832e-07 	 7.86131e-05 	 1 	 0.56 	 11 
1.365 	 2.46638e-07 	 6.95961e-05 	 1 	 0.565 	 11 
1.37 	 2.16085e-07 	 6.16762e-05 	 1 	 0.57 	 11 
1.375 	 1.89531e-07 	 5.47141e-05 	 1 	 0.575 	 11 
1.38 	 3.29948e-07 	 9.6326e-05 	 1 	 0.58 	 10 
1.385 	 2.92898e-07 	 8.64651e-05 	 1 	 0.585 	 10 
1.39 	 2.60265e-07 	 7.76816e-05 	 1 	 0.59 	 10 
1.395 	 2.31494e-07 	 6.98513e-05 	 1 	 0.595 	 10 
1.4 	 2.06102e-07 	 6.28653e-05 	 1 	 0.6 	 10 
1.405 	 1.83668e-07 	 5.66252e-05 	 1 	 0.605 	 10 
1.41 	 1.63828e-07 	 5.10463e-05 	 1 	 0.61 	 10 
1.415 	 3.10067e-07 	 9.76309e-05 	 1 	 0.615 	 9 
1.42 	 2.79654e-07 	 8.89762e-05 	 1 	 0.62 	 9 
1.425 	 2.5243e-07 	 8.11472e-05 	 1 	 0.625 	 9 
1.43 	 2.28039e-07 	 7.4059e-05 	 1 	 0.63 	 9 
1.435 	 2.06167e-07 	 6.76365e-05 	 1 	 0.635 	 9 
1.44 	 1.86538e-07 	 6.18131e-05 	 1 	 0.64 	 9 
1.445 	 1.68908e-07 	 5.6531e-05 	 1 	 0.645 	 9 
1.45 	 1.53059e-07 	 5.17344e-05 	 1 	 0.65 	 9 
1.455 	 1.388e-07 	 4.73756e-05 	 1 	 0.655 	 9 
1.46 	 2.895e-07 	 9.97741e-05 	 1 	 0.66 	 8 
1.465 	 2.65195e-07 	 9.22783e-05 	 1 	 0.665 	 8 
1.47 	 2.43088e-07 	 8.53963e-05 	 1 	 0.67 	 8 
1.475 	 2.22966e-07 	 7.90712e-05 	 1 	 0.675 	 8 
1.48 	 2.04639e-07 	 7.32544e-05 	 1 	 0.68 	 8 
1.485 	 1.87934e-07 	 6.79019e-05 	 1 	 0.685 	 8 
1.49 	 1.72699e-07 	 6.29737e-05 	 1 	 0.69 	 8 
1.495 	 1.58795e-07 	 5.84354e-05 	 1 	 0.695 	 8 
1.5 	 1.46096e-07 	 5.42523e-05 	 1 	 0.7 	 8 
1.505 	 1.34493e-07 	 5.03943e-05 	 1 	 0.705 	 8 
1.51 	 1.23882e-07 	 4.6834e-05 	 1 	 0.71 	 8 
1.515 	 1.14174e-07 	 4.35467e-05 	 1 	 0.715 	 8 
1.52 	 1.05286e-07 	 4.05105e-05 	 1 	 0.72 	 8 
1.525 	 2.48639e-07 	 9.65064e-05 	 1 	 0.725 	 7 
1.53 	 2.31353e-07 	 9.05763e-05 	 1 	 0.73 	 7 
1.535 	 2.15373e-07 	 8.50459e-05 	 1 	 0.735 	 7 
1.54 	 2.00593e-07 	 7.98859e-05 	 1 	 0.74 	 7 
1.545 	 1.86917e-07 	 7.50693e-05 	 1 	 0.745 	 7 
1.55 	 1.74254e-07 	 7.05731e-05 	 1 	 0.75 	 7 
1.555 	 1.62525e-07 	 6.63728e-05 	 1 	 0.755 	 7 
1.56 	 1.51654e-07 	 6.24467e-05 	 1 	 0.76 	 7 
1.565 	 1.41574e-07 	 5.87755e-05 	 1 	 0.765 	 7 
1.57 	 1.32223e-07 	 5.53411e-05 	 1 	 0.77 	 7 
1.575 	 1.23543e-07 	 5.21269e-05 	 1 	 0.775 	 7 
1.58 	 1.15484e-07 	 4.91189e-05 	 1 	 0.78 	 7 
1.585 	 1.07996e-07 	 4.63015e-05 	 1 	 0.785 	 7 
1.59 	 1.01037e-07 	 4.36615e-05 	 1 	 0.79 	 7 
1.595 	 9.45656e-08 	 4.11867e-05 	 1 	 0.795 	 7 
1.6 	 8.85451e-08 	 3.88659e-05 	 1 	 0.8 	 7 
1.605 	 8.29418e-08 	 3.66886e-05 	 1 	 0.805 	 7 
1.61 	 7.77243e-08 	 3.46459e-05 	 1 	 0.81 	 7 
1.615 	 2.1333e-07 	 9.58161e-05 	 1 	 0.815 	 6 
1.62 	 2.0148e-07 	 9.11823e-05 	 1 	 0.82 	 6 
1.625 	 1.90355e-07 	 8.67977e-05 	 1 	 0.825 	 6 
1.63 	 1.79905e-07 	 8.26477e-05 	 1 	 0.83 	 6 
1.635 	 1.70087e-07 	 7.87184e-05 	 1 	 0.835 	 6 
1.64 	 1.60858e-07 	 7.49973e-05 	 1 	 0.84 	 6 
1.645 	 1.5218e-07 	 7.14735e-05 	 1 	 0.845 	 6 
1.65 	 1.44017e-07 	 6.81339e-05 	 1 	 0.85 	 6 
1.655 	 1.36336e-07 	 6.49679e-05 	 1 	 0.855 	 6 
1.66 	 1.29105e-07 	 6.19656e-05 	 1 	 0.86 	 6 
1.665 	 1.22297e-07 	 5.91176e-05 	 1 	 0.865 	 6 
1.67 	 1.15884e-07 	 5.64153e-05 	 1 	 0.87 	 6 
1.675 	 1.09841e-07 	 5.38511e-05 	 1 	 0.875 	 6 
1.68 	 1.04144e-07 	 5.14173e-05 	 1 	 0.88 	 6 
1.685 	 9.87731e-08 	 4.9106e-05 	 1 	 0.885 	 6 
1.69 	 9.37068e-08 	 4.69103e-05 	 1 	 0.89 	 6 
1.695 	 8.89266e-08 	 4.48238e-05 	 1 	 0.895 	 6 
1.7 	 8.44147e-08 	 4.28406e-05 	 1 	 0.9 	 6 
1.705 	 8.01548e-08 	 4.09551e-05 	 1 	 0.905 	 6 
1.71 	 7.61316e-08 	 3.91624e-05 	 1 	 0.91 	 6 
1.715 	 7.23307e-08 	 3.74576e-05 	 1 	 0.915 	 6 
1.72 	 6.87386e-08 	 3.58353e-05 	 1 	 0.92 	 6 
1.725 	 6.5343e-08 	 3.42913e-05 	 1 	 0.925 	 6 
1.73 	 6.2132e-08 	 3.28214e-05 	 1 	 0.93 	 6 
1.735 	 5.90948e-08 	 3.14216e-05 	 1 	 0.935 	 6 
1.74 	 5.6221e-08 	 3.00883e-05 	 1 	 0.94 	 6 
1.745 	 5.35011e-08 	 2.88179e-05 	 1 	 0.945 	 6 
1.75 	 1.77942e-07 	 9.63983e-05 	 1 	 0.95 	 5 
1.755 	 1.70452e-07 	 9.29318e-05 	 1 	 0.955 	 5 
1.76 	 1.63314e-07 	 8.96065e-05 	 1 	 0.96 	 5 
1.765 	 1.56509e-07 	 8.64159e-05 	 1 	 0.965 	 5 
1.77 	 1.50021e-07 	 8.33541e-05 	 1 	 0.97 	 5 
1.775 	 1.43833e-07 	 8.04151e-05 	 1 	 0.975 	 5 
1.78 	 1.37931e-07 	 7.75935e-05 	 1 	 0.98 	 5 
1.785 	 1.32298e-07 	 7.48841e-05 	 1 	 0.985 	 5 
1.79 	 1.26923e-07 	 7.22835e-05 	 1 	 0.99 	 5 
1.795 	 1.21791e-07 	 6.97853e-05 	 1 	 0.995 	 5 
1.8 	 1.16892e-07 	 6.7385e-05 	 1 	 1 	 5 
1.805 	 1.12212e-07 	 6.50782e-05 	 1 	 1.005 	 5 
1.81 	 1.07742e-07 	 6.28609e-05 	 1 	 1.01 	 5 
1.815 	 1.0347e-07 	 6.07292e-05 	 1 	 1.015 	 5 
1.82 	 9.93877e-08 	 5.86794e-05 	 1 	 1.02 	 5 
1.825 	 9.54853e-08 	 5.6708e-05 	 1 	 1.025 	 5 
1.83 	 9.1754e-08 	 5.48126e-05 	 1 	 1.03 	 5 
1.835 	 8.81855e-08 	 5.29893e-05 	 1 	 1.035 	 5 
1.84 	 8.47721e-08 	 5.12348e-05 	 1 	 1.04 	 5 
1.845 	 8.15063e-08 	 4.95461e-05 	 1 	 1.045 	 5 
1.85 	 7.8381e-08 	 4.79205e-05 	 1 	 1.05 	 5 
1.855 	 7.53896e-08 	 4.63553e-05 	 1 	 1.055 	 5 
1.86 	 7.25257e-08 	 4.48481e-05 	 1 	 1.06 	 5 
1.865 	 6.97834e-08 	 4.33964e-05 	 1 	 1.065 	 5 
1.87 	 6.71569e-08 	 4.19982e-05 	 1 	 1.07 	 5 
1.875 	 6.46408e-08 	 4.06517e-05 	 1 	 1.075 	 5 
1.88 	 6.22301e-08 	 3.93542e-05 	 1 	 1.08 	 5 
1.885 	 5.99198e-08 	 3.81037e-05 	 1 	 1.085 	 5 
1.89 	 5.77054e-08 	 3.68982e-05 	 1 	 1.09 	 5 
1.895 	 5.55824e-08 	 3.57359e-05 	 1 	 1.095 	 5 
1.9 	 5.35466e-08 	 3.46152e-05 	 1 	 1.1 	 5 
1.905 	 5.15942e-08 	 3.35343e-05 	 1 	 1.105 	 5 
1.91 	 4.97213e-08 	 3.24916e-05 	 1 	 1.11 	 5 
1.915 	 4.79244e-08 	 3.14859e-05 	 1 	 1.115 	 5 
1.92 	 4.62001e-08 	 3.0516e-05 	 1 	 1.12 	 5 
1.925 	 4.45451e-08 	 2.958e-05 	 1 	 1.125 	 5 
1.93 	 4.29563e-08 	 2.86765e-05 	 1 	 1.13 	 5 
1.935 	 4.14309e-08 	 2.78043e-05 	 1 	 1.135 	 5 
1.94 	 3.9966e-08 	 2.69622e-05 	 1 	 1.14 	 5 
1.945 	 3.8559e-08 	 2.6149e-05 	 1 	 1.145 	 5 
1.95 	 3.72074e-08 	 2.53636e-05 	 1 	 1.15 	 5 
1.955 	 3.59087e-08 	 2.4605e-05 	 1 	 1.155 	 5 
1.96 	 3.46606e-08 	 2.38721e-05 	 1 	 1.16 	 5 
1.965 	 3.34611e-08 	 2.31643e-05 	 1 	 1.165 	 5 
1.97 	 1.43644e-07 	 9.97074e-05 	 1 	 1.17 	 4 
1.975 	 1.39403e-07 	 9.72537e-05 	 1 	 1.175 	 4 
1.98 	 1.35304e-07 	 9.48701e-05 	 1 	 1.18 	 4 
1.985 	 1.31343e-07 	 9.25544e-05 	 1 	 1.185 	 4 
1.99 	 1.27513e-07 	 9.03043e-05 	 1 	 1.19 	 4 
1.995 	 1.23811e-07 	 8.81178e-05 	 1 	 1.195 	 4 
2 	 1.20231e-07 	 8.59927e-05 	 1 	 1.2 	 4 
