k 	 Deltak 	 mu 	 Nmu/N 	 check 	 CS1 
-3.14159 	 -2.19378e-17 	 0.3 	 0.457724 	 10 	 0.995473 
-3.11018 	 -0.00567956 	 0.3 	 0.457724 	 10 	 0.995473 
-3.07876 	 -0.0113533 	 0.3 	 0.457724 	 10 	 0.995473 
-3.04734 	 -0.0170154 	 0.3 	 0.457724 	 10 	 0.995473 
-3.01593 	 -0.0226601 	 0.3 	 0.457724 	 10 	 0.995473 
-2.98451 	 -0.0282817 	 0.3 	 0.457724 	 10 	 0.995473 
-2.9531 	 -0.0338744 	 0.3 	 0.457724 	 10 	 0.995473 
-2.92168 	 -0.0394326 	 0.3 	 0.457724 	 10 	 0.995473 
-2.89027 	 -0.0449508 	 0.3 	 0.457724 	 10 	 0.995473 
-2.85885 	 -0.0504235 	 0.3 	 0.457724 	 10 	 0.995473 
-2.82743 	 -0.0558452 	 0.3 	 0.457724 	 10 	 0.995473 
-2.79602 	 -0.0612107 	 0.3 	 0.457724 	 10 	 0.995473 
-2.7646 	 -0.0665148 	 0.3 	 0.457724 	 10 	 0.995473 
-2.73319 	 -0.0717524 	 0.3 	 0.457724 	 10 	 0.995473 
-2.70177 	 -0.0769184 	 0.3 	 0.457724 	 10 	 0.995473 
-2.67035 	 -0.082008 	 0.3 	 0.457724 	 10 	 0.995473 
-2.63894 	 -0.0870164 	 0.3 	 0.457724 	 10 	 0.995473 
-2.60752 	 -0.0919389 	 0.3 	 0.457724 	 10 	 0.995473 
-2.57611 	 -0.096771 	 0.3 	 0.457724 	 10 	 0.995473 
-2.54469 	 -0.101508 	 0.3 	 0.457724 	 10 	 0.995473 
-2.51327 	 -0.106146 	 0.3 	 0.457724 	 10 	 0.995473 
-2.48186 	 -0.11068 	 0.3 	 0.457724 	 10 	 0.995473 
-2.45044 	 -0.115106 	 0.3 	 0.457724 	 10 	 0.995473 
-2.41903 	 -0.11942 	 0.3 	 0.457724 	 10 	 0.995473 
-2.38761 	 -0.123618 	 0.3 	 0.457724 	 10 	 0.995473 
-2.35619 	 -0.127696 	 0.3 	 0.457724 	 10 	 0.995473 
-2.32478 	 -0.13165 	 0.3 	 0.457724 	 10 	 0.995473 
-2.29336 	 -0.135475 	 0.3 	 0.457724 	 10 	 0.995473 
-2.26195 	 -0.139169 	 0.3 	 0.457724 	 10 	 0.995473 
-2.23053 	 -0.142727 	 0.3 	 0.457724 	 10 	 0.995473 
-2.19911 	 -0.146146 	 0.3 	 0.457724 	 10 	 0.995473 
-2.1677 	 -0.149421 	 0.3 	 0.457724 	 10 	 0.995473 
-2.13628 	 -0.152549 	 0.3 	 0.457724 	 10 	 0.995473 
-2.10487 	 -0.155527 	 0.3 	 0.457724 	 10 	 0.995473 
-2.07345 	 -0.15835 	 0.3 	 0.457724 	 10 	 0.995473 
-2.04204 	 -0.161015 	 0.3 	 0.457724 	 10 	 0.995473 
-2.01062 	 -0.163519 	 0.3 	 0.457724 	 10 	 0.995473 
-1.9792 	 -0.165858 	 0.3 	 0.457724 	 10 	 0.995473 
-1.94779 	 -0.168029 	 0.3 	 0.457724 	 10 	 0.995473 
-1.91637 	 -0.170028 	 0.3 	 0.457724 	 10 	 0.995473 
-1.88496 	 -0.171852 	 0.3 	 0.457724 	 10 	 0.995473 
-1.85354 	 -0.173498 	 0.3 	 0.457724 	 10 	 0.995473 
-1.82212 	 -0.174964 	 0.3 	 0.457724 	 10 	 0.995473 
-1.79071 	 -0.176246 	 0.3 	 0.457724 	 10 	 0.995473 
-1.75929 	 -0.177342 	 0.3 	 0.457724 	 10 	 0.995473 
-1.72788 	 -0.17825 	 0.3 	 0.457724 	 10 	 0.995473 
-1.69646 	 -0.178967 	 0.3 	 0.457724 	 10 	 0.995473 
-1.66504 	 -0.179492 	 0.3 	 0.457724 	 10 	 0.995473 
-1.63363 	 -0.179824 	 0.3 	 0.457724 	 10 	 0.995473 
-1.60221 	 -0.179962 	 0.3 	 0.457724 	 10 	 0.995473 
-1.5708 	 -0.179904 	 0.3 	 0.457724 	 10 	 0.995473 
-1.53938 	 -0.17965 	 0.3 	 0.457724 	 10 	 0.995473 
-1.50796 	 -0.1792 	 0.3 	 0.457724 	 10 	 0.995473 
-1.47655 	 -0.178555 	 0.3 	 0.457724 	 10 	 0.995473 
-1.44513 	 -0.177716 	 0.3 	 0.457724 	 10 	 0.995473 
-1.41372 	 -0.176684 	 0.3 	 0.457724 	 10 	 0.995473 
-1.3823 	 -0.175461 	 0.3 	 0.457724 	 10 	 0.995473 
-1.35088 	 -0.174048 	 0.3 	 0.457724 	 10 	 0.995473 
-1.31947 	 -0.172449 	 0.3 	 0.457724 	 10 	 0.995473 
-1.28805 	 -0.170667 	 0.3 	 0.457724 	 10 	 0.995473 
-1.25664 	 -0.168705 	 0.3 	 0.457724 	 10 	 0.995473 
-1.22522 	 -0.166566 	 0.3 	 0.457724 	 10 	 0.995473 
-1.19381 	 -0.164256 	 0.3 	 0.457724 	 10 	 0.995473 
-1.16239 	 -0.161778 	 0.3 	 0.457724 	 10 	 0.995473 
-1.13097 	 -0.159138 	 0.3 	 0.457724 	 10 	 0.995473 
-1.09956 	 -0.156339 	 0.3 	 0.457724 	 10 	 0.995473 
-1.06814 	 -0.153388 	 0.3 	 0.457724 	 10 	 0.995473 
-1.03673 	 -0.15029 	 0.3 	 0.457724 	 10 	 0.995473 
-1.00531 	 -0.147051 	 0.3 	 0.457724 	 10 	 0.995473 
-0.973894 	 -0.143675 	 0.3 	 0.457724 	 10 	 0.995473 
-0.942478 	 -0.14017 	 0.3 	 0.457724 	 10 	 0.995473 
-0.911062 	 -0.13654 	 0.3 	 0.457724 	 10 	 0.995473 
-0.879646 	 -0.132792 	 0.3 	 0.457724 	 10 	 0.995473 
-0.84823 	 -0.12893 	 0.3 	 0.457724 	 10 	 0.995473 
-0.816814 	 -0.124962 	 0.3 	 0.457724 	 10 	 0.995473 
-0.785398 	 -0.120892 	 0.3 	 0.457724 	 10 	 0.995473 
-0.753982 	 -0.116726 	 0.3 	 0.457724 	 10 	 0.995473 
-0.722566 	 -0.11247 	 0.3 	 0.457724 	 10 	 0.995473 
-0.69115 	 -0.108129 	 0.3 	 0.457724 	 10 	 0.995473 
-0.659734 	 -0.103708 	 0.3 	 0.457724 	 10 	 0.995473 
-0.628319 	 -0.0992121 	 0.3 	 0.457724 	 10 	 0.995473 
-0.596903 	 -0.0946462 	 0.3 	 0.457724 	 10 	 0.995473 
-0.565487 	 -0.090015 	 0.3 	 0.457724 	 10 	 0.995473 
-0.534071 	 -0.0853231 	 0.3 	 0.457724 	 10 	 0.995473 
-0.502655 	 -0.0805749 	 0.3 	 0.457724 	 10 	 0.995473 
-0.471239 	 -0.0757747 	 0.3 	 0.457724 	 10 	 0.995473 
-0.439823 	 -0.0709266 	 0.3 	 0.457724 	 10 	 0.995473 
-0.408407 	 -0.0660345 	 0.3 	 0.457724 	 10 	 0.995473 
-0.376991 	 -0.0611023 	 0.3 	 0.457724 	 10 	 0.995473 
-0.345575 	 -0.0561335 	 0.3 	 0.457724 	 10 	 0.995473 
-0.314159 	 -0.0511317 	 0.3 	 0.457724 	 10 	 0.995473 
-0.282743 	 -0.0461003 	 0.3 	 0.457724 	 10 	 0.995473 
-0.251327 	 -0.0410426 	 0.3 	 0.457724 	 10 	 0.995473 
-0.219911 	 -0.0359617 	 0.3 	 0.457724 	 10 	 0.995473 
-0.188496 	 -0.0308609 	 0.3 	 0.457724 	 10 	 0.995473 
-0.15708 	 -0.0257431 	 0.3 	 0.457724 	 10 	 0.995473 
-0.125664 	 -0.0206112 	 0.3 	 0.457724 	 10 	 0.995473 
-0.0942478 	 -0.0154681 	 0.3 	 0.457724 	 10 	 0.995473 
-0.0628319 	 -0.0103167 	 0.3 	 0.457724 	 10 	 0.995473 
-0.0314159 	 -0.00515972 	 0.3 	 0.457724 	 10 	 0.995473 
4.44089e-16 	 7.28636e-17 	 0.3 	 0.457724 	 10 	 0.995473 
0.0314159 	 0.00515972 	 0.3 	 0.457724 	 10 	 0.995473 
0.0628319 	 0.0103167 	 0.3 	 0.457724 	 10 	 0.995473 
0.0942478 	 0.0154681 	 0.3 	 0.457724 	 10 	 0.995473 
0.125664 	 0.0206112 	 0.3 	 0.457724 	 10 	 0.995473 
0.15708 	 0.0257431 	 0.3 	 0.457724 	 10 	 0.995473 
0.188496 	 0.0308609 	 0.3 	 0.457724 	 10 	 0.995473 
0.219911 	 0.0359617 	 0.3 	 0.457724 	 10 	 0.995473 
0.251327 	 0.0410426 	 0.3 	 0.457724 	 10 	 0.995473 
0.282743 	 0.0461003 	 0.3 	 0.457724 	 10 	 0.995473 
0.314159 	 0.0511317 	 0.3 	 0.457724 	 10 	 0.995473 
0.345575 	 0.0561335 	 0.3 	 0.457724 	 10 	 0.995473 
0.376991 	 0.0611023 	 0.3 	 0.457724 	 10 	 0.995473 
0.408407 	 0.0660346 	 0.3 	 0.457724 	 10 	 0.995473 
0.439823 	 0.0709267 	 0.3 	 0.457724 	 10 	 0.995473 
0.471239 	 0.0757748 	 0.3 	 0.457724 	 10 	 0.995473 
0.502655 	 0.080575 	 0.3 	 0.457724 	 10 	 0.995473 
0.534071 	 0.0853232 	 0.3 	 0.457724 	 10 	 0.995473 
0.565487 	 0.0900151 	 0.3 	 0.457724 	 10 	 0.995473 
0.596903 	 0.0946463 	 0.3 	 0.457724 	 10 	 0.995473 
0.628319 	 0.0992123 	 0.3 	 0.457724 	 10 	 0.995473 
0.659734 	 0.103708 	 0.3 	 0.457724 	 10 	 0.995473 
0.69115 	 0.108129 	 0.3 	 0.457724 	 10 	 0.995473 
0.722566 	 0.112471 	 0.3 	 0.457724 	 10 	 0.995473 
0.753982 	 0.116727 	 0.3 	 0.457724 	 10 	 0.995473 
0.785398 	 0.120892 	 0.3 	 0.457724 	 10 	 0.995473 
0.816814 	 0.124962 	 0.3 	 0.457724 	 10 	 0.995473 
0.84823 	 0.128931 	 0.3 	 0.457724 	 10 	 0.995473 
0.879646 	 0.132792 	 0.3 	 0.457724 	 10 	 0.995473 
0.911062 	 0.136541 	 0.3 	 0.457724 	 10 	 0.995473 
0.942478 	 0.140171 	 0.3 	 0.457724 	 10 	 0.995473 
0.973894 	 0.143676 	 0.3 	 0.457724 	 10 	 0.995473 
1.00531 	 0.147052 	 0.3 	 0.457724 	 10 	 0.995473 
1.03673 	 0.150291 	 0.3 	 0.457724 	 10 	 0.995473 
1.06814 	 0.15339 	 0.3 	 0.457724 	 10 	 0.995473 
1.09956 	 0.156341 	 0.3 	 0.457724 	 10 	 0.995473 
1.13097 	 0.159139 	 0.3 	 0.457724 	 10 	 0.995473 
1.16239 	 0.16178 	 0.3 	 0.457724 	 10 	 0.995473 
1.19381 	 0.164258 	 0.3 	 0.457724 	 10 	 0.995473 
1.22522 	 0.166568 	 0.3 	 0.457724 	 10 	 0.995473 
1.25664 	 0.168707 	 0.3 	 0.457724 	 10 	 0.995473 
1.28805 	 0.170669 	 0.3 	 0.457724 	 10 	 0.995473 
1.31947 	 0.172452 	 0.3 	 0.457724 	 10 	 0.995473 
1.35088 	 0.174051 	 0.3 	 0.457724 	 10 	 0.995473 
1.3823 	 0.175463 	 0.3 	 0.457724 	 10 	 0.995473 
1.41372 	 0.176687 	 0.3 	 0.457724 	 10 	 0.995473 
1.44513 	 0.177719 	 0.3 	 0.457724 	 10 	 0.995473 
1.47655 	 0.178558 	 0.3 	 0.457724 	 10 	 0.995473 
1.50796 	 0.179203 	 0.3 	 0.457724 	 10 	 0.995473 
1.53938 	 0.179653 	 0.3 	 0.457724 	 10 	 0.995473 
1.5708 	 0.179907 	 0.3 	 0.457724 	 10 	 0.995473 
1.60221 	 0.179965 	 0.3 	 0.457724 	 10 	 0.995473 
1.63363 	 0.179828 	 0.3 	 0.457724 	 10 	 0.995473 
1.66504 	 0.179496 	 0.3 	 0.457724 	 10 	 0.995473 
1.69646 	 0.178971 	 0.3 	 0.457724 	 10 	 0.995473 
1.72788 	 0.178254 	 0.3 	 0.457724 	 10 	 0.995473 
1.75929 	 0.177346 	 0.3 	 0.457724 	 10 	 0.995473 
1.79071 	 0.17625 	 0.3 	 0.457724 	 10 	 0.995473 
1.82212 	 0.174968 	 0.3 	 0.457724 	 10 	 0.995473 
1.85354 	 0.173503 	 0.3 	 0.457724 	 10 	 0.995473 
1.88496 	 0.171857 	 0.3 	 0.457724 	 10 	 0.995473 
1.91637 	 0.170033 	 0.3 	 0.457724 	 10 	 0.995473 
1.94779 	 0.168034 	 0.3 	 0.457724 	 10 	 0.995473 
1.9792 	 0.165863 	 0.3 	 0.457724 	 10 	 0.995473 
2.01062 	 0.163524 	 0.3 	 0.457724 	 10 	 0.995473 
2.04204 	 0.161021 	 0.3 	 0.457724 	 10 	 0.995473 
2.07345 	 0.158355 	 0.3 	 0.457724 	 10 	 0.995473 
2.10487 	 0.155532 	 0.3 	 0.457724 	 10 	 0.995473 
2.13628 	 0.152555 	 0.3 	 0.457724 	 10 	 0.995473 
2.1677 	 0.149426 	 0.3 	 0.457724 	 10 	 0.995473 
2.19911 	 0.146151 	 0.3 	 0.457724 	 10 	 0.995473 
2.23053 	 0.142733 	 0.3 	 0.457724 	 10 	 0.995473 
2.26195 	 0.139175 	 0.3 	 0.457724 	 10 	 0.995473 
2.29336 	 0.135481 	 0.3 	 0.457724 	 10 	 0.995473 
2.32478 	 0.131655 	 0.3 	 0.457724 	 10 	 0.995473 
2.35619 	 0.127701 	 0.3 	 0.457724 	 10 	 0.995473 
2.38761 	 0.123623 	 0.3 	 0.457724 	 10 	 0.995473 
2.41903 	 0.119425 	 0.3 	 0.457724 	 10 	 0.995473 
2.45044 	 0.115111 	 0.3 	 0.457724 	 10 	 0.995473 
2.48186 	 0.110685 	 0.3 	 0.457724 	 10 	 0.995473 
2.51327 	 0.106151 	 0.3 	 0.457724 	 10 	 0.995473 
2.54469 	 0.101513 	 0.3 	 0.457724 	 10 	 0.995473 
2.57611 	 0.0967756 	 0.3 	 0.457724 	 10 	 0.995473 
2.60752 	 0.0919434 	 0.3 	 0.457724 	 10 	 0.995473 
2.63894 	 0.0870208 	 0.3 	 0.457724 	 10 	 0.995473 
2.67035 	 0.0820122 	 0.3 	 0.457724 	 10 	 0.995473 
2.70177 	 0.0769224 	 0.3 	 0.457724 	 10 	 0.995473 
2.73319 	 0.0717561 	 0.3 	 0.457724 	 10 	 0.995473 
2.7646 	 0.0665183 	 0.3 	 0.457724 	 10 	 0.995473 
2.79602 	 0.061214 	 0.3 	 0.457724 	 10 	 0.995473 
2.82743 	 0.0558482 	 0.3 	 0.457724 	 10 	 0.995473 
2.85885 	 0.0504262 	 0.3 	 0.457724 	 10 	 0.995473 
2.89027 	 0.0449533 	 0.3 	 0.457724 	 10 	 0.995473 
2.92168 	 0.0394348 	 0.3 	 0.457724 	 10 	 0.995473 
2.9531 	 0.0338763 	 0.3 	 0.457724 	 10 	 0.995473 
2.98451 	 0.0282833 	 0.3 	 0.457724 	 10 	 0.995473 
3.01593 	 0.0226614 	 0.3 	 0.457724 	 10 	 0.995473 
3.04734 	 0.0170164 	 0.3 	 0.457724 	 10 	 0.995473 
3.07876 	 0.0113539 	 0.3 	 0.457724 	 10 	 0.995473 
3.11018 	 0.00567988 	 0.3 	 0.457724 	 10 	 0.995473 
