Bdist 	 CS1 	 Deltamax 	 Nmu/N 	 Emin 	 check 
0.001 	 -6.5658e-67 	 2.21526e-97 	 0.605 	 1.11022e-16 	 0 
0.011 	 7.51169e+06 	 2.53409e-09 	 0.6 	 1.72453e-09 	 0 
0.021 	 818.643 	 2.32244e-05 	 0.6 	 1.58115e-05 	 0 
0.031 	 -0.00485298 	 0.000843663 	 0.6 	 0.000495958 	 4 
0.041 	 -0.00452328 	 0.00549554 	 0.600016 	 0.0032328 	 6 
0.051 	 -0.000963683 	 0.0477852 	 0.601055 	 0.0281581 	 17 
0.061 	 -0.00274332 	 0.269998 	 0.615753 	 0.157999 	 12 
0.071 	 -0.00560587 	 0.550019 	 0.634116 	 0.307268 	 9 
0.081 	 -0.00830616 	 0.81308 	 0.644106 	 0.420693 	 7 
0.091 	 -0.0107239 	 1.04775 	 0.648318 	 0.48565 	 6 
0.101 	 -0.012835 	 1.25174 	 0.649672 	 0.5 	 6 
0.111 	 -0.0146458 	 1.42543 	 0.649728 	 0.5 	 6 
0.121 	 -0.0161788 	 1.57086 	 0.649239 	 0.5 	 5 
0.131 	 -0.0174637 	 1.69083 	 0.648564 	 0.5 	 5 
0.141 	 -0.0185322 	 1.78842 	 0.647869 	 0.5 	 5 
0.151 	 -0.0194141 	 1.86661 	 0.647231 	 0.5 	 5 
0.161 	 -0.0201368 	 1.92816 	 0.646678 	 0.5 	 5 
0.171 	 -0.0207239 	 1.97557 	 0.646219 	 0.5 	 5 
0.181 	 -0.021196 	 2.01098 	 0.645851 	 0.5 	 5 
0.191 	 -0.0215706 	 2.03628 	 0.645567 	 0.5 	 5 
0.201 	 -0.0218625 	 2.05306 	 0.645357 	 0.5 	 5 
0.211 	 -0.022084 	 2.06269 	 0.645211 	 0.5 	 5 
0.221 	 -0.0222458 	 2.06634 	 0.645121 	 0.5 	 5 
0.231 	 -0.0223567 	 2.06508 	 0.645079 	 0.5 	 5 
0.241 	 -0.0224242 	 2.05965 	 0.645077 	 0.5 	 5 
0.251 	 -0.0224547 	 2.05073 	 0.645109 	 0.5 	 5 
0.261 	 -0.0224534 	 2.03892 	 0.645169 	 0.5 	 5 
0.271 	 -0.0224251 	 2.02472 	 0.645253 	 0.5 	 5 
0.281 	 -0.0223736 	 2.00857 	 0.645356 	 0.5 	 5 
0.291 	 -0.0223022 	 1.99081 	 0.645473 	 0.5 	 5 
0.301 	 -0.0222137 	 1.97175 	 0.645604 	 0.5 	 5 
0.311 	 -0.0221107 	 1.95166 	 0.645743 	 0.5 	 5 
0.321 	 -0.0219952 	 1.93074 	 0.64589 	 0.5 	 5 
0.331 	 -0.0218691 	 1.9092 	 0.646041 	 0.5 	 5 
0.341 	 -0.0217338 	 1.88717 	 0.646196 	 0.5 	 5 
0.351 	 -0.0215908 	 1.8648 	 0.646352 	 0.5 	 5 
0.361 	 -0.0214412 	 1.8422 	 0.646509 	 0.5 	 5 
0.371 	 -0.0212862 	 1.81947 	 0.646664 	 0.5 	 5 
0.381 	 -0.0211264 	 1.79668 	 0.646818 	 0.5 	 5 
0.391 	 -0.0209628 	 1.7739 	 0.646969 	 0.5 	 5 
0.401 	 -0.020796 	 1.7512 	 0.647116 	 0.5 	 5 
0.411 	 -0.0206267 	 1.72861 	 0.647259 	 0.5 	 5 
0.421 	 -0.0204552 	 1.70619 	 0.647398 	 0.5 	 5 
0.431 	 -0.0202822 	 1.68395 	 0.647531 	 0.5 	 5 
0.441 	 -0.0201079 	 1.66197 	 0.647659 	 0.5 	 6 
0.451 	 -0.0199327 	 1.64025 	 0.647781 	 0.5 	 6 
0.461 	 -0.0197571 	 1.61879 	 0.647897 	 0.5 	 6 
0.471 	 -0.0195811 	 1.59761 	 0.648006 	 0.5 	 6 
0.481 	 -0.0194051 	 1.57671 	 0.648109 	 0.5 	 6 
0.491 	 -0.0192292 	 1.5561 	 0.648205 	 0.5 	 6 
0.501 	 -0.0190537 	 1.5358 	 0.648294 	 0.5 	 6 
0.511 	 -0.0188787 	 1.51581 	 0.648376 	 0.5 	 6 
0.521 	 -0.0187044 	 1.49613 	 0.64845 	 0.5 	 6 
0.531 	 -0.0185308 	 1.47676 	 0.648518 	 0.5 	 6 
0.541 	 -0.0183581 	 1.4577 	 0.648579 	 0.5 	 6 
0.551 	 -0.0181864 	 1.43896 	 0.648633 	 0.5 	 6 
0.561 	 -0.0180157 	 1.42052 	 0.648679 	 0.5 	 6 
0.571 	 -0.0178462 	 1.4024 	 0.648718 	 0.5 	 6 
0.581 	 -0.0176779 	 1.38458 	 0.64875 	 0.5 	 6 
0.591 	 -0.0175108 	 1.36707 	 0.648776 	 0.5 	 6 
0.601 	 -0.017345 	 1.34985 	 0.648794 	 0.5 	 6 
0.611 	 -0.0171805 	 1.33293 	 0.648805 	 0.5 	 6 
0.621 	 -0.0170175 	 1.3163 	 0.648809 	 0.5 	 6 
0.631 	 -0.0168558 	 1.29996 	 0.648807 	 0.5 	 6 
0.641 	 -0.0166955 	 1.2839 	 0.648798 	 0.5 	 6 
0.651 	 -0.0165366 	 1.26811 	 0.648782 	 0.5 	 6 
0.661 	 -0.0163793 	 1.2526 	 0.64876 	 0.5 	 6 
0.671 	 -0.0162233 	 1.23735 	 0.648731 	 0.5 	 6 
0.681 	 -0.0160689 	 1.22237 	 0.648696 	 0.5 	 6 
0.691 	 -0.0159159 	 1.20764 	 0.648655 	 0.5 	 6 
0.701 	 -0.0157644 	 1.19316 	 0.648607 	 0.5 	 6 
0.711 	 -0.0156144 	 1.17893 	 0.648553 	 0.5 	 6 
0.721 	 -0.0154659 	 1.16494 	 0.648494 	 0.5 	 6 
0.731 	 -0.0153189 	 1.15118 	 0.648429 	 0.5 	 6 
0.741 	 -0.0151733 	 1.13766 	 0.648357 	 0.5 	 6 
0.751 	 -0.0150293 	 1.12436 	 0.648281 	 0.5 	 6 
0.761 	 -0.0148867 	 1.11128 	 0.648198 	 0.5 	 6 
0.771 	 -0.0147455 	 1.09842 	 0.64811 	 0.5 	 6 
0.781 	 -0.0146058 	 1.08577 	 0.648017 	 0.5 	 6 
0.791 	 -0.0144676 	 1.07333 	 0.647919 	 0.5 	 6 
0.801 	 -0.0143308 	 1.06109 	 0.647816 	 0.5 	 6 
0.811 	 -0.0141954 	 1.04905 	 0.647707 	 0.5 	 6 
0.821 	 -0.0140614 	 1.03721 	 0.647594 	 0.5 	 7 
0.831 	 -0.0139289 	 1.02555 	 0.647475 	 0.5 	 7 
0.841 	 -0.0137977 	 1.01407 	 0.647352 	 0.5 	 7 
0.851 	 -0.0136679 	 1.00278 	 0.647225 	 0.5 	 7 
0.861 	 -0.0135395 	 0.991659 	 0.647093 	 0.5 	 7 
0.871 	 -0.0134124 	 0.980714 	 0.646956 	 0.5 	 7 
0.881 	 -0.0132866 	 0.969938 	 0.646815 	 0.5 	 7 
0.891 	 -0.0131622 	 0.959327 	 0.64667 	 0.5 	 7 
0.901 	 -0.0130391 	 0.948878 	 0.646521 	 0.5 	 7 
0.911 	 -0.0129174 	 0.938587 	 0.646368 	 0.5 	 7 
0.921 	 -0.0127968 	 0.928451 	 0.646211 	 0.5 	 7 
0.931 	 -0.0126776 	 0.918466 	 0.64605 	 0.5 	 7 
0.941 	 -0.0125596 	 0.908629 	 0.645885 	 0.5 	 7 
0.951 	 -0.0124429 	 0.898937 	 0.645717 	 0.5 	 7 
0.961 	 -0.0123274 	 0.889386 	 0.645545 	 0.499995 	 7 
0.971 	 -0.0122131 	 0.879973 	 0.645369 	 0.499807 	 7 
0.981 	 -0.0121001 	 0.870697 	 0.64519 	 0.499368 	 7 
0.991 	 -0.0119882 	 0.861553 	 0.645008 	 0.498725 	 7 
