  0.00100000   1.99367316   0.21602884   0.09085834   0.05066835   0.03235130 
  0.00200505   1.99357061   0.21602766   0.09085815   0.05066831   0.03235129 
  0.00301010   1.99212339   0.21601192   0.09085569   0.05066784   0.03235125 
  0.00401515   1.98605286   0.21594599   0.09084543   0.05066591   0.03235107 
  0.00502020   1.97354535   0.21580912   0.09082419   0.05066191   0.03235071 
  0.00602525   1.95525093   0.21560612   0.09079278   0.05065604   0.03235017 
  0.00703030   1.93286958   0.21535309   0.09075378   0.05064880   0.03234950 
  0.00803535   1.90808796   0.21506674   0.09070985   0.05064072   0.03234875 
  0.00904040   1.88220513   0.21476044   0.09066311   0.05063222   0.03234793 
  0.01004545   1.85610988   0.21444383   0.09061505   0.05062358   0.03234710 
  0.01105051   1.83036826   0.21412343   0.09056667   0.05061497   0.03234625 
  0.01205556   1.80532008   0.21380350   0.09051857   0.05060650   0.03234540 
  0.01306061   1.78115485   0.21348678   0.09047114   0.05059822   0.03234454 
  0.01406566   1.75796514   0.21317492   0.09042457   0.05059016   0.03234369 
  0.01507071   1.73578214   0.21286889   0.09037896   0.05058230   0.03234283 
  0.01607576   1.71459896   0.21256922   0.09033434   0.05057464   0.03234197 
  0.01708081   1.69438577   0.21227609   0.09029070   0.05056716   0.03234110 
  0.01808586   1.67509958   0.21198950   0.09024801   0.05055985   0.03234021 
  0.01909091   1.65669063   0.21170934   0.09020623   0.05055268   0.03233931 
  0.02009596   1.63910641   0.21143540   0.09016530   0.05054564   0.03233838 
  0.02110101   1.62229432   0.21116743   0.09012516   0.05053871   0.03233744 
  0.02210606   1.60620319   0.21090516   0.09008577   0.05053187   0.03233646 
  0.02311111   1.59078429   0.21064830   0.09004708   0.05052511   0.03233546 
  0.02411616   1.57599178   0.21039656   0.09000902   0.05051842   0.03233443 
  0.02512121   1.56178297   0.21014968   0.08997157   0.05051179   0.03233338 
  0.02612626   1.54811832   0.20990738   0.08993467   0.05050521   0.03233228 
  0.02713131   1.53496140   0.20966942   0.08989829   0.05049867   0.03233116 
  0.02813636   1.52227872   0.20943556   0.08986239   0.05049216   0.03233000 
  0.02914141   1.51003953   0.20920557   0.08982694   0.05048568   0.03232881 
  0.03014646   1.49821564   0.20897925   0.08979191   0.05047923   0.03232758 
  0.03115152   1.48678122   0.20875641   0.08975727   0.05047279   0.03232632 
  0.03215657   1.47571256   0.20853685   0.08972300   0.05046636   0.03232503 
  0.03316162   1.46498793   0.20832041   0.08968907   0.05045994   0.03232369 
  0.03416667   1.45458736   0.20810695   0.08965546   0.05045352   0.03232233 
  0.03517172   1.44449247   0.20789630   0.08962215   0.05044711   0.03232092 
  0.03617677   1.43468636   0.20768833   0.08958912   0.05044069   0.03231948 
  0.03718182   1.42515345   0.20748292   0.08955636   0.05043427   0.03231800 
  0.03818687   1.41587934   0.20727996   0.08952385   0.05042785   0.03231649 
  0.03919192   1.40685072   0.20707932   0.08949157   0.05042141   0.03231494 
  0.04019697   1.39805526   0.20688091   0.08945951   0.05041496   0.03231335 
  0.04120202   1.38948152   0.20668463   0.08942767   0.05040850   0.03231173 
  0.04220707   1.38111889   0.20649039   0.08939601   0.05040202   0.03231007 
  0.04321212   1.37295748   0.20629811   0.08936454   0.05039553   0.03230837 
  0.04421717   1.36498808   0.20610771   0.08933325   0.05038902   0.03230664 
  0.04522222   1.35720209   0.20591911   0.08930212   0.05038248   0.03230486 
  0.04622727   1.34959147   0.20573225   0.08927114   0.05037593   0.03230306 
  0.04723232   1.34214871   0.20554705   0.08924032   0.05036935   0.03230121 
  0.04823737   1.33486677   0.20536346   0.08920963   0.05036275   0.03229933 
  0.04924242   1.32773903   0.20518142   0.08917907   0.05035612   0.03229741 
  0.05024747   1.32075928   0.20500087   0.08914863   0.05034947   0.03229545 
  0.05125253   1.31392168   0.20482176   0.08911831   0.05034279   0.03229346 
  0.05225758   1.30722073   0.20464404   0.08908810   0.05033608   0.03229143 
  0.05326263   1.30065123   0.20446766   0.08905799   0.05032934   0.03228936 
  0.05426768   1.29420829   0.20429259   0.08902798   0.05032257   0.03228725 
  0.05527273   1.28788728   0.20411877   0.08899807   0.05031577   0.03228511 
  0.05627778   1.28168382   0.20394617   0.08896824   0.05030894   0.03228293 
  0.05728283   1.27559376   0.20377475   0.08893849   0.05030207   0.03228071 
  0.05828788   1.26961318   0.20360447   0.08890882   0.05029518   0.03227846 
  0.05929293   1.26373836   0.20343530   0.08887922   0.05028824   0.03227617 
  0.06029798   1.25796574   0.20326720   0.08884970   0.05028128   0.03227384 
  0.06130303   1.25229196   0.20310015   0.08882023   0.05027428   0.03227148 
  0.06230808   1.24671383   0.20293412   0.08879083   0.05026724   0.03226908 
  0.06331313   1.24122831   0.20276907   0.08876148   0.05026017   0.03226664 
  0.06431818   1.23583247   0.20260498   0.08873219   0.05025306   0.03226416 
  0.06532323   1.23052357   0.20244182   0.08870295   0.05024591   0.03226165 
  0.06632828   1.22529896   0.20227957   0.08867375   0.05023873   0.03225910 
  0.06733333   1.22015612   0.20211820   0.08864460   0.05023150   0.03225652 
  0.06833838   1.21509265   0.20195769   0.08861549   0.05022424   0.03225389 
  0.06934343   1.21010623   0.20179802   0.08858642   0.05021694   0.03225123 
  0.07034848   1.20519466   0.20163917   0.08855738   0.05020960   0.03224854 
  0.07135354   1.20035584   0.20148112   0.08852838   0.05020223   0.03224580 
  0.07235859   1.19558774   0.20132384   0.08849940   0.05019481   0.03224303 
  0.07336364   1.19088843   0.20116733   0.08847046   0.05018735   0.03224023 
  0.07436869   1.18625604   0.20101155   0.08844154   0.05017985   0.03223739 
  0.07537374   1.18168881   0.20085650   0.08841265   0.05017231   0.03223451 
  0.07637879   1.17718500   0.20070216   0.08838377   0.05016473   0.03223159 
  0.07738384   1.17274298   0.20054851   0.08835492   0.05015711   0.03222864 
  0.07838889   1.16836116   0.20039553   0.08832609   0.05014945   0.03222565 
  0.07939394   1.16403803   0.20024322   0.08829727   0.05014175   0.03222263 
  0.08039899   1.15977212   0.20009156   0.08826846   0.05013400   0.03221957 
  0.08140404   1.15556202   0.19994053   0.08823967   0.05012621   0.03221647 
  0.08240909   1.15140637   0.19979012   0.08821090   0.05011839   0.03221334 
  0.08341414   1.14730387   0.19964032   0.08818213   0.05011052   0.03221017 
  0.08441919   1.14325326   0.19949111   0.08815337   0.05010260   0.03220697 
  0.08542424   1.13925332   0.19934249   0.08812462   0.05009465   0.03220373 
  0.08642929   1.13530287   0.19919444   0.08809587   0.05008665   0.03220045 
  0.08743434   1.13140079   0.19904696   0.08806713   0.05007861   0.03219714 
  0.08843939   1.12754598   0.19890002   0.08803839   0.05007053   0.03219380 
  0.08944444   1.12373739   0.19875363   0.08800966   0.05006241   0.03219041 
  0.09044949   1.11997398   0.19860777   0.08798092   0.05005424   0.03218700 
  0.09145455   1.11625479   0.19846243   0.08795219   0.05004603   0.03218355 
  0.09245960   1.11257884   0.19831760   0.08792346   0.05003778   0.03218006 
  0.09346465   1.10894522   0.19817327   0.08789473   0.05002949   0.03217654 
  0.09446970   1.10535304   0.19802944   0.08786599   0.05002115   0.03217298 
  0.09547475   1.10180142   0.19788610   0.08783725   0.05001277   0.03216939 
  0.09647980   1.09828953   0.19774323   0.08780851   0.05000435   0.03216577 
  0.09748485   1.09481656   0.19760083   0.08777976   0.04999589   0.03216211 
  0.09848990   1.09138171   0.19745890   0.08775101   0.04998738   0.03215841 
  0.09949495   1.08798423   0.19731742   0.08772225   0.04997883   0.03215468 
  0.10050000   1.08462338   0.19717640   0.08769348   0.04997024   0.03215092 
  0.10150505   1.08129843   0.19703581   0.08766471   0.04996161   0.03214713 
  0.10251010   1.07800869   0.19689566   0.08763593   0.04995294   0.03214330 
  0.10351515   1.07475348   0.19675593   0.08760715   0.04994422   0.03213943 
  0.10452020   1.07153215   0.19661663   0.08757835   0.04993546   0.03213554 
  0.10552525   1.06834406   0.19647775   0.08754954   0.04992666   0.03213161 
  0.10653030   1.06518858   0.19633928   0.08752073   0.04991782   0.03212765 
  0.10753535   1.06206512   0.19620121   0.08749190   0.04990894   0.03212365 
  0.10854040   1.05897309   0.19606354   0.08746307   0.04990001   0.03211962 
  0.10954545   1.05591191   0.19592627   0.08743422   0.04989105   0.03211556 
  0.11055051   1.05288104   0.19578938   0.08740537   0.04988204   0.03211147 
  0.11155556   1.04987994   0.19565288   0.08737650   0.04987299   0.03210735 
  0.11256061   1.04690808   0.19551676   0.08734762   0.04986391   0.03210319 
  0.11356566   1.04396495   0.19538101   0.08731873   0.04985478   0.03209900 
  0.11457071   1.04105005   0.19524564   0.08728983   0.04984561   0.03209478 
  0.11557576   1.03816290   0.19511063   0.08726091   0.04983640   0.03209053 
  0.11658081   1.03530303   0.19497598   0.08723199   0.04982715   0.03208625 
  0.11758586   1.03246998   0.19484168   0.08720305   0.04981786   0.03208193 
  0.11859091   1.02966330   0.19470774   0.08717410   0.04980853   0.03207759 
  0.11959596   1.02688256   0.19457416   0.08714513   0.04979917   0.03207321 
  0.12060101   1.02412733   0.19444091   0.08711616   0.04978976   0.03206881 
  0.12160606   1.02139719   0.19430801   0.08708717   0.04978032   0.03206437 
  0.12261111   1.01869174   0.19417545   0.08705816   0.04977083   0.03205991 
  0.12361616   1.01601058   0.19404322   0.08702915   0.04976131   0.03205541 
  0.12462121   1.01335334   0.19391132   0.08700012   0.04975175   0.03205088 
  0.12562626   1.01071963   0.19377975   0.08697108   0.04974215   0.03204633 
  0.12663131   1.00810909   0.19364851   0.08694202   0.04973252   0.03204175 
  0.12763636   1.00552135   0.19351759   0.08691296   0.04972284   0.03203713 
  0.12864141   1.00295608   0.19338699   0.08688388   0.04971313   0.03203249 
  0.12964646   1.00041292   0.19325671   0.08685479   0.04970339   0.03202782 
  0.13065152   0.99789155   0.19312673   0.08682568   0.04969360   0.03202312 
  0.13165657   0.99539163   0.19299707   0.08679656   0.04968378   0.03201840 
  0.13266162   0.99291286   0.19286772   0.08676743   0.04967393   0.03201364 
  0.13366667   0.99045490   0.19273868   0.08673829   0.04966403   0.03200886 
  0.13467172   0.98801748   0.19260993   0.08670914   0.04965411   0.03200405 
  0.13567677   0.98560027   0.19248149   0.08667997   0.04964415   0.03199921 
  0.13668182   0.98320300   0.19235335   0.08665079   0.04963415   0.03199435 
  0.13768687   0.98082537   0.19222550   0.08662160   0.04962412   0.03198946 
  0.13869192   0.97846712   0.19209795   0.08659240   0.04961405   0.03198455 
  0.13969697   0.97612796   0.19197068   0.08656319   0.04960395   0.03197960 
  0.14070202   0.97380763   0.19184371   0.08653396   0.04959382   0.03197463 
  0.14170707   0.97150587   0.19171703   0.08650473   0.04958365   0.03196964 
  0.14271212   0.96922242   0.19159063   0.08647548   0.04957345   0.03196462 
  0.14371717   0.96695703   0.19146452   0.08644623   0.04956322   0.03195958 
  0.14472222   0.96470945   0.19133868   0.08641696   0.04955296   0.03195451 
  0.14572727   0.96247946   0.19121313   0.08638768   0.04954266   0.03194941 
  0.14673232   0.96026680   0.19108786   0.08635840   0.04953233   0.03194429 
  0.14773737   0.95807125   0.19096286   0.08632910   0.04952197   0.03193915 
  0.14874242   0.95589259   0.19083814   0.08629979   0.04951158   0.03193398 
  0.14974747   0.95373059   0.19071369   0.08627048   0.04950116   0.03192879 
  0.15075253   0.95158504   0.19058951   0.08624116   0.04949071   0.03192357 
  0.15175758   0.94945571   0.19046561   0.08621182   0.04948023   0.03191834 
  0.15276263   0.94734242   0.19034197   0.08618248   0.04946971   0.03191308 
  0.15376768   0.94524494   0.19021860   0.08615314   0.04945917   0.03190779 
  0.15477273   0.94316308   0.19009550   0.08612378   0.04944860   0.03190249 
  0.15577778   0.94109664   0.18997266   0.08609442   0.04943800   0.03189716 
  0.15678283   0.93904543   0.18985008   0.08606505   0.04942738   0.03189181 
  0.15778788   0.93700927   0.18972777   0.08603567   0.04941672   0.03188643 
  0.15879293   0.93498795   0.18960571   0.08600629   0.04940604   0.03188104 
  0.15979798   0.93298131   0.18948392   0.08597690   0.04939533   0.03187562 
  0.16080303   0.93098916   0.18936238   0.08594751   0.04938459   0.03187019 
  0.16180808   0.92901133   0.18924111   0.08591811   0.04937383   0.03186473 
  0.16281313   0.92704764   0.18912008   0.08588870   0.04936304   0.03185925 
  0.16381818   0.92509793   0.18899932   0.08585929   0.04935222   0.03185375 
  0.16482323   0.92316202   0.18887880   0.08582988   0.04934138   0.03184824 
  0.16582828   0.92123976   0.18875854   0.08580046   0.04933051   0.03184270 
  0.16683333   0.91933099   0.18863853   0.08577104   0.04931962   0.03183714 
  0.16783838   0.91743555   0.18851878   0.08574162   0.04930870   0.03183156 
  0.16884343   0.91555327   0.18839927   0.08571219   0.04929776   0.03182597 
  0.16984848   0.91368402   0.18828001   0.08568276   0.04928680   0.03182035 
  0.17085354   0.91182764   0.18816100   0.08565333   0.04927581   0.03181472 
  0.17185859   0.90998398   0.18804223   0.08562389   0.04926480   0.03180907 
  0.17286364   0.90815291   0.18792371   0.08559446   0.04925376   0.03180340 
  0.17386869   0.90633427   0.18780544   0.08556502   0.04924270   0.03179771 
  0.17487374   0.90452793   0.18768741   0.08553558   0.04923163   0.03179201 
  0.17587879   0.90273375   0.18756963   0.08550615   0.04922052   0.03178628 
  0.17688384   0.90095160   0.18745209   0.08547671   0.04920940   0.03178054 
  0.17788889   0.89918134   0.18733479   0.08544727   0.04919826   0.03177479 
  0.17889394   0.89742285   0.18721773   0.08541783   0.04918709   0.03176901 
  0.17989899   0.89567599   0.18710091   0.08538840   0.04917591   0.03176322 
  0.18090404   0.89394064   0.18698433   0.08535896   0.04916470   0.03175742 
  0.18190909   0.89221667   0.18686799   0.08532953   0.04915348   0.03175160 
  0.18291414   0.89050397   0.18675189   0.08530010   0.04914223   0.03174576 
  0.18391919   0.88880241   0.18663603   0.08527067   0.04913097   0.03173990 
  0.18492424   0.88711187   0.18652040   0.08524125   0.04911968   0.03173404 
  0.18592929   0.88543224   0.18640501   0.08521182   0.04910838   0.03172815 
  0.18693434   0.88376340   0.18628986   0.08518241   0.04909706   0.03172225 
  0.18793939   0.88210524   0.18617494   0.08515299   0.04908572   0.03171634 
  0.18894444   0.88045766   0.18606026   0.08512358   0.04907437   0.03171041 
  0.18994949   0.87882053   0.18594580   0.08509418   0.04906300   0.03170447 
  0.19095455   0.87719375   0.18583159   0.08506478   0.04905161   0.03169852 
  0.19195960   0.87557722   0.18571760   0.08503538   0.04904020   0.03169255 
  0.19296465   0.87397082   0.18560385   0.08500599   0.04902878   0.03168657 
  0.19396970   0.87237447   0.18549033   0.08497661   0.04901734   0.03168057 
  0.19497475   0.87078806   0.18537704   0.08494723   0.04900589   0.03167456 
  0.19597980   0.86921148   0.18526398   0.08491786   0.04899442   0.03166854 
  0.19698485   0.86764464   0.18515115   0.08488850   0.04898293   0.03166251 
  0.19798990   0.86608744   0.18503855   0.08485915   0.04897144   0.03165646 
  0.19899495   0.86453979   0.18492618   0.08482980   0.04895992   0.03165040 
  0.20000000   0.86300159   0.18481403   0.08480046   0.04894840   0.03164433 
