d 	 E02 	 mu2 	 Delta11max 	 Delta12max 	 check2 


0.745 	 0.627513 	 1.0799 	 8.3274e-05 	 0.423423 	 13 
0.7451 	 0.627548 	 1.0799 	 8.3872e-05 	 0.423224 	 13 
0.7452 	 0.627583 	 1.07984 	 8.46477e-05 	 0.42304 	 13 
0.7453 	 0.627618 	 1.07978 	 8.5511e-05 	 0.422857 	 13 
0.7454 	 0.627653 	 1.07978 	 8.61265e-05 	 0.422656 	 13 
0.7455 	 0.627688 	 1.07972 	 8.71453e-05 	 0.42247 	 13 
0.7456 	 0.627723 	 1.07966 	 8.83507e-05 	 0.422287 	 13 
0.7457 	 0.627758 	 1.0796 	 8.91398e-05 	 0.422104 	 13 
0.7458 	 0.627793 	 1.0796 	 9.00207e-05 	 0.421903 	 13 
0.7459 	 0.627828 	 1.07954 	 9.20983e-05 	 0.421718 	 13 
0.746 	 0.627863 	 1.07948 	 9.38271e-05 	 0.421534 	 13 
0.7461 	 0.627898 	 1.07942 	 9.47759e-05 	 0.421352 	 13 
0.7462 	 0.627933 	 1.07942 	 5.16039e-05 	 0.42115 	 14 
0.7463 	 0.628782 	 0.97292 	 0.500142 	 9.38847e-05 	 14 
0.7464 	 0.628781 	 0.97292 	 0.500144 	 8.66384e-05 	 14 
0.7465 	 0.628781 	 0.97292 	 0.500145 	 8.34596e-05 	 14 
0.7466 	 0.628781 	 0.97292 	 0.500146 	 8.15368e-05 	 14 
0.7467 	 0.628781 	 0.97292 	 0.500146 	 8.01642e-05 	 14 
0.7468 	 0.628781 	 0.97292 	 0.500146 	 7.90569e-05 	 14 
0.7469 	 0.628781 	 0.97292 	 0.500146 	 7.81137e-05 	 14 
0.747 	 0.628781 	 0.97292 	 0.500147 	 7.62189e-05 	 14 
0.7471 	 0.628781 	 0.97292 	 0.500147 	 7.55789e-05 	 14 
0.7472 	 0.628781 	 0.97292 	 0.500147 	 7.4951e-05 	 14 
0.7473 	 0.628781 	 0.97292 	 0.500148 	 7.35806e-05 	 14 
0.7474 	 0.628781 	 0.97292 	 0.500148 	 7.30548e-05 	 14 
0.7475 	 0.628781 	 0.97292 	 0.500148 	 7.2526e-05 	 14 
0.7476 	 0.628781 	 0.97292 	 0.500148 	 7.1429e-05 	 14 
0.7477 	 0.628781 	 0.97292 	 0.500148 	 7.09434e-05 	 14 
0.7478 	 0.628781 	 0.97292 	 0.500148 	 6.99616e-05 	 14 
0.7479 	 0.628781 	 0.97292 	 0.500148 	 6.95021e-05 	 14 
0.748 	 0.628781 	 0.97292 	 0.500148 	 6.86134e-05 	 14 
