0.5 	 0 	 -1 	 0.709555 
0.496 	 -0.012 	 -1 	 0.709483 
0.492 	 -0.0251301 	 -1 	 0.709484 
0.488 	 -0.0376902 	 -1 	 0.709467 
0.484 	 -0.047 	 -1 	 0.709417 
0.48 	 -0.059 	 -1 	 0.709539 
0.476 	 -0.071 	 -1 	 0.70947 
0.472 	 -0.0878512 	 -1 	 0.70948 
0.468 	 -0.100362 	 -1 	 0.709448 
0.464 	 -0.106 	 -1 	 0.709268 
0.46 	 -0.118 	 -1 	 0.709395 
0.456 	 -0.13 	 -1 	 0.709353 
0.452 	 -0.150226 	 -1 	 0.709374 
0.448 	 -0.153 	 -1 	 0.708745 
0.444 	 -0.165 	 -1 	 0.709004 
0.44 	 -0.177 	 -1 	 0.709139 
0.436 	 -0.188 	 -1 	 0.709084 
0.432 	 -0.212007 	 -1 	 0.709136 
0.428 	 -0.212 	 -1 	 0.708495 
0.424 	 -0.224 	 -1 	 0.708555 
0.42 	 -0.235 	 -1 	 0.708674 
0.416 	 -0.247 	 -1 	 0.708639 
0.412 	 -0.272952 	 -1 	 0.708658 
0.408 	 -0.27 	 -1 	 0.708041 
0.404 	 -0.282 	 -1 	 0.70782 
0.4 	 -0.294 	 -1 	 0.707944 
0.396 	 -0.305 	 -1 	 0.707882 
0.392 	 -0.33282 	 -1 	 0.70787 
0.388 	 -0.329 	 -1 	 0.707245 
0.384 	 -0.34 	 -1 	 0.706711 
0.38 	 -0.352 	 -1 	 0.706804 
0.376 	 -0.363 	 -1 	 0.70671 
0.372 	 -0.375 	 -1 	 0.706441 
0.368 	 -0.386 	 -1 	 0.706012 
0.364 	 -0.398 	 -1 	 0.70538 
0.36 	 -0.409 	 -1 	 0.705124 
0.356 	 -0.421 	 -1 	 0.704984 
0.352 	 -0.432 	 -1 	 0.704671 
0.348 	 -0.444 	 -1 	 0.704162 
0.344 	 -0.455 	 -1 	 0.703509 
0.34 	 -0.467 	 -1 	 0.702746 
0.336 	 -0.492727 	 -1 	 0.702807 
0.332 	 -0.489 	 -1 	 0.702145 
0.328 	 -0.501 	 -1 	 0.701555 
0.324 	 -0.51 	 -1 	 0.700694 
0.32 	 -0.522 	 -1 	 0.699776 
0.316 	 -0.535 	 -1 	 0.699135 
0.312 	 -0.546 	 -1 	 0.698651 
0.308 	 -0.557 	 -1 	 0.698005 
0.304 	 -0.568 	 -1 	 0.697064 
0.3 	 -0.579 	 -1 	 0.696081 
0.296 	 -0.591 	 -1 	 0.69487 
0.292 	 -0.602 	 -1 	 0.693967 
0.288 	 -0.614 	 -1 	 0.693162 
0.284 	 -0.625 	 -1 	 0.692182 
0.28 	 -0.636 	 -1 	 0.691057 
0.276 	 -0.647 	 -1 	 0.689729 
0.272 	 -0.658 	 -1 	 0.688254 
0.268 	 -0.669 	 -1 	 0.686822 
0.264 	 -0.68 	 -1 	 0.685705 
0.26 	 -0.691 	 -1 	 0.684417 
0.256 	 -0.702 	 -1 	 0.682949 
0.252 	 -0.713 	 -1 	 0.681299 
0.248 	 -0.724 	 -1 	 0.679459 
0.244 	 -0.735 	 -1 	 0.677445 
0.24 	 -0.746 	 -1 	 0.675763 
0.236 	 -0.757 	 -1 	 0.674057 
0.232 	 -0.767 	 -1 	 0.672352 
0.228 	 -0.778 	 -1 	 0.670314 
0.224 	 -0.789 	 -1 	 0.668079 
0.22 	 -0.799 	 -1 	 0.665875 
0.216 	 -0.81 	 -1 	 0.663279 
0.212 	 -0.82 	 -1 	 0.660801 
0.208 	 -0.831 	 -1 	 0.658702 
0.204 	 -0.841 	 -1 	 0.656389 
0.2 	 -0.852 	 -1 	 0.653713 
0.196 	 -0.862 	 -1 	 0.651149 
0.192 	 -0.872 	 -1 	 0.64835 
0.188 	 -0.882 	 -1 	 0.645387 
0.184 	 -0.892 	 -1 	 0.642147 
0.18 	 -0.902 	 -1 	 0.638831 
0.176 	 -0.912 	 -1 	 0.6359 
0.172 	 -0.922 	 -1 	 0.632775 
0.168 	 -0.931 	 -1 	 0.629772 
0.164 	 -0.941 	 -1 	 0.626284 
0.16 	 -0.95 	 -1 	 0.622927 
0.156 	 -0.96 	 -1 	 0.61919 
0.152 	 -0.969 	 -1 	 0.615492 
0.148 	 -0.978 	 -1 	 0.611421 
0.144 	 -0.988 	 -1 	 0.607123 
0.14 	 -0.997 	 -1 	 0.602608 
0.136 	 -1 	 0 	 0.601121 
0.132 	 -1 	 0 	 0.601115 
0.128 	 -1.001 	 0 	 0.600581 
0.124 	 -1.011 	 0 	 0.595939 
0.12 	 -1.02 	 0 	 0.591585 
0.116 	 -1.029 	 0 	 0.586991 
0.112 	 -1.039 	 0 	 0.581656 
0.108 	 -1.048 	 0 	 0.576615 
0.104 	 -1.058 	 0 	 0.57076 
0.1 	 -1.068 	 0 	 0.5646 
0.096 	 -1.078 	 0 	 0.558157 
0.092 	 -1.088 	 0 	 0.551438 
0.088 	 -1.098 	 0 	 0.544386 
0.084 	 -1.109 	 0 	 0.536353 
0.08 	 -1.119 	 0 	 0.528573 
0.076 	 -1.13 	 0 	 0.519697 
0.072 	 -1.141 	 0 	 0.51038 
0.068 	 -1.152 	 0 	 0.500604 
0.064 	 -1.164 	 0 	 0.490064 
0.06 	 -1.175 	 0 	 0.47929 
0.056 	 -1.187 	 0 	 0.467635 
0.052 	 -1.199 	 0 	 0.454929 
0.048 	 -1.212 	 0 	 0.441481 
0.044 	 -1.224 	 0 	 0.426223 
0.04 	 -1.237 	 0 	 0.410922 
0.036 	 -1.249 	 0 	 0.393536 
0.032 	 -1.263 	 0 	 0.374637 
0.028 	 -1.276 	 0 	 0.353843 
0.024 	 -1.289 	 0 	 0.330453 
0.02 	 -1.302 	 0 	 0.304506 
0.016 	 -1.317 	 0 	 0.275452 
0.012 	 -1.33 	 0 	 0.240316 
0.008 	 -1.345 	 0 	 0.198417 
0.004 	 -1.36 	 0 	 0.141839 


0.5 	 0 	 -1 	 0.709555 
0.504 	 0.012 	 -1 	 0.709486 
0.508 	 0.024 	 -1 	 0.70921 
0.512 	 0.035 	 -1 	 0.709146 
0.516 	 0.047 	 -1 	 0.709404 
0.52 	 0.059 	 -1 	 0.709536 
0.524 	 0.071 	 -1 	 0.709471 
0.528 	 0.083 	 -1 	 0.709225 
0.532 	 0.094 	 -1 	 0.708981 
0.536 	 0.106 	 -1 	 0.709256 
0.54 	 0.118 	 -1 	 0.709415 
0.544 	 0.13 	 -1 	 0.709352 
0.548 	 0.142 	 -1 	 0.709109 
0.552 	 0.153 	 -1 	 0.708748 
0.556 	 0.165 	 -1 	 0.709006 
0.56 	 0.177 	 -1 	 0.709142 
0.564 	 0.189 	 -1 	 0.709083 
0.568 	 0.2 	 -1 	 0.708894 
0.572 	 0.212 	 -1 	 0.708497 
0.576 	 0.224 	 -1 	 0.708555 
0.58 	 0.235 	 -1 	 0.708693 
0.584 	 0.247 	 -1 	 0.708641 
0.588 	 0.259 	 -1 	 0.708417 
0.592 	 0.27 	 -1 	 0.708002 
0.596 	 0.282 	 -1 	 0.70779 
0.6 	 0.294 	 -1 	 0.707941 
0.604 	 0.305 	 -1 	 0.707887 
0.608 	 0.317 	 -1 	 0.707648 
0.612 	 0.329 	 -1 	 0.707216 
0.616 	 0.34 	 -1 	 0.706716 
0.62 	 0.352 	 -1 	 0.706803 
0.624 	 0.363 	 -1 	 0.706715 
0.628 	 0.375 	 -1 	 0.70644 
0.632 	 0.386 	 -1 	 0.706018 
0.636 	 0.398 	 -1 	 0.705379 
0.64 	 0.409 	 -1 	 0.705129 
0.644 	 0.421 	 -1 	 0.704982 
0.648 	 0.432 	 -1 	 0.704676 
0.652 	 0.444 	 -1 	 0.70416 
0.656 	 0.455 	 -1 	 0.703513 
0.66 	 0.467 	 -1 	 0.702743 
0.664 	 0.478 	 -1 	 0.70253 
0.668 	 0.489 	 -1 	 0.702153 
0.672 	 0.501 	 -1 	 0.701555 
0.676 	 0.512 	 -1 	 0.700832 
0.68 	 0.523 	 -1 	 0.699858 
0.684 	 0.535 	 -1 	 0.699164 
0.688 	 0.546 	 -1 	 0.698654 
0.692 	 0.557 	 -1 	 0.698006 
0.696 	 0.569 	 -1 	 0.697109 
0.7 	 0.58 	 -1 	 0.696107 
0.704 	 0.591 	 -1 	 0.694934 
0.708 	 0.602 	 -1 	 0.693977 
0.712 	 0.614 	 -1 	 0.693197 
0.716 	 0.625 	 -1 	 0.692186 
0.72 	 0.636 	 -1 	 0.691045 
0.724 	 0.647 	 -1 	 0.689733 
0.728 	 0.658 	 -1 	 0.688233 
0.732 	 0.669 	 -1 	 0.686838 
0.736 	 0.68 	 -1 	 0.685703 
0.74 	 0.691 	 -1 	 0.684412 
0.744 	 0.702 	 -1 	 0.682941 
0.748 	 0.713 	 -1 	 0.681289 
0.752 	 0.724 	 -1 	 0.67945 
0.756 	 0.735 	 -1 	 0.677432 
0.76 	 0.746 	 -1 	 0.67575 
0.764 	 0.757 	 -1 	 0.67407 
0.768 	 0.767 	 -1 	 0.672349 
0.772 	 0.778 	 -1 	 0.670308 
0.776 	 0.789 	 -1 	 0.66807 
0.78 	 0.799 	 -1 	 0.66586 
0.784 	 0.81 	 -1 	 0.663259 
0.788 	 0.82 	 -1 	 0.660778 
0.792 	 0.831 	 -1 	 0.658725 
0.796 	 0.841 	 -1 	 0.656391 
0.8 	 0.852 	 -1 	 0.653723 
0.804 	 0.862 	 -1 	 0.651091 
0.808 	 0.872 	 -1 	 0.648289 
0.812 	 0.882 	 -1 	 0.645314 
0.816 	 0.892 	 -1 	 0.642159 
0.82 	 0.902 	 -1 	 0.638843 
0.824 	 0.912 	 -1 	 0.635971 
0.828 	 0.922 	 -1 	 0.632857 
0.832 	 0.931 	 -1 	 0.629772 
0.836 	 0.941 	 -1 	 0.62638 
0.84 	 0.95 	 -1 	 0.622926 
0.844 	 0.96 	 -1 	 0.619165 
0.848 	 0.969 	 -1 	 0.615318 
0.852 	 0.978 	 -1 	 0.611417 
0.856 	 0.987 	 -1 	 0.606871 
0.86 	 0.997 	 -1 	 0.602596 
0.864 	 1 	 0 	 0.60111 
0.868 	 1 	 0 	 0.601109 
0.872 	 1.001 	 0 	 0.600588 
0.876 	 1.011 	 0 	 0.595926 
0.88 	 1.02 	 0 	 0.591561 
0.884 	 1.029 	 0 	 0.58697 
0.888 	 1.039 	 0 	 0.58167 
0.892 	 1.048 	 0 	 0.576591 
0.896 	 1.058 	 0 	 0.570752 
0.9 	 1.068 	 0 	 0.564592 
0.904 	 1.078 	 0 	 0.558165 
0.908 	 1.088 	 0 	 0.551423 
0.912 	 1.098 	 0 	 0.544376 
0.916 	 1.109 	 0 	 0.536319 
0.92 	 1.119 	 0 	 0.528543 
0.924 	 1.13 	 0 	 0.519696 
0.928 	 1.141 	 0 	 0.510405 
0.932 	 1.152 	 0 	 0.500594 
0.936 	 1.164 	 0 	 0.489904 
0.94 	 1.175 	 0 	 0.478716 
0.944 	 1.187 	 0 	 0.467585 
0.948 	 1.199 	 0 	 0.454951 
0.952 	 1.212 	 0 	 0.441495 
0.956 	 1.224 	 0 	 0.426232 
0.96 	 1.237 	 0 	 0.410937 
0.964 	 1.249 	 0 	 0.393538 
0.968 	 1.262 	 0 	 0.373836 
0.972 	 1.276 	 0 	 0.353848 
0.976 	 1.289 	 0 	 0.330438 
0.98 	 1.302 	 0 	 0.304308 
0.984 	 1.316 	 0 	 0.274947 
0.988 	 1.331 	 0 	 0.2409 
0.992 	 1.345 	 0 	 0.198433 
0.996 	 1.36 	 0 	 0.141626 


0.5 	 0.129 	 -1 	 0.708718 
0.496 	 0.119 	 -1 	 0.707001 
0.492 	 0.108 	 -1 	 0.705112 
0.488 	 0.097 	 -1 	 0.703864 
0.484 	 0.086 	 -1 	 0.702484 
0.48 	 0.075 	 -1 	 0.700944 
0.476 	 0.064 	 -1 	 0.699244 
0.472 	 0.053 	 -1 	 0.697411 
0.468 	 0.041 	 -1 	 0.695725 
0.464 	 0.03 	 -1 	 0.694428 
0.46 	 0.018 	 -1 	 0.692861 
0.456 	 0.007 	 -1 	 0.691188 
0.452 	 -0.005 	 -1 	 0.689211 
0.448 	 -0.017 	 -1 	 0.687294 
0.444 	 -0.029 	 -1 	 0.685972 
0.44 	 -0.041 	 -1 	 0.684467 
0.436 	 -0.053 	 -1 	 0.68279 
0.432 	 -0.065 	 -1 	 0.680966 
0.428 	 -0.078 	 -1 	 0.678747 
0.424 	 -0.09 	 -1 	 0.67752 
0.42 	 -0.103 	 -1 	 0.676021 
0.416 	 -0.116 	 -1 	 0.674386 
0.412 	 -0.129 	 -1 	 0.672564 
0.408 	 -0.142 	 -1 	 0.670506 
0.404 	 -0.155 	 -1 	 0.669012 
0.4 	 -0.168 	 -1 	 0.667664 
0.396 	 -0.181 	 -1 	 0.666186 
0.392 	 -0.195 	 -1 	 0.664367 
0.388 	 -0.208 	 -1 	 0.662455 
0.384 	 -0.222 	 -1 	 0.660793 
0.38 	 -0.236 	 -1 	 0.659633 
0.376 	 -0.249 	 -1 	 0.658245 
0.372 	 -0.263 	 -1 	 0.6566 
0.368 	 -0.277 	 -1 	 0.654743 
0.364 	 -0.292 	 -1 	 0.653006 
0.36 	 -0.306 	 -1 	 0.651894 
0.356 	 -0.32 	 -1 	 0.650646 
0.352 	 -0.334 	 -1 	 0.64917 
0.348 	 -0.349 	 -1 	 0.647338 
0.344 	 -0.363 	 -1 	 0.645588 
0.34 	 -0.378 	 -1 	 0.644649 
0.336 	 -0.393 	 -1 	 0.643451 
0.332 	 -0.407 	 -1 	 0.642138 
0.328 	 -0.422 	 -1 	 0.64048 
0.324 	 -0.437 	 -1 	 0.638576 
0.32 	 -0.452 	 -1 	 0.6377 
0.316 	 -0.467 	 -1 	 0.636654 
0.312 	 -0.482 	 -1 	 0.635343 
0.308 	 -0.497 	 -1 	 0.633814 
0.304 	 -0.512 	 -1 	 0.632001 
0.3 	 -0.527 	 -1 	 0.630917 
0.296 	 -0.542 	 -1 	 0.62997 
0.292 	 -0.557 	 -1 	 0.628767 
0.288 	 -0.572 	 -1 	 0.627309 
0.284 	 -0.587 	 -1 	 0.625593 
0.28 	 -0.603 	 -1 	 0.624031 
0.276 	 -0.618 	 -1 	 0.623119 
0.272 	 -0.633 	 -1 	 0.62192 
0.268 	 -0.648 	 -1 	 0.620483 
0.264 	 -0.663 	 -1 	 0.618783 
0.26 	 -0.678 	 -1 	 0.616815 
0.256 	 -0.693 	 -1 	 0.61569 
0.252 	 -0.708 	 -1 	 0.614519 
0.248 	 -0.724 	 -1 	 0.613015 
0.244 	 -0.739 	 -1 	 0.611233 
0.24 	 -0.754 	 -1 	 0.60921 
0.236 	 -0.769 	 -1 	 0.607112 
0.232 	 -0.784 	 -1 	 0.605848 
0.228 	 -0.799 	 -1 	 0.604329 
0.224 	 -0.814 	 -1 	 0.602484 
0.22 	 -0.829 	 -1 	 0.600386 
0.216 	 -0.843 	 -1 	 0.598062 
0.212 	 -0.858 	 -1 	 0.595483 
0.208 	 -0.873 	 -1 	 0.593776 
0.204 	 -0.888 	 -1 	 0.591809 
0.2 	 -0.902 	 -1 	 0.58959 
0.196 	 -0.917 	 -1 	 0.586966 
0.192 	 -0.931 	 -1 	 0.584221 
0.188 	 -0.946 	 -1 	 0.580976 
0.184 	 -0.96 	 -1 	 0.578372 
0.18 	 -0.974 	 -1 	 0.575954 
0.176 	 -0.988 	 -1 	 0.573238 
0.172 	 -1.002 	 -1 	 0.570075 
0.168 	 -1.016 	 -1 	 0.566735 
0.164 	 -1.03 	 -1 	 0.563267 
0.16 	 -1.044 	 -1 	 0.559323 
0.156 	 -1.058 	 -1 	 0.555384 
0.152 	 -1.071 	 -1 	 0.552192 
0.148 	 -1.084 	 -1 	 0.548532 
0.144 	 -1.098 	 -1 	 0.544671 
0.14 	 -1.111 	 -1 	 0.54057 
0.136 	 -1.123 	 -1 	 0.536501 
0.132 	 -1.136 	 -1 	 0.531788 
0.128 	 -1.148 	 -1 	 0.52714 
0.124 	 -1.161 	 -1 	 0.521783 
0.12 	 -1.173 	 -1 	 0.516783 
0.116 	 -1.184 	 -1 	 0.512465 
0.112 	 -1.196 	 -1 	 0.50744 
0.108 	 -1.207 	 -1 	 0.502501 
0.104 	 -1.218 	 -1 	 0.497221 
0.1 	 -1.229 	 -1 	 0.49117 
0.096 	 -1.24 	 -1 	 0.485129 
0.092 	 -1.249 	 1 	 0.480351 
0.088 	 -1.25 	 0 	 0.479766 
0.084 	 -1.251 	 0 	 0.479165 
0.08 	 -1.257 	 0 	 0.475466 
0.076 	 -1.268 	 0 	 0.468424 
0.072 	 -1.279 	 0 	 0.460931 
0.068 	 -1.289 	 0 	 0.452716 
0.064 	 -1.301 	 0 	 0.444511 
0.06 	 -1.312 	 0 	 0.434927 
0.056 	 -1.324 	 0 	 0.425232 
0.052 	 -1.336 	 0 	 0.414448 
0.048 	 -1.348 	 0 	 0.40327 
0.044 	 -1.361 	 0 	 0.390271 
0.04 	 -1.374 	 0 	 0.377243 
0.036 	 -1.386 	 0 	 0.361712 
0.032 	 -1.4 	 0 	 0.345197 
0.028 	 -1.414 	 0 	 0.326675 
0.024 	 -1.428 	 0 	 0.306551 
0.02 	 -1.442 	 0 	 0.282471 
0.016 	 -1.457 	 0 	 0.256164 
0.012 	 -1.471 	 0 	 0.224317 
0.008 	 -1.486 	 0 	 0.184812 
0.004 	 -1.502 	 0 	 0.132471 

0.5 	 0.129 	 -1 	 0.708718 
0.504 	 0.14 	 -1 	 0.710152 
0.508 	 0.151 	 -1 	 0.711562 
0.512 	 0.161 	 -1 	 0.712702 
0.516 	 0.172 	 -1 	 0.714257 
0.52 	 0.182 	 -1 	 0.715826 
0.524 	 0.192 	 -1 	 0.71728 
0.528 	 0.203 	 -1 	 0.718664 
0.532 	 0.213 	 -1 	 0.719802 
0.536 	 0.223 	 -1 	 0.720844 
0.54 	 0.233 	 -1 	 0.722382 
0.544 	 0.243 	 -1 	 0.723777 
0.548 	 0.253 	 -1 	 0.725033 
0.552 	 0.263 	 -1 	 0.726143 
0.556 	 0.273 	 -1 	 0.727117 
0.56 	 0.283 	 -1 	 0.72832 
0.564 	 0.293 	 -1 	 0.729661 
0.568 	 0.302 	 -1 	 0.730719 
0.572 	 0.312 	 -1 	 0.731776 
0.576 	 0.322 	 -1 	 0.73269 
0.58 	 0.331 	 -1 	 0.733487 
0.584 	 0.341 	 -1 	 0.734592 
0.588 	 0.351 	 -1 	 0.735703 
0.592 	 0.36 	 -1 	 0.736556 
0.596 	 0.37 	 -1 	 0.737399 
0.6 	 0.379 	 -1 	 0.73801 
0.604 	 0.389 	 -1 	 0.738644 
0.608 	 0.398 	 -1 	 0.739601 
0.612 	 0.407 	 -1 	 0.740364 
0.616 	 0.417 	 -1 	 0.741088 
0.62 	 0.426 	 -1 	 0.741597 
0.624 	 0.435 	 -1 	 0.742003 
0.628 	 0.444 	 -1 	 0.742415 
0.632 	 0.454 	 -1 	 0.743071 
0.636 	 0.463 	 -1 	 0.743634 
0.64 	 0.472 	 -1 	 0.74401 
0.644 	 0.481 	 -1 	 0.744285 
0.648 	 0.49 	 -1 	 0.744444 
0.652 	 0.499 	 -1 	 0.744488 
0.656 	 0.508 	 -1 	 0.744855 
0.66 	 0.517 	 -1 	 0.745092 
0.664 	 0.526 	 -1 	 0.745211 
0.668 	 0.535 	 -1 	 0.745215 
0.672 	 0.544 	 -1 	 0.745105 
0.676 	 0.552 	 -1 	 0.744902 
0.68 	 0.561 	 -1 	 0.744605 
0.684 	 0.57 	 -1 	 0.744541 
0.688 	 0.579 	 -1 	 0.744376 
0.692 	 0.587 	 -1 	 0.744098 
0.696 	 0.596 	 -1 	 0.743699 
0.7 	 0.604 	 -1 	 0.743234 
0.704 	 0.613 	 -1 	 0.742613 
0.708 	 0.621 	 -1 	 0.741946 
0.712 	 0.63 	 -1 	 0.741196 
0.716 	 0.638 	 -1 	 0.74064 
0.72 	 0.646 	 -1 	 0.739942 
0.724 	 0.654 	 -1 	 0.739192 
0.728 	 0.663 	 -1 	 0.7383 
0.732 	 0.671 	 -1 	 0.737348 
0.736 	 0.679 	 -1 	 0.736296 
0.74 	 0.687 	 -1 	 0.735146 
0.744 	 0.695 	 -1 	 0.733907 
0.748 	 0.703 	 -1 	 0.732553 
0.752 	 0.71 	 -1 	 0.731362 
0.756 	 0.718 	 -1 	 0.730086 
0.76 	 0.726 	 -1 	 0.728701 
0.764 	 0.734 	 -1 	 0.727289 
0.768 	 0.742 	 -1 	 0.725717 
0.772 	 0.749 	 -1 	 0.72412 
0.776 	 0.75 	 0 	 0.724006 
0.78 	 0.751 	 0 	 0.723798 
0.784 	 0.753 	 0 	 0.723172 
0.788 	 0.761 	 0 	 0.721269 
0.792 	 0.769 	 0 	 0.719517 
0.796 	 0.777 	 0 	 0.717441 
0.8 	 0.785 	 0 	 0.715249 
0.804 	 0.793 	 0 	 0.712944 
0.808 	 0.801 	 0 	 0.710525 
0.812 	 0.809 	 0 	 0.708168 
0.816 	 0.818 	 0 	 0.705742 
0.82 	 0.826 	 0 	 0.702876 
0.824 	 0.834 	 0 	 0.700198 
0.828 	 0.843 	 0 	 0.697054 
0.832 	 0.851 	 0 	 0.694109 
0.836 	 0.86 	 0 	 0.690662 
0.84 	 0.869 	 0 	 0.687089 
0.844 	 0.877 	 0 	 0.683713 
0.848 	 0.886 	 0 	 0.679805 
0.852 	 0.895 	 0 	 0.675733 
0.856 	 0.905 	 0 	 0.671479 
0.86 	 0.914 	 0 	 0.666592 
0.864 	 0.923 	 0 	 0.661984 
0.868 	 0.933 	 0 	 0.656722 
0.872 	 0.942 	 0 	 0.651647 
0.876 	 0.952 	 0 	 0.646104 
0.88 	 0.962 	 0 	 0.64087 
0.884 	 0.971 	 0 	 0.63491 
0.888 	 0.981 	 0 	 0.62863 
0.892 	 0.991 	 0 	 0.62211 
0.896 	 1.001 	 0 	 0.614795 
0.9 	 1.012 	 0 	 0.607602 
0.904 	 1.022 	 0 	 0.600232 
0.908 	 1.033 	 0 	 0.592478 
0.912 	 1.043 	 0 	 0.583776 
0.916 	 1.054 	 0 	 0.574623 
0.92 	 1.064 	 0 	 0.56504 
0.924 	 1.075 	 0 	 0.555156 
0.928 	 1.086 	 0 	 0.544546 
0.932 	 1.098 	 0 	 0.533527 
0.936 	 1.109 	 0 	 0.521995 
0.94 	 1.121 	 0 	 0.509698 
0.944 	 1.132 	 0 	 0.496105 
0.948 	 1.143 	 0 	 0.481638 
0.952 	 1.155 	 0 	 0.466428 
0.956 	 1.167 	 0 	 0.450763 
0.96 	 1.179 	 0 	 0.432782 
0.964 	 1.192 	 0 	 0.414845 
0.968 	 1.204 	 0 	 0.3939 
0.972 	 1.217 	 0 	 0.371879 
0.976 	 1.229 	 0 	 0.347334 
0.98 	 1.242 	 0 	 0.319554 
0.984 	 1.255 	 0 	 0.288482 
0.988 	 1.267 	 0 	 0.25159 
0.992 	 1.282 	 0 	 0.20785 
0.996 	 1.295 	 0 	 0.14803


0.5 	 0.209 	 -1 	 0.691918 
0.496 	 0.2 	 -1 	 0.68981 
0.492 	 0.191 	 -1 	 0.687393 
0.488 	 0.183 	 -1 	 0.685127 
0.484 	 0.173 	 -1 	 0.683323 
0.48 	 0.165 	 -1 	 0.681231 
0.476 	 0.156 	 -1 	 0.679029 
0.472 	 0.147 	 -1 	 0.676694 
0.468 	 0.138 	 -1 	 0.674234 
0.464 	 0.128 	 -1 	 0.671591 
0.46 	 0.119 	 -1 	 0.669175 
0.456 	 0.11 	 -1 	 0.667085 
0.452 	 0.1 	 -1 	 0.664836 
0.448 	 0.091 	 -1 	 0.662261 
0.444 	 0.081 	 -1 	 0.659496 
0.44 	 0.071 	 -1 	 0.656851 
0.436 	 0.061 	 -1 	 0.653896 
0.432 	 0.051 	 -1 	 0.651444 
0.428 	 0.041 	 -1 	 0.648959 
0.424 	 0.031 	 -1 	 0.64624 
0.42 	 0.02 	 -1 	 0.643349 
0.416 	 0.009 	 -1 	 0.64026 
0.412 	 -0.002 	 -1 	 0.636992 
0.408 	 -0.013 	 -1 	 0.63439 
0.404 	 -0.025 	 -1 	 0.631588 
0.4 	 -0.037 	 -1 	 0.62868 
0.396 	 -0.049 	 -1 	 0.625634 
0.392 	 -0.062 	 -1 	 0.622079 
0.388 	 -0.075 	 -1 	 0.618406 
0.384 	 -0.088 	 -1 	 0.615837 
0.38 	 -0.102 	 -1 	 0.613001 
0.376 	 -0.117 	 -1 	 0.609819 
0.372 	 -0.131 	 -1 	 0.606616 
0.368 	 -0.147 	 -1 	 0.602925 
0.364 	 -0.162 	 -1 	 0.599742 
0.36 	 -0.178 	 -1 	 0.597217 
0.356 	 -0.195 	 -1 	 0.594413 
0.352 	 -0.212 	 -1 	 0.591322 
0.348 	 -0.229 	 -1 	 0.587988 
0.344 	 -0.246 	 -1 	 0.584857 
0.34 	 -0.264 	 -1 	 0.582763 
0.336 	 -0.282 	 -1 	 0.580428 
0.332 	 -0.301 	 -1 	 0.577734 
0.328 	 -0.32 	 -1 	 0.574749 
0.324 	 -0.339 	 -1 	 0.571901 
0.32 	 -0.358 	 -1 	 0.570303 
0.316 	 -0.377 	 -1 	 0.568411 
0.312 	 -0.397 	 -1 	 0.566153 
0.308 	 -0.417 	 -1 	 0.563597 
0.304 	 -0.437 	 -1 	 0.561094 
0.3 	 -0.457 	 -1 	 0.559894 
0.296 	 -0.477 	 -1 	 0.558378 
0.292 	 -0.497 	 -1 	 0.556553 
0.288 	 -0.517 	 -1 	 0.554375 
0.284 	 -0.538 	 -1 	 0.552081 
0.28 	 -0.558 	 -1 	 0.551245 
0.276 	 -0.579 	 -1 	 0.550023 
0.272 	 -0.599 	 -1 	 0.548514 
0.268 	 -0.62 	 -1 	 0.546584 
0.264 	 -0.641 	 -1 	 0.544353 
0.26 	 -0.661 	 -1 	 0.543736 
0.256 	 -0.682 	 -1 	 0.542756 
0.252 	 -0.702 	 -1 	 0.541473 
0.248 	 -0.723 	 -1 	 0.539738 
0.244 	 -0.743 	 -1 	 0.537723 
0.24 	 -0.764 	 -1 	 0.536755 
0.236 	 -0.784 	 -1 	 0.535947 
0.232 	 -0.805 	 -1 	 0.534734 
0.228 	 -0.825 	 -1 	 0.533123 
0.224 	 -0.845 	 -1 	 0.53117 
0.22 	 -0.865 	 -1 	 0.529463 
0.216 	 -0.885 	 -1 	 0.528676 
0.212 	 -0.905 	 -1 	 0.527488 
0.208 	 -0.925 	 -1 	 0.525892 
0.204 	 -0.945 	 -1 	 0.523888 
0.2 	 -0.965 	 -1 	 0.521478 
0.196 	 -0.984 	 -1 	 0.51997 
0.192 	 -1.004 	 -1 	 0.518632 
0.188 	 -1.023 	 -1 	 0.516971 
0.184 	 -1.042 	 -1 	 0.514891 
0.18 	 -1.061 	 -1 	 0.5124 
0.176 	 -1.08 	 -1 	 0.509493 
0.172 	 -1.099 	 -1 	 0.507084 
0.168 	 -1.118 	 -1 	 0.505135 
0.164 	 -1.136 	 -1 	 0.502849 
0.16 	 -1.154 	 -1 	 0.500158 
0.156 	 -1.173 	 -1 	 0.496882 
0.152 	 -1.19 	 -1 	 0.493393 
0.148 	 -1.208 	 -1 	 0.48957 
0.144 	 -1.226 	 -1 	 0.486317 
0.14 	 -1.243 	 -1 	 0.483309 
0.136 	 -1.26 	 -1 	 0.479874 
0.132 	 -1.277 	 -1 	 0.476 
0.128 	 -1.294 	 -1 	 0.471688 
0.124 	 -1.31 	 -1 	 0.467207 
0.12 	 -1.326 	 -1 	 0.462305 
0.116 	 -1.342 	 -1 	 0.456977 
0.112 	 -1.357 	 -1 	 0.452274 
0.108 	 -1.372 	 -1 	 0.447532 
0.104 	 -1.387 	 -1 	 0.442784 
0.1 	 -1.401 	 -1 	 0.437421 
0.096 	 -1.415 	 -1 	 0.432192 
0.092 	 -1.429 	 -1 	 0.426197 
0.088 	 -1.442 	 -1 	 0.420165 
0.084 	 -1.455 	 -1 	 0.413642 
0.08 	 -1.467 	 -1 	 0.407141 
0.076 	 -1.48 	 -1 	 0.399542 
0.072 	 -1.492 	 -1 	 0.391936 
0.068 	 -1.499 	 1 	 0.387204 
0.064 	 -1.5 	 0 	 0.386509 
0.06 	 -1.501 	 0 	 0.38581 
0.056 	 -1.509 	 0 	 0.379516 
0.052 	 -1.521 	 0 	 0.371186 
0.048 	 -1.533 	 0 	 0.361674 
0.044 	 -1.545 	 0 	 0.351768 
0.04 	 -1.557 	 0 	 0.339847 
0.036 	 -1.57 	 0 	 0.327675 
0.032 	 -1.583 	 0 	 0.313401 
0.028 	 -1.596 	 0 	 0.297767 
0.024 	 -1.61 	 0 	 0.279169 
0.02 	 -1.624 	 0 	 0.258446 
0.016 	 -1.638 	 0 	 0.234922 
0.012 	 -1.653 	 0 	 0.205844 
0.008 	 -1.668 	 0 	 0.170429 
0.004 	 -1.683 	 0 	 0.122268 

0.5 	 0.209 	 -1 	 0.691918 
0.504 	 0.217 	 -1 	 0.694044 
0.508 	 0.226 	 -1 	 0.696109 
0.512 	 0.234 	 -1 	 0.697767 
0.516 	 0.243 	 -1 	 0.699868 
0.52 	 0.251 	 -1 	 0.70194 
0.524 	 0.26 	 -1 	 0.703981 
0.528 	 0.268 	 -1 	 0.706067 
0.532 	 0.276 	 -1 	 0.707855 
0.536 	 0.284 	 -1 	 0.709735 
0.54 	 0.293 	 -1 	 0.711405 
0.544 	 0.301 	 -1 	 0.71338 
0.548 	 0.309 	 -1 	 0.715277 
0.552 	 0.317 	 -1 	 0.717083 
0.556 	 0.325 	 -1 	 0.718797 
0.56 	 0.333 	 -1 	 0.72042 
0.564 	 0.341 	 -1 	 0.721977 
0.568 	 0.349 	 -1 	 0.72385 
0.572 	 0.357 	 -1 	 0.725632 
0.576 	 0.364 	 -1 	 0.727319 
0.58 	 0.372 	 -1 	 0.728732 
0.584 	 0.38 	 -1 	 0.730258 
0.588 	 0.388 	 -1 	 0.731765 
0.592 	 0.395 	 -1 	 0.733258 
0.596 	 0.403 	 -1 	 0.734917 
0.6 	 0.41 	 -1 	 0.736468 
0.604 	 0.418 	 -1 	 0.737756 
0.608 	 0.425 	 -1 	 0.738973 
0.612 	 0.433 	 -1 	 0.740357 
0.616 	 0.44 	 -1 	 0.741706 
0.62 	 0.447 	 -1 	 0.742988 
0.624 	 0.455 	 -1 	 0.744371 
0.628 	 0.462 	 -1 	 0.745507 
0.632 	 0.469 	 -1 	 0.746575 
0.636 	 0.476 	 -1 	 0.747575 
0.64 	 0.484 	 -1 	 0.748866 
0.644 	 0.491 	 -1 	 0.749939 
0.648 	 0.498 	 -1 	 0.750954 
0.652 	 0.5 	 -1 	 0.751229 
0.656 	 0.5 	 -1 	 0.751226 
0.66 	 0.502 	 0 	 0.751515 
0.664 	 0.509 	 0 	 0.752425 
0.668 	 0.516 	 0 	 0.753265 
0.672 	 0.523 	 0 	 0.754039 
0.676 	 0.531 	 0 	 0.754855 
0.68 	 0.538 	 0 	 0.755661 
0.684 	 0.545 	 0 	 0.756401 
0.688 	 0.553 	 0 	 0.757172 
0.692 	 0.56 	 0 	 0.757765 
0.696 	 0.568 	 0 	 0.75837 
0.7 	 0.575 	 0 	 0.758819 
0.704 	 0.583 	 0 	 0.759256 
0.708 	 0.591 	 0 	 0.759609 
0.712 	 0.598 	 0 	 0.75984 
0.716 	 0.606 	 0 	 0.760056 
0.72 	 0.614 	 0 	 0.760305 
0.724 	 0.622 	 0 	 0.760467 
0.728 	 0.63 	 0 	 0.760542 
0.732 	 0.638 	 0 	 0.760529 
0.736 	 0.646 	 0 	 0.760428 
0.74 	 0.655 	 0 	 0.760215 
0.744 	 0.663 	 0 	 0.759902 
0.748 	 0.671 	 0 	 0.759526 
0.752 	 0.68 	 0 	 0.758997 
0.756 	 0.688 	 0 	 0.758432 
0.76 	 0.697 	 0 	 0.75769 
0.764 	 0.706 	 0 	 0.756861 
0.768 	 0.714 	 0 	 0.755978 
0.772 	 0.723 	 0 	 0.754906 
0.776 	 0.732 	 0 	 0.753717 
0.78 	 0.741 	 0 	 0.752414 
0.784 	 0.75 	 0 	 0.751058 
0.788 	 0.759 	 0 	 0.749632 
0.792 	 0.768 	 0 	 0.74807 
0.796 	 0.777 	 0 	 0.746387 
0.8 	 0.786 	 0 	 0.744388 
0.804 	 0.796 	 0 	 0.742429 
0.808 	 0.805 	 0 	 0.74034 
0.812 	 0.815 	 0 	 0.737913 
0.816 	 0.824 	 0 	 0.735557 
0.82 	 0.834 	 0 	 0.732824 
0.824 	 0.843 	 0 	 0.730194 
0.828 	 0.853 	 0 	 0.727138 
0.832 	 0.863 	 0 	 0.723912 
0.836 	 0.873 	 0 	 0.720515 
0.84 	 0.882 	 0 	 0.716968 
0.844 	 0.892 	 0 	 0.713219 
0.848 	 0.903 	 0 	 0.709637 
0.852 	 0.913 	 0 	 0.705149 
0.856 	 0.923 	 0 	 0.700843 
0.86 	 0.933 	 0 	 0.696351 
0.864 	 0.943 	 0 	 0.691227 
0.868 	 0.954 	 0 	 0.686277 
0.872 	 0.964 	 0 	 0.680689 
0.876 	 0.975 	 0 	 0.675287 
0.88 	 0.986 	 0 	 0.669167 
0.884 	 0.996 	 0 	 0.662826 
0.888 	 1.007 	 0 	 0.656691 
0.892 	 1.018 	 0 	 0.649748 
0.896 	 1.029 	 0 	 0.642514 
0.9 	 1.04 	 0 	 0.634966 
0.904 	 1.051 	 0 	 0.626471 
0.908 	 1.063 	 0 	 0.618136 
0.912 	 1.074 	 0 	 0.609542 
0.916 	 1.085 	 0 	 0.599785 
0.92 	 1.097 	 0 	 0.5904 
0.924 	 1.109 	 0 	 0.579755 
0.928 	 1.121 	 0 	 0.568568 
0.932 	 1.133 	 0 	 0.556891 
0.936 	 1.145 	 0 	 0.544561 
0.94 	 1.157 	 0 	 0.531622 
0.944 	 1.169 	 0 	 0.518044 
0.948 	 1.181 	 0 	 0.502831 
0.952 	 1.194 	 0 	 0.487407 
0.956 	 1.207 	 0 	 0.470096 
0.96 	 1.22 	 0 	 0.452476 
0.964 	 1.233 	 0 	 0.432883 
0.968 	 1.245 	 0 	 0.410847 
0.972 	 1.259 	 0 	 0.387743 
0.976 	 1.272 	 0 	 0.361726 
0.98 	 1.286 	 0 	 0.333228 
0.984 	 1.299 	 0 	 0.300436 
0.988 	 1.313 	 0 	 0.262339 
0.992 	 1.328 	 0 	 0.216278 
0.996 	 1.342 	 0 	 0.154198 


0.5 	 0.172 	 0 	 0.545403 
0.496 	 0.163 	 0 	 0.542981 
0.492 	 0.154 	 0 	 0.540516 
0.488 	 0.145 	 0 	 0.537988 
0.484 	 0.136 	 0 	 0.535402 
0.48 	 0.127 	 0 	 0.532752 
0.476 	 0.118 	 0 	 0.530063 
0.472 	 0.109 	 0 	 0.527299 
0.468 	 0.1 	 0 	 0.524569 
0.464 	 0.092 	 0 	 0.522751 
0.46 	 0.083 	 0 	 0.520666 
0.456 	 0.074 	 0 	 0.5187 
0.452 	 0.066 	 0 	 0.516569 
0.448 	 0.057 	 0 	 0.514509 
0.444 	 0.049 	 0 	 0.512282 
0.44 	 0.041 	 0 	 0.510182 
0.436 	 0.033 	 0 	 0.508039 
0.432 	 0.024 	 0 	 0.5056 
0.428 	 0.016 	 0 	 0.503367 
0.424 	 0.008 	 0 	 0.50109 
0.42 	 0.001 	 0 	 0.499063 
0.416 	 0 	 -1 	 0.498758 
0.412 	 -0.001 	 -1 	 0.498468 
0.408 	 -0.004 	 -1 	 0.497589 
0.404 	 -0.012 	 -1 	 0.495272 
0.4 	 -0.02 	 -1 	 0.493612 
0.396 	 -0.029 	 -1 	 0.491713 
0.392 	 -0.037 	 -1 	 0.489927 
0.388 	 -0.045 	 -1 	 0.488134 
0.384 	 -0.054 	 -1 	 0.486149 
0.38 	 -0.062 	 -1 	 0.484155 
0.376 	 -0.071 	 -1 	 0.481957 
0.372 	 -0.08 	 -1 	 0.479818 
0.368 	 -0.088 	 -1 	 0.477659 
0.364 	 -0.097 	 -1 	 0.475277 
0.36 	 -0.107 	 -1 	 0.472662 
0.356 	 -0.116 	 -1 	 0.470117 
0.352 	 -0.126 	 -1 	 0.467353 
0.348 	 -0.135 	 -1 	 0.464945 
0.344 	 -0.145 	 -1 	 0.462956 
0.34 	 -0.155 	 -1 	 0.460878 
0.336 	 -0.166 	 -1 	 0.458615 
0.332 	 -0.176 	 -1 	 0.456273 
0.328 	 -0.187 	 -1 	 0.453651 
0.324 	 -0.199 	 -1 	 0.450831 
0.32 	 -0.211 	 -1 	 0.447795 
0.316 	 -0.224 	 -1 	 0.444409 
0.312 	 -0.239 	 -1 	 0.440561 
0.308 	 -0.257 	 -1 	 0.436153 
0.304 	 -0.279 	 -1 	 0.433082 
0.3 	 -0.305 	 -1 	 0.430183 
0.296 	 -0.334 	 -1 	 0.427194 
0.292 	 -0.365 	 -1 	 0.423988 
0.288 	 -0.397 	 -1 	 0.420533 
0.284 	 -0.429 	 -1 	 0.418441 
0.28 	 -0.461 	 -1 	 0.417172 
0.276 	 -0.494 	 -1 	 0.415501 
0.272 	 -0.527 	 -1 	 0.413435 
0.268 	 -0.56 	 -1 	 0.410957 
0.264 	 -0.593 	 -1 	 0.409925 
0.26 	 -0.626 	 -1 	 0.409396 
0.256 	 -0.66 	 -1 	 0.40842 
0.252 	 -0.693 	 -1 	 0.407011 
0.248 	 -0.726 	 -1 	 0.40514 
0.244 	 -0.759 	 -1 	 0.404789 
0.24 	 -0.792 	 -1 	 0.404784 
0.236 	 -0.824 	 -1 	 0.404294 
0.232 	 -0.857 	 -1 	 0.403328 
0.228 	 -0.889 	 -1 	 0.401918 
0.224 	 -0.922 	 -1 	 0.401742 
0.22 	 -0.954 	 -1 	 0.402086 
0.216 	 -0.986 	 -1 	 0.401932 
0.212 	 -1.018 	 -1 	 0.40127 
0.208 	 -1.049 	 -1 	 0.400133 
0.204 	 -1.08 	 -1 	 0.399639 
0.2 	 -1.111 	 -1 	 0.400178 
0.196 	 -1.142 	 -1 	 0.400195 
0.192 	 -1.173 	 -1 	 0.399666 
0.188 	 -1.203 	 -1 	 0.398627 
0.184 	 -1.233 	 -1 	 0.397141 
0.18 	 -1.262 	 -1 	 0.397647 
0.176 	 -1.292 	 -1 	 0.397625 
0.172 	 -1.321 	 -1 	 0.397039 
0.168 	 -1.349 	 -1 	 0.395936 
0.164 	 -1.377 	 -1 	 0.39426 
0.16 	 -1.406 	 -1 	 0.392754 
0.156 	 -1.433 	 -1 	 0.392456 
0.152 	 -1.46 	 -1 	 0.391614 
0.148 	 -1.487 	 -1 	 0.390192 
0.144 	 -1.513 	 -1 	 0.388213 
0.14 	 -1.54 	 -1 	 0.385621 
0.136 	 -1.565 	 -1 	 0.382634 
0.132 	 -1.59 	 -1 	 0.381133 
0.128 	 -1.615 	 -1 	 0.379247 
0.124 	 -1.64 	 -1 	 0.376681 
0.12 	 -1.664 	 -1 	 0.37361 
0.116 	 -1.687 	 -1 	 0.370083 
0.112 	 -1.71 	 -1 	 0.365966 
0.108 	 -1.732 	 -1 	 0.361427 
0.104 	 -1.754 	 -1 	 0.35734 
0.1 	 -1.776 	 -1 	 0.353514 
0.096 	 -1.797 	 -1 	 0.349224 
0.092 	 -1.817 	 -1 	 0.344523 
0.088 	 -1.836 	 -1 	 0.339462 
0.084 	 -1.855 	 -1 	 0.333807 
0.08 	 -1.873 	 -1 	 0.327577 
0.076 	 -1.891 	 -1 	 0.321267 
0.072 	 -1.908 	 -1 	 0.314403 
0.068 	 -1.924 	 -1 	 0.307294 
0.064 	 -1.939 	 -1 	 0.300164 
0.06 	 -1.953 	 -1 	 0.293617 
0.056 	 -1.967 	 -1 	 0.286186 
0.052 	 -1.98 	 -1 	 0.278324 
0.048 	 -1.993 	 1 	 0.269904 
0.044 	 -1.999 	 1 	 0.264775 
0.04 	 -2 	 0 	 0.263978 
0.036 	 -2.001 	 0 	 0.263177 
0.032 	 -2.011 	 0 	 0.254703 
0.028 	 -2.023 	 0 	 0.243199 
0.024 	 -2.036 	 0 	 0.229755 
0.02 	 -2.048 	 0 	 0.213745 
0.016 	 -2.061 	 0 	 0.194744 
0.012 	 -2.074 	 0 	 0.172304 
0.008 	 -2.087 	 0 	 0.143337 
0.004 	 -2.102 	 0 	 0.103745 

0.5 	 0.172 	 0 	 0.545403 
0.504 	 0.182 	 0 	 0.548612 
0.508 	 0.191 	 0 	 0.551977 
0.512 	 0.2 	 0 	 0.555661 
0.516 	 0.21 	 0 	 0.559522 
0.52 	 0.219 	 0 	 0.563554 
0.524 	 0.228 	 0 	 0.56712 
0.528 	 0.238 	 0 	 0.570767 
0.532 	 0.247 	 0 	 0.574221 
0.536 	 0.257 	 0 	 0.577744 
0.54 	 0.266 	 0 	 0.580792 
0.544 	 0.276 	 0 	 0.584037 
0.548 	 0.285 	 0 	 0.587071 
0.552 	 0.295 	 0 	 0.5908 
0.556 	 0.305 	 0 	 0.594049 
0.56 	 0.314 	 0 	 0.597498 
0.564 	 0.324 	 0 	 0.600766 
0.568 	 0.333 	 0 	 0.603702 
0.572 	 0.343 	 0 	 0.606722 
0.576 	 0.353 	 0 	 0.609655 
0.58 	 0.363 	 0 	 0.61266 
0.584 	 0.372 	 0 	 0.615706 
0.588 	 0.382 	 0 	 0.618964 
0.592 	 0.392 	 0 	 0.622088 
0.596 	 0.402 	 0 	 0.625081 
0.6 	 0.412 	 0 	 0.62794 
0.604 	 0.422 	 0 	 0.630669 
0.608 	 0.431 	 0 	 0.633276 
0.612 	 0.442 	 0 	 0.636136 
0.616 	 0.452 	 0 	 0.639159 
0.62 	 0.462 	 0 	 0.642056 
0.624 	 0.471 	 0 	 0.64508 
0.628 	 0.482 	 0 	 0.647717 
0.632 	 0.492 	 0 	 0.650217 
0.636 	 0.502 	 0 	 0.652952 
0.64 	 0.512 	 0 	 0.655823 
0.644 	 0.522 	 0 	 0.658571 
0.648 	 0.532 	 0 	 0.661196 
0.652 	 0.543 	 0 	 0.66394 
0.656 	 0.553 	 0 	 0.666306 
0.66 	 0.563 	 0 	 0.669024 
0.664 	 0.574 	 0 	 0.671957 
0.668 	 0.584 	 0 	 0.674497 
0.672 	 0.594 	 0 	 0.676913 
0.676 	 0.605 	 0 	 0.679442 
0.68 	 0.615 	 0 	 0.682034 
0.684 	 0.626 	 0 	 0.684808 
0.688 	 0.637 	 0 	 0.687198 
0.692 	 0.647 	 0 	 0.689696 
0.696 	 0.658 	 0 	 0.692312 
0.7 	 0.668 	 0 	 0.694732 
0.704 	 0.679 	 0 	 0.697264 
0.708 	 0.69 	 0 	 0.699655 
0.712 	 0.701 	 0 	 0.702184 
0.716 	 0.712 	 0 	 0.704641 
0.72 	 0.722 	 0 	 0.706961 
0.724 	 0.733 	 0 	 0.709 
0.728 	 0.744 	 0 	 0.711304 
0.732 	 0.755 	 0 	 0.713661 
0.736 	 0.767 	 0 	 0.715669 
0.74 	 0.778 	 0 	 0.717549 
0.744 	 0.789 	 0 	 0.719381 
0.748 	 0.8 	 0 	 0.721122 
0.752 	 0.811 	 0 	 0.722722 
0.756 	 0.823 	 0 	 0.724319 
0.76 	 0.834 	 0 	 0.725629 
0.764 	 0.846 	 0 	 0.726903 
0.768 	 0.857 	 0 	 0.72792 
0.772 	 0.869 	 0 	 0.728869 
0.776 	 0.88 	 0 	 0.72959 
0.78 	 0.892 	 0 	 0.730213 
0.784 	 0.904 	 0 	 0.730664 
0.788 	 0.915 	 0 	 0.73091 
0.792 	 0.927 	 0 	 0.731039 
0.796 	 0.939 	 0 	 0.730981 
0.8 	 0.951 	 0 	 0.730744 
0.804 	 0.963 	 0 	 0.73033 
0.808 	 0.975 	 0 	 0.729719 
0.812 	 0.987 	 0 	 0.728895 
0.816 	 1 	 0 	 0.727905 
0.82 	 1.012 	 0 	 0.72676 
0.824 	 1.024 	 0 	 0.72538 
0.828 	 1.037 	 0 	 0.723731 
0.832 	 1.049 	 0 	 0.721994 
0.836 	 1.062 	 0 	 0.719965 
0.84 	 1.075 	 0 	 0.717672 
0.844 	 1.087 	 0 	 0.715302 
0.848 	 1.1 	 0 	 0.712556 
0.852 	 1.113 	 0 	 0.709559 
0.856 	 1.126 	 0 	 0.706315 
0.86 	 1.139 	 0 	 0.702818 
0.864 	 1.152 	 0 	 0.699054 
0.868 	 1.165 	 0 	 0.694752 
0.872 	 1.179 	 0 	 0.690424 
0.876 	 1.192 	 0 	 0.685841 
0.88 	 1.206 	 0 	 0.680602 
0.884 	 1.219 	 0 	 0.675412 
0.888 	 1.233 	 0 	 0.669522 
0.892 	 1.247 	 0 	 0.663272 
0.896 	 1.261 	 0 	 0.656658 
0.9 	 1.275 	 0 	 0.649665 
0.904 	 1.289 	 0 	 0.642268 
0.908 	 1.303 	 0 	 0.634472 
0.912 	 1.317 	 0 	 0.625721 
0.916 	 1.332 	 0 	 0.616971 
0.92 	 1.346 	 0 	 0.607236 
0.924 	 1.361 	 0 	 0.597476 
0.928 	 1.376 	 0 	 0.586572 
0.932 	 1.391 	 0 	 0.575045 
0.936 	 1.406 	 0 	 0.562859 
0.94 	 1.421 	 0 	 0.549981 
0.944 	 1.436 	 0 	 0.536156 
0.948 	 1.452 	 0 	 0.52091 
0.952 	 1.468 	 0 	 0.505274 
0.956 	 1.483 	 0 	 0.488027 
0.96 	 1.499 	 0 	 0.469339 
0.964 	 1.515 	 0 	 0.449261 
0.968 	 1.532 	 0 	 0.427491 
0.972 	 1.548 	 0 	 0.403101 
0.976 	 1.564 	 0 	 0.376712 
0.98 	 1.581 	 0 	 0.346741 
0.984 	 1.598 	 0 	 0.312911 
0.988 	 1.615 	 0 	 0.273547 
0.992 	 1.632 	 0 	 0.225259 
0.996 	 1.65 	 0 	 0.160656