0.2 	 0.206591 	 0.908 	 0 
0.1999 	 0.206278 	 0.908 	 0 
0.1998 	 0.205846 	 0.908 	 0 
0.1997 	 0.205391 	 0.908 	 0 
0.1996 	 0.204932 	 0.908 	 0 
0.1995 	 0.204474 	 0.908 	 0 
0.1994 	 0.204015 	 0.908 	 0 
0.1993 	 0.203558 	 0.908 	 0 
0.1992 	 0.2031 	 0.908 	 0 
0.1991 	 0.202643 	 0.908 	 0 
0.199 	 0.202187 	 0.908 	 0 
0.1989 	 0.201731 	 0.908 	 0 
0.1988 	 0.201276 	 0.908 	 0 
0.1987 	 0.200821 	 0.908 	 0 
0.1986 	 0.200367 	 0.908 	 0 
0.1985 	 0.199913 	 0.908 	 0 
0.1984 	 0.19946 	 0.908 	 0 
0.1983 	 0.199007 	 0.908 	 0 
0.1982 	 0.198555 	 0.908 	 0 
0.1981 	 0.198103 	 0.908 	 0 
0.198 	 0.197652 	 0.908 	 0 
0.1979 	 0.197201 	 0.908 	 0 
0.1978 	 0.196751 	 0.908 	 0 
0.1977 	 0.196301 	 0.908 	 0 
0.1976 	 0.195852 	 0.908 	 0 
0.1975 	 0.195403 	 0.908 	 0 
0.1974 	 0.194955 	 0.908 	 0 
0.1973 	 0.194507 	 0.908 	 0 
0.1972 	 0.19406 	 0.908 	 0 
0.1971 	 0.193613 	 0.908 	 0 
0.197 	 0.193167 	 0.908 	 0 
0.1969 	 0.192721 	 0.908 	 0 
0.1968 	 0.192276 	 0.908 	 0 
0.1967 	 0.191832 	 0.908 	 0 
0.1966 	 0.191387 	 0.908 	 0 
0.1965 	 0.190944 	 0.908 	 0 
0.1964 	 0.190501 	 0.908 	 0 
0.1963 	 0.190058 	 0.908 	 0 
0.1962 	 0.189616 	 0.908 	 0 
0.1961 	 0.189174 	 0.908 	 0 
0.196 	 0.188733 	 0.908 	 0 
0.1959 	 0.188292 	 0.908 	 0 
0.1958 	 0.187852 	 0.908 	 0 
0.1957 	 0.187289 	 0.907 	 0 
0.1956 	 0.18685 	 0.907 	 0 
0.1955 	 0.186411 	 0.907 	 0 
0.1954 	 0.185973 	 0.907 	 0 
0.1953 	 0.185538 	 0.907 	 0 
0.1952 	 0.185133 	 0.907 	 0 
0.1951 	 0.184699 	 0.907 	 0 
0.195 	 0.184309 	 0.907 	 0 
0.1949 	 0.183883 	 0.907 	 0 
0.1948 	 0.18345 	 0.907 	 0 
0.1947 	 0.183015 	 0.907 	 0 
0.1946 	 0.182581 	 0.907 	 0 
0.1945 	 0.182147 	 0.907 	 0 
0.1944 	 0.181714 	 0.907 	 0 
0.1943 	 0.181281 	 0.907 	 0 
0.1942 	 0.180848 	 0.907 	 0 
0.1941 	 0.180416 	 0.907 	 0 
0.194 	 0.179985 	 0.907 	 0 
0.1939 	 0.179554 	 0.907 	 0 
0.1938 	 0.179123 	 0.907 	 0 
0.1937 	 0.178693 	 0.907 	 0 
0.1936 	 0.178264 	 0.907 	 0 
0.1935 	 0.177835 	 0.907 	 0 
0.1934 	 0.177406 	 0.907 	 0 
0.1933 	 0.176978 	 0.907 	 0 
0.1932 	 0.17655 	 0.907 	 0 
0.1931 	 0.176123 	 0.907 	 0 
0.193 	 0.175696 	 0.907 	 0 
0.1929 	 0.17527 	 0.907 	 0 
0.1928 	 0.174844 	 0.907 	 0 
0.1927 	 0.174419 	 0.907 	 0 
0.1926 	 0.173994 	 0.907 	 0 
0.1925 	 0.17357 	 0.907 	 0 
0.1924 	 0.173146 	 0.907 	 0 
0.1923 	 0.172722 	 0.907 	 0 
0.1922 	 0.172299 	 0.907 	 0 
0.1921 	 0.171877 	 0.907 	 0 
0.192 	 0.171455 	 0.907 	 0 
0.1919 	 0.171033 	 0.907 	 0 
0.1918 	 0.170612 	 0.907 	 0 
0.1917 	 0.170192 	 0.907 	 0 
0.1916 	 0.169771 	 0.907 	 0 
0.1915 	 0.169352 	 0.907 	 0 
0.1914 	 0.168932 	 0.907 	 0 
0.1913 	 0.168514 	 0.907 	 0 
0.1912 	 0.168095 	 0.907 	 0 
0.1911 	 0.167677 	 0.907 	 0 
0.191 	 0.16726 	 0.907 	 0 
0.1909 	 0.166843 	 0.907 	 0 
0.1908 	 0.166426 	 0.907 	 0 
0.1907 	 0.16601 	 0.907 	 0 
0.1906 	 0.165594 	 0.907 	 0 
0.1905 	 0.165179 	 0.907 	 0 
0.1904 	 0.164765 	 0.907 	 0 
0.1903 	 0.16435 	 0.907 	 0 
0.1902 	 0.163936 	 0.907 	 0 
0.1901 	 0.163523 	 0.907 	 0 
0.19 	 0.16311 	 0.907 	 0 
0.1899 	 0.162697 	 0.907 	 0 
0.1898 	 0.162285 	 0.907 	 0 
0.1897 	 0.161874 	 0.907 	 0 
0.1896 	 0.161462 	 0.907 	 0 
0.1895 	 0.161052 	 0.907 	 0 
0.1894 	 0.160641 	 0.907 	 0 
0.1893 	 0.160231 	 0.907 	 0 
0.1892 	 0.159822 	 0.907 	 0 
0.1891 	 0.159413 	 0.907 	 0 
0.189 	 0.159004 	 0.907 	 0 
0.1889 	 0.158596 	 0.907 	 0 
0.1888 	 0.158188 	 0.907 	 0 
0.1887 	 0.157781 	 0.907 	 0 
0.1886 	 0.157374 	 0.907 	 0 
0.1885 	 0.156968 	 0.907 	 0 
0.1884 	 0.156562 	 0.907 	 0 
0.1883 	 0.156156 	 0.907 	 0 
0.1882 	 0.155751 	 0.907 	 0 
0.1881 	 0.155346 	 0.907 	 0 
0.188 	 0.154942 	 0.907 	 0 
0.1879 	 0.154538 	 0.907 	 0 
0.1878 	 0.154134 	 0.907 	 0 
0.1877 	 0.153731 	 0.907 	 0 
0.1876 	 0.153328 	 0.907 	 0 
0.1875 	 0.152926 	 0.907 	 0 
0.1874 	 0.152524 	 0.907 	 0 
0.1873 	 0.152123 	 0.907 	 0 
0.1872 	 0.151722 	 0.907 	 0 
0.1871 	 0.151321 	 0.907 	 0 
0.187 	 0.150921 	 0.907 	 0 
0.1869 	 0.150521 	 0.907 	 0 
0.1868 	 0.150121 	 0.907 	 0 
0.1867 	 0.149722 	 0.907 	 0 
0.1866 	 0.149324 	 0.907 	 0 
0.1865 	 0.148926 	 0.907 	 0 
0.1864 	 0.148528 	 0.907 	 0 
0.1863 	 0.148001 	 0.906 	 0 
0.1862 	 0.147604 	 0.906 	 0 
0.1861 	 0.147207 	 0.906 	 0 
0.186 	 0.14681 	 0.906 	 0 
0.1859 	 0.146402 	 0.906 	 0 
0.1858 	 0.14605 	 0.906 	 0 
0.1857 	 0.145659 	 0.906 	 0 
0.1856 	 0.145312 	 0.906 	 0 
0.1855 	 0.144929 	 0.906 	 0 
0.1854 	 0.144538 	 0.906 	 0 
0.1853 	 0.144145 	 0.906 	 0 
0.1852 	 0.143752 	 0.906 	 0 
0.1851 	 0.143359 	 0.906 	 0 
0.185 	 0.142967 	 0.906 	 0 
0.1849 	 0.142574 	 0.906 	 0 
0.1848 	 0.142183 	 0.906 	 0 
0.1847 	 0.141791 	 0.906 	 0 
0.1846 	 0.1414 	 0.906 	 0 
0.1845 	 0.14101 	 0.906 	 0 
0.1844 	 0.140619 	 0.906 	 0 
0.1843 	 0.140229 	 0.906 	 0 
0.1842 	 0.13984 	 0.906 	 0 
0.1841 	 0.139451 	 0.906 	 0 
0.184 	 0.139062 	 0.906 	 0 
0.1839 	 0.138673 	 0.906 	 0 
0.1838 	 0.138285 	 0.906 	 0 
0.1837 	 0.137897 	 0.906 	 0 
0.1836 	 0.13751 	 0.906 	 0 
0.1835 	 0.137123 	 0.906 	 0 
0.1834 	 0.136736 	 0.906 	 0 
0.1833 	 0.13635 	 0.906 	 0 
0.1832 	 0.135964 	 0.906 	 0 
0.1831 	 0.135578 	 0.906 	 0 
0.183 	 0.135193 	 0.906 	 0 
0.1829 	 0.134808 	 0.906 	 0 
0.1828 	 0.134423 	 0.906 	 0 
0.1827 	 0.134039 	 0.906 	 0 
0.1826 	 0.133655 	 0.906 	 0 
0.1825 	 0.133271 	 0.906 	 0 
0.1824 	 0.132888 	 0.906 	 0 
0.1823 	 0.132505 	 0.906 	 0 
0.1822 	 0.132122 	 0.906 	 0 
0.1821 	 0.13174 	 0.906 	 0 
0.182 	 0.131292 	 0.906 	 0 
0.1819 	 0.13096 	 0.906 	 0 
0.1818 	 0.130591 	 0.906 	 0 
0.1817 	 0.130147 	 0.906 	 0 
0.1816 	 0.129817 	 0.906 	 0 
0.1815 	 0.129448 	 0.906 	 0 
0.1814 	 0.129005 	 0.906 	 0 
0.1813 	 0.128676 	 0.906 	 0 
0.1812 	 0.128309 	 0.906 	 0 
0.1811 	 0.127867 	 0.906 	 0 
0.181 	 0.127538 	 0.906 	 0 
0.1809 	 0.127107 	 0.906 	 0 
0.1808 	 0.12678 	 0.906 	 0 
0.1807 	 0.126351 	 0.906 	 0 
0.1806 	 0.126025 	 0.906 	 0 
0.1805 	 0.125595 	 0.906 	 0 
0.1804 	 0.12527 	 0.906 	 0 
0.1803 	 0.124841 	 0.906 	 0 
0.1802 	 0.124516 	 0.906 	 0 
0.1801 	 0.124088 	 0.906 	 0 
0.18 	 0.123764 	 0.906 	 0 
0.1799 	 0.123336 	 0.906 	 0 
0.1798 	 0.123012 	 0.906 	 0 
0.1797 	 0.122585 	 0.906 	 0 
0.1796 	 0.122262 	 0.906 	 0 
0.1795 	 0.121835 	 0.906 	 0 
0.1794 	 0.121512 	 0.906 	 0 
0.1793 	 0.121086 	 0.906 	 0 
0.1792 	 0.120764 	 0.906 	 0 
0.1791 	 0.120338 	 0.906 	 0 
0.179 	 0.120017 	 0.906 	 0 
0.1789 	 0.119591 	 0.906 	 0 
0.1788 	 0.119271 	 0.906 	 0 
0.1787 	 0.118846 	 0.906 	 0 
0.1786 	 0.118526 	 0.906 	 0 
0.1785 	 0.118101 	 0.906 	 0 
0.1784 	 0.117781 	 0.906 	 0 
0.1783 	 0.117357 	 0.906 	 0 
0.1782 	 0.117038 	 0.906 	 0 
0.1781 	 0.116614 	 0.906 	 0 
0.178 	 0.116295 	 0.906 	 0 
0.1779 	 0.115872 	 0.906 	 0 
0.1778 	 0.115554 	 0.906 	 0 
0.1777 	 0.11513 	 0.906 	 0 
0.1776 	 0.114813 	 0.906 	 0 
0.1775 	 0.11439 	 0.906 	 0 
0.1774 	 0.114013 	 0.906 	 0 
0.1773 	 0.113702 	 0.906 	 0 
0.1772 	 0.113281 	 0.906 	 0 
0.1771 	 0.112904 	 0.906 	 0 
0.177 	 0.112534 	 0.906 	 0 
0.1769 	 0.112165 	 0.906 	 0 
0.1768 	 0.111796 	 0.906 	 0 
0.1767 	 0.111428 	 0.906 	 0 
0.1766 	 0.111059 	 0.906 	 0 
0.1765 	 0.110691 	 0.906 	 0 
0.1764 	 0.110323 	 0.906 	 0 
0.1763 	 0.109955 	 0.906 	 0 
0.1762 	 0.109587 	 0.906 	 0 
0.1761 	 0.10922 	 0.906 	 0 
0.176 	 0.108853 	 0.906 	 0 
0.1759 	 0.108485 	 0.906 	 0 
0.1758 	 0.108118 	 0.906 	 0 
0.1757 	 0.107751 	 0.906 	 0 
0.1756 	 0.107385 	 0.906 	 0 
0.1755 	 0.107018 	 0.906 	 0 
0.1754 	 0.106652 	 0.906 	 0 
0.1753 	 0.106285 	 0.906 	 0 
0.1752 	 0.105919 	 0.906 	 0 
0.1751 	 0.105553 	 0.906 	 0 
0.175 	 0.105187 	 0.906 	 0 
0.1749 	 0.104821 	 0.906 	 0 
0.1748 	 0.104456 	 0.906 	 0 
0.1747 	 0.10409 	 0.906 	 0 
0.1746 	 0.103725 	 0.906 	 0 
0.1745 	 0.103359 	 0.906 	 0 
0.1744 	 0.102994 	 0.906 	 0 
0.1743 	 0.102629 	 0.906 	 0 
0.1742 	 0.102156 	 0.906 	 0 
0.1741 	 0.101811 	 0.905 	 0 
0.174 	 0.101445 	 0.905 	 0 
0.1739 	 0.10108 	 0.905 	 0 
0.1738 	 0.100715 	 0.905 	 0 
0.1737 	 0.10035 	 0.905 	 0 
0.1736 	 0.0999846 	 0.905 	 0 
0.1735 	 0.0996196 	 0.905 	 0 
0.1734 	 0.0992553 	 0.905 	 0 
0.1733 	 0.0989399 	 0.905 	 0 
0.1732 	 0.0985841 	 0.905 	 0 
0.1731 	 0.0982213 	 0.905 	 0 
0.173 	 0.0978573 	 0.905 	 0 
0.1729 	 0.0974835 	 0.905 	 0 
0.1728 	 0.0971189 	 0.905 	 0 
0.1727 	 0.0967546 	 0.905 	 0 
0.1726 	 0.0963904 	 0.905 	 0 
0.1725 	 0.0960262 	 0.905 	 0 
0.1724 	 0.095662 	 0.905 	 0 
0.1723 	 0.0952979 	 0.905 	 0 
0.1722 	 0.0949337 	 0.905 	 0 
0.1721 	 0.0945696 	 0.905 	 0 
0.172 	 0.0942054 	 0.905 	 0 
0.1719 	 0.0938413 	 0.905 	 0 
0.1718 	 0.0934771 	 0.905 	 0 
0.1717 	 0.0931129 	 0.905 	 0 
0.1716 	 0.0927487 	 0.905 	 0 
0.1715 	 0.0923844 	 0.905 	 0 
0.1714 	 0.0920201 	 0.905 	 0 
0.1713 	 0.0916558 	 0.905 	 0 
0.1712 	 0.0912914 	 0.905 	 0 
0.1711 	 0.090927 	 0.905 	 0 
0.171 	 0.0905625 	 0.905 	 0 
0.1709 	 0.0901979 	 0.905 	 0 
0.1708 	 0.0898333 	 0.905 	 0 
0.1707 	 0.0894686 	 0.905 	 0 
0.1706 	 0.0891038 	 0.905 	 0 
0.1705 	 0.0887389 	 0.905 	 0 
0.1704 	 0.0883739 	 0.905 	 0 
0.1703 	 0.0880088 	 0.905 	 0 
0.1702 	 0.0876436 	 0.905 	 0 
0.1701 	 0.0872783 	 0.905 	 0 
0.17 	 0.0869129 	 0.905 	 0 
0.1699 	 0.0865473 	 0.905 	 0 
0.1698 	 0.0861816 	 0.905 	 0 
0.1697 	 0.0858158 	 0.905 	 0 
0.1696 	 0.0854498 	 0.905 	 0 
0.1695 	 0.0850836 	 0.905 	 0 
0.1694 	 0.0847173 	 0.905 	 0 
0.1693 	 0.0843508 	 0.905 	 0 
0.1692 	 0.0839842 	 0.905 	 0 
0.1691 	 0.0836173 	 0.905 	 0 
0.169 	 0.0832503 	 0.905 	 0 
0.1689 	 0.082883 	 0.905 	 0 
0.1688 	 0.0825156 	 0.905 	 0 
0.1687 	 0.0821479 	 0.905 	 0 
0.1686 	 0.08178 	 0.905 	 0 
0.1685 	 0.0814118 	 0.905 	 0 
0.1684 	 0.0810435 	 0.905 	 0 
0.1683 	 0.0806748 	 0.905 	 0 
0.1682 	 0.0803059 	 0.905 	 0 
0.1681 	 0.0799368 	 0.905 	 0 
0.168 	 0.0795673 	 0.905 	 0 
0.1679 	 0.0791976 	 0.905 	 0 
0.1678 	 0.0788276 	 0.905 	 0 
0.1677 	 0.0784573 	 0.905 	 0 
0.1676 	 0.0780866 	 0.905 	 0 
0.1675 	 0.0777157 	 0.905 	 0 
0.1674 	 0.0773443 	 0.905 	 0 
0.1673 	 0.0769231 	 0.905 	 0 
0.1672 	 0.0765874 	 0.905 	 0 
0.1671 	 0.0762248 	 0.905 	 0 
0.167 	 0.0758043 	 0.905 	 0 
0.1669 	 0.0754684 	 0.905 	 0 
0.1668 	 0.0750551 	 0.905 	 0 
0.1667 	 0.07472 	 0.905 	 0 
0.1666 	 0.0743058 	 0.905 	 0 
0.1665 	 0.0739704 	 0.905 	 0 
0.1664 	 0.0735549 	 0.905 	 0 
0.1663 	 0.0732189 	 0.905 	 0 
0.1662 	 0.0728022 	 0.905 	 0 
0.1661 	 0.0724172 	 0.905 	 0 
0.166 	 0.072038 	 0.905 	 0 
0.1659 	 0.0716594 	 0.905 	 0 
0.1658 	 0.0712805 	 0.905 	 0 
0.1657 	 0.0709011 	 0.905 	 0 
0.1656 	 0.0705211 	 0.905 	 0 
0.1655 	 0.0701406 	 0.905 	 0 
0.1654 	 0.0697595 	 0.905 	 0 
0.1653 	 0.0693778 	 0.905 	 0 
0.1652 	 0.0689955 	 0.905 	 0 
0.1651 	 0.0686125 	 0.905 	 0 
0.165 	 0.0682289 	 0.905 	 0 
0.1649 	 0.0678446 	 0.905 	 0 
0.1648 	 0.0674597 	 0.905 	 0 
0.1647 	 0.067074 	 0.905 	 0 
0.1646 	 0.0666877 	 0.905 	 0 
0.1645 	 0.0663006 	 0.905 	 0 
0.1644 	 0.0659127 	 0.905 	 0 
0.1643 	 0.0655241 	 0.905 	 0 
0.1642 	 0.0651347 	 0.905 	 0 
0.1641 	 0.0647444 	 0.905 	 0 
0.164 	 0.0643534 	 0.905 	 0 
0.1639 	 0.0639615 	 0.905 	 0 
0.1638 	 0.0635687 	 0.905 	 0 
0.1637 	 0.0631751 	 0.905 	 0 
0.1636 	 0.0627805 	 0.905 	 0 
0.1635 	 0.062385 	 0.905 	 0 
0.1634 	 0.0619885 	 0.905 	 0 
0.1633 	 0.0615911 	 0.905 	 0 
0.1632 	 0.0611927 	 0.905 	 0 
0.1631 	 0.0607932 	 0.905 	 0 
0.163 	 0.0603927 	 0.905 	 0 
0.1629 	 0.0599911 	 0.905 	 0 
0.1628 	 0.0595441 	 0.905 	 0 
0.1627 	 0.0591717 	 0.905 	 0 
0.1626 	 0.0587314 	 0.905 	 0 
0.1625 	 0.058359 	 0.905 	 0 
0.1624 	 0.0579164 	 0.905 	 0 
0.1623 	 0.0574991 	 0.905 	 0 
0.1622 	 0.0570864 	 0.905 	 0 
0.1621 	 0.0566738 	 0.905 	 0 
0.162 	 0.0562601 	 0.905 	 0 
0.1619 	 0.055845 	 0.905 	 0 
0.1618 	 0.0554286 	 0.905 	 0 
0.1617 	 0.0550106 	 0.905 	 0 
0.1616 	 0.0545912 	 0.905 	 0 
0.1615 	 0.0541701 	 0.905 	 0 
0.1614 	 0.0537475 	 0.905 	 0 
0.1613 	 0.0533233 	 0.905 	 0 
0.1612 	 0.0528974 	 0.905 	 0 
0.1611 	 0.0524698 	 0.905 	 0 
0.161 	 0.0520404 	 0.905 	 0 
0.1609 	 0.0516091 	 0.905 	 0 
0.1608 	 0.0511761 	 0.905 	 0 
0.1607 	 0.050701 	 0.905 	 0 
0.1606 	 0.0502921 	 0.905 	 0 
0.1605 	 0.0498209 	 0.905 	 0 
0.1604 	 0.0494103 	 0.905 	 0 
0.1603 	 0.0489348 	 0.905 	 0 
0.1602 	 0.0484803 	 0.905 	 0 
0.1601 	 0.0480294 	 0.905 	 0 
0.16 	 0.0475776 	 0.905 	 0 
0.1599 	 0.0471237 	 0.905 	 0 
0.1598 	 0.0466674 	 0.905 	 0 
0.1597 	 0.0462086 	 0.905 	 0 
0.1596 	 0.0457471 	 0.905 	 0 
0.1595 	 0.0452829 	 0.905 	 0 
0.1594 	 0.0447788 	 0.905 	 0 
0.1593 	 0.0443345 	 0.905 	 0 
0.1592 	 0.0438315 	 0.905 	 0 
0.1591 	 0.0433466 	 0.905 	 0 
0.159 	 0.0428639 	 0.905 	 0 
0.1589 	 0.0423793 	 0.905 	 0 
0.1588 	 0.0418916 	 0.905 	 0 
0.1587 	 0.0414005 	 0.905 	 0 
0.1586 	 0.0409057 	 0.905 	 0 
0.1585 	 0.0403722 	 0.905 	 0 
0.1584 	 0.0398593 	 0.905 	 0 
0.1583 	 0.0393486 	 0.905 	 0 
0.1582 	 0.0388353 	 0.905 	 0 
0.1581 	 0.0383181 	 0.905 	 0 
0.158 	 0.0377963 	 0.905 	 0 
0.1579 	 0.0372369 	 0.905 	 0 
0.1578 	 0.0366953 	 0.905 	 0 
0.1577 	 0.0361543 	 0.905 	 0 
0.1576 	 0.0356096 	 0.905 	 0 
0.1575 	 0.0350595 	 0.905 	 0 
0.1574 	 0.0344723 	 0.905 	 0 
0.1573 	 0.0339001 	 0.905 	 0 
0.1572 	 0.0333271 	 0.905 	 0 
0.1571 	 0.0327489 	 0.905 	 0 
0.157 	 0.0321337 	 0.905 	 0 
0.1569 	 0.0315311 	 0.905 	 0 
0.1568 	 0.0308981 	 0.905 	 0 
0.1567 	 0.030277 	 0.905 	 0 
0.1566 	 0.0296526 	 0.905 	 0 
0.1565 	 0.0289927 	 0.905 	 0 
0.1564 	 0.0283412 	 0.905 	 0 
0.1563 	 0.0276576 	 0.905 	 0 
0.1562 	 0.0269562 	 0.905 	 0 
0.1561 	 0.0262642 	 0.905 	 0 
0.156 	 0.0255406 	 0.905 	 0 
0.1559 	 0.0247965 	 0.905 	 0 
0.1558 	 0.0240345 	 0.905 	 0 
0.1557 	 0.0232538 	 0.905 	 0 
0.1556 	 0.0224532 	 0.905 	 0 
0.1555 	 0.02161 	 0.905 	 0 
0.1554 	 0.0207569 	 0.905 	 0 
0.1553 	 0.0198615 	 0.905 	 0 
0.1552 	 0.0189316 	 0.905 	 0 
0.1551 	 0.0179486 	 0.905 	 0 
0.155 	 0.0169052 	 0.905 	 0 
0.1549 	 0.0158115 	 0.905 	 0 
0.1548 	 0.0146488 	 0.905 	 0 
0.1547 	 0.0133773 	 0.905 	 0 
0.1546 	 0.0119684 	 0.905 	 0 
0.1545 	 0.0103946 	 0.905 	 0 
0.1544 	 0.00853138 	 0.905 	 0 
0.1543 	 0.00614298 	 0.905 	 0 
0.1542 	 0.00257322 	 0.905 	 0 
0.1541 	 0.000587314 	 0.905 	 0 
0.154 	 5.2343e-05 	 0.905 	 0 
0.1539 	 1.72331e-06 	 0.905 	 0 
0.1538 	 2.10008e-08 	 0.905 	 0 
0.1537 	 7.11306e-09 	 0.913 	 0 
0.1536 	 7.03843e-09 	 0.914 	 0 
0.1535 	 7.00659e-09 	 0.914 	 0 
0.1534 	 6.98174e-09 	 0.916 	 0 
0.1533 	 6.75848e-09 	 0.916 	 0 
0.1532 	 6.73475e-09 	 0.917 	 0 
0.1531 	 6.68082e-09 	 0.919 	 0 
0.153 	 6.65682e-09 	 0.919 	 0 
0.1529 	 6.66558e-09 	 0.919 	 0 
0.1528 	 6.66068e-09 	 0.919 	 0 
0.1527 	 6.61413e-09 	 0.92 	 0 
0.1526 	 6.6099e-09 	 0.92 	 0 
0.1525 	 6.41106e-09 	 0.921 	 0 
0.1524 	 6.4097e-09 	 0.921 	 0 
0.1523 	 3.66593e-09 	 0.922 	 0 
0.1522 	 3.65123e-09 	 0.922 	 0 
0.1521 	 3.54912e-09 	 0.922 	 0 
0.152 	 3.54663e-09 	 0.922 	 0 
0.1519 	 3.52287e-09 	 0.923 	 0 
0.1518 	 3.42105e-09 	 0.924 	 0 
0.1517 	 3.40713e-09 	 0.924 	 0 
0.1516 	 3.35493e-09 	 0.924 	 0 
0.1515 	 3.29949e-09 	 0.924 	 0 
0.1514 	 3.33603e-09 	 0.924 	 0 
0.1513 	 3.30683e-09 	 0.924 	 0 
0.1512 	 3.36525e-09 	 0.924 	 0 
0.1511 	 3.36045e-09 	 0.924 	 0 
0.151 	 3.29939e-09 	 0.924 	 0 
0.1509 	 3.33976e-09 	 0.924 	 0 
0.1508 	 3.34556e-09 	 0.924 	 0 
0.1507 	 3.31707e-09 	 0.924 	 0 
0.1506 	 3.26031e-09 	 0.931 	 0 
0.1505 	 3.32809e-09 	 0.924 	 0 
0.1504 	 3.24791e-09 	 0.931 	 0 
0.1503 	 3.30462e-09 	 0.924 	 0 
0.1502 	 3.21846e-09 	 0.931 	 0 
0.1501 	 3.28417e-09 	 0.931 	 0 
0.15 	 3.22164e-09 	 0.931 	 0 
