rBB 	 Delta 	 mu 	 aB 	 retneg 

 
0.01 	 0.9712 	 0.88 	 0.0008985 	 1254 
0.0099 	 1.026 	 0.8775 	 0.0008895 	 1242 
0.0098 	 1.083 	 0.8755 	 0.0008805 	 1229 
0.0097 	 1.142 	 0.873 	 0.0008715 	 1217 
0.0096 	 1.205 	 0.87 	 0.0008626 	 1204 
0.0095 	 1.27 	 0.8675 	 0.0008536 	 1191 
0.0094 	 1.336 	 0.864 	 0.0008446 	 1179 
0.0093 	 1.407 	 0.8605 	 0.0008356 	 1166 
0.0092 	 1.481 	 0.857 	 0.0008266 	 1154 
0.0091 	 1.558 	 0.853 	 0.0008176 	 1141 
0.009 	 1.638 	 0.8485 	 0.0008086 	 1129 
0.0089 	 1.721 	 0.8435 	 0.0007997 	 1116 
0.0088 	 1.808 	 0.8385 	 0.0007907 	 1104 
0.0087 	 1.898 	 0.833 	 0.0007817 	 1091 
0.0086 	 1.991 	 0.8275 	 0.0007727 	 1079 
0.0085 	 2.088 	 0.8215 	 0.0007637 	 1066 
0.0084 	 2.189 	 0.8145 	 0.0007547 	 1053 
0.0083 	 2.294 	 0.8075 	 0.0007458 	 1041 
0.0082 	 2.403 	 0.8 	 0.0007368 	 1028 
0.0081 	 2.53 	 0.8 	 0.0007278 	 1016 
0.008 	 2.664 	 0.8 	 0.0007188 	 1003 
0.0079 	 2.803 	 0.8 	 0.0007098 	 990.8 
0.0078 	 2.946 	 0.8 	 0.0007008 	 978.2 
0.0077 	 3.096 	 0.8 	 0.0006918 	 965.7 
0.0076 	 3.253 	 0.8 	 0.0006829 	 953.1 
0.0075 	 3.415 	 0.8 	 0.0006739 	 940.6 
0.0074 	 3.583 	 0.8 	 0.0006649 	 928.1 
0.0073 	 3.757 	 0.8 	 0.0006559 	 915.5 
0.0072 	 3.937 	 0.8 	 0.0006469 	 903 
0.0071 	 4.12 	 0.8 	 0.0006379 	 890.4 
0.007 	 4.312 	 0.8 	 0.0006289 	 877.9 
0.0069 	 4.511 	 0.8 	 0.00062 	 865.3 
0.0068 	 4.715 	 0.8 	 0.000611 	 852.8 
0.0067 	 4.926 	 0.8 	 0.000602 	 840.3 
0.0066 	 5.143 	 0.8 	 0.000593 	 827.7 
0.0065 	 5.363 	 0.8 	 0.000584 	 815.2 
0.0064 	 5.593 	 0.8 	 0.000575 	 802.6 
0.0063 	 5.829 	 0.8 	 0.0005661 	 790.1 
0.0062 	 6.072 	 0.8 	 0.0005571 	 777.6 
0.0061 	 6.321 	 0.8 	 0.0005481 	 765 
0.006 	 6.577 	 0.8 	 0.0005391 	 752.5 
0.0059 	 6.839 	 0.8 	 0.0005301 	 739.9 
0.0058 	 7.104 	 0.8 	 0.0005211 	 727.4 
0.0057 	 7.38 	 0.8 	 0.0005121 	 714.9 
0.0056 	 7.662 	 0.8 	 0.0005032 	 702.3 
0.0055 	 7.952 	 0.8 	 0.0004942 	 689.8 
0.0054 	 8.249 	 0.8 	 0.0004852 	 677.2 
0.0053 	 8.553 	 0.8 	 0.0004762 	 664.7 
0.0052 	 8.865 	 0.8 	 0.0004672 	 652.1 
0.0051 	 9.183 	 0.8 	 0.0004582 	 639.6 
0.005 	 9.503 	 0.8 	 0.0004492 	 627.1 
0.0049 	 9.837 	 0.8 	 0.0004403 	 614.5 
0.0048 	 10.18 	 0.8 	 0.0004313 	 602 
0.0047 	 10.53 	 0.8 	 0.0004223 	 589.4 
0.0046 	 10.89 	 0.8 	 0.0004133 	 576.9 
0.0045 	 11.25 	 0.8 	 0.0004043 	 564.4 
0.0044 	 11.63 	 0.8 	 0.0003953 	 551.8 
0.0043 	 12.01 	 0.8 	 0.0003864 	 539.3 
0.0042 	 12.41 	 0.8 	 0.0003774 	 526.7 
0.0041 	 12.81 	 0.8 	 0.0003684 	 514.2 
0.004 	 13.21 	 0.8 	 0.0003594 	 501.7 
0.0039 	 13.63 	 0.8 	 0.0003504 	 489.1 
0.0038 	 14.07 	 0.8 	 0.0003414 	 476.6 
0.0037 	 14.51 	 0.8 	 0.0003324 	 464 
0.0036 	 14.97 	 0.8 	 0.0003235 	 451.5 
0.0035 	 15.43 	 0.8 	 0.0003145 	 438.9 
0.0034 	 15.91 	 0.8 	 0.0003055 	 426.4 
0.0033 	 16.4 	 0.8 	 0.0002965 	 413.9 
0.0032 	 16.91 	 0.8 	 0.0002875 	 401.3 
0.0031 	 17.43 	 0.8 	 0.0002785 	 388.8 
0.003 	 17.96 	 0.8 	 0.0002695 	 376.2 
0.0029 	 18.51 	 0.8 	 0.0002606 	 363.7 
0.0028 	 19.07 	 0.8 	 0.0002516 	 351.2 
0.0027 	 19.66 	 0.8 	 0.0002426 	 338.6 
0.0026 	 20.26 	 0.8 	 0.0002336 	 326.1 
0.0025 	 20.88 	 0.8 	 0.0002246 	 313.5 
0.0024 	 21.52 	 0.8 	 0.0002156 	 301 
0.0023 	 22.18 	 0.8 	 0.0002067 	 288.4 
0.0022 	 22.85 	 0.8 	 0.0001977 	 275.9 
0.0021 	 23.56 	 0.8 	 0.0001887 	 263.4 
0.002 	 24.3 	 0.8 	 0.0001797 	 250.8 
0.0019 	 25.07 	 0.8 	 0.0001707 	 238.3 
0.0018 	 25.86 	 0.8 	 0.0001617 	 225.7 
0.0017 	 26.69 	 0.8 	 0.0001527 	 213.2 
0.0016 	 27.56 	 0.8 	 0.0001438 	 200.7 
0.0015 	 28.47 	 0.8 	 0.0001348 	 188.1 
0.0014 	 29.43 	 0.8 	 0.0001258 	 175.6 
0.0013 	 30.44 	 0.8 	 0.0001168 	 163 
0.0012 	 31.5 	 0.8 	 0.0001078 	 150.5 
0.0011 	 32.63 	 0.8 	 9.883e-05 	 138 
0.001 	 33.84 	 0.8 	 8.985e-05 	 125.4 
