fill 	 mu 	 muteo 
0 	 -3 	 -1 
0.0025 	 -1.99975 	 -0.999969 
0.005 	 -1.99925 	 -0.999877 
0.0075 	 -1.99925 	 -0.999722 
0.01 	 -1.99925 	 -0.999507 
0.0125 	 -1.9975 	 -0.999229 
0.015 	 -1.9975 	 -0.99889 
0.0175 	 -1.99425 	 -0.998489 
0.02 	 -1.99425 	 -0.998027 
0.0225 	 -1.99 	 -0.997503 
0.025 	 -1.9845 	 -0.996917 
0.0275 	 -1.9845 	 -0.99627 
0.03 	 -1.97775 	 -0.995562 
0.0325 	 -1.97775 	 -0.994792 
0.035 	 -1.96975 	 -0.993961 
0.0375 	 -1.96975 	 -0.993068 
0.04 	 -1.96975 	 -0.992115 
0.0425 	 -1.9605 	 -0.9911 
0.045 	 -1.9605 	 -0.990024 
0.0475 	 -1.95025 	 -0.988886 
0.05 	 -1.95025 	 -0.987688 
0.0525 	 -1.9385 	 -0.986429 
0.055 	 -1.9385 	 -0.985109 
0.0575 	 -1.92575 	 -0.983729 
0.06 	 -1.92575 	 -0.982287 
0.0625 	 -1.912 	 -0.980785 
0.065 	 -1.912 	 -0.979223 
0.0675 	 -1.89675 	 -0.9776 
0.07 	 -1.89675 	 -0.975917 
0.0725 	 -1.8805 	 -0.974173 
0.075 	 -1.8805 	 -0.97237 
0.0775 	 -1.86325 	 -0.970506 
0.08 	 -1.86325 	 -0.968583 
0.0825 	 -1.84475 	 -0.9666 
0.085 	 -1.84475 	 -0.964557 
0.0875 	 -1.82525 	 -0.962455 
0.09 	 -1.82525 	 -0.960294 
0.0925 	 -1.8045 	 -0.958073 
0.095 	 -1.8045 	 -0.955793 
0.0975 	 -1.78275 	 -0.953454 
0.1 	 -1.78275 	 -0.951057 
0.1025 	 -1.76 	 -0.9486 
0.105 	 -1.76 	 -0.946085 
0.1075 	 -1.736 	 -0.943512 
0.11 	 -1.736 	 -0.940881 
0.1125 	 -1.71125 	 -0.938191 
0.115 	 -1.71125 	 -0.935444 
0.1175 	 -1.6855 	 -0.932639 
0.12 	 -1.6855 	 -0.929776 
0.1225 	 -1.6585 	 -0.926857 
0.125 	 -1.6585 	 -0.92388 
0.1275 	 -1.63075 	 -0.920845 
0.13 	 -1.63075 	 -0.917755 
0.1325 	 -1.60225 	 -0.914607 
0.135 	 -1.60225 	 -0.911403 
0.1375 	 -1.5725 	 -0.908143 
0.14 	 -1.5725 	 -0.904827 
0.1425 	 -1.54225 	 -0.901455 
0.145 	 -1.54225 	 -0.898028 
0.1475 	 -1.51075 	 -0.894545 
0.15 	 -1.51075 	 -0.891007 
0.1525 	 -1.47875 	 -0.887413 
0.155 	 -1.47875 	 -0.883766 
0.1575 	 -1.44575 	 -0.880063 
0.16 	 -1.44575 	 -0.876307 
0.1625 	 -1.412 	 -0.872496 
0.165 	 -1.412 	 -0.868632 
0.1675 	 -1.3775 	 -0.864713 
0.17 	 -1.3775 	 -0.860742 
0.1725 	 -1.34225 	 -0.856718 
0.175 	 -1.34225 	 -0.85264 
0.1775 	 -1.3065 	 -0.84851 
0.18 	 -1.3065 	 -0.844328 
0.1825 	 -1.27 	 -0.840094 
0.185 	 -1.27 	 -0.835807 
0.1875 	 -1.23275 	 -0.83147 
0.19 	 -1.23275 	 -0.827081 
0.1925 	 -1.195 	 -0.822641 
0.195 	 -1.195 	 -0.81815 
0.1975 	 -1.15675 	 -0.813608 
0.2 	 -1.15675 	 -0.809017 
0.2025 	 -1.118 	 -0.804376 
0.205 	 -1.118 	 -0.799685 
0.2075 	 -1.0785 	 -0.794944 
0.21 	 -1.0785 	 -0.790155 
0.2125 	 -1.03875 	 -0.785317 
0.215 	 -1.03875 	 -0.78043 
0.2175 	 -0.9985 	 -0.775496 
0.22 	 -0.9985 	 -0.770513 
0.2225 	 -0.95775 	 -0.765483 
0.225 	 -0.95775 	 -0.760406 
0.2275 	 -0.91675 	 -0.755282 
0.23 	 -0.91675 	 -0.750111 
0.2325 	 -0.87525 	 -0.744894 
0.235 	 -0.87525 	 -0.739631 
0.2375 	 -0.8335 	 -0.734323 
0.24 	 -0.8335 	 -0.728969 
0.2425 	 -0.79175 	 -0.72357 
0.245 	 -0.79175 	 -0.718126 
0.2475 	 -0.7495 	 -0.712639 
0.25 	 -0.7495 	 -0.707107 
0.2525 	 -0.707 	 -0.701531 
0.255 	 -0.707 	 -0.695913 
0.2575 	 -0.6645 	 -0.690251 
0.26 	 -0.6645 	 -0.684547 
0.2625 	 -0.62175 	 -0.678801 
0.265 	 -0.62175 	 -0.673013 
0.2675 	 -0.57875 	 -0.667183 
0.27 	 -0.57875 	 -0.661312 
0.2725 	 -0.53575 	 -0.6554 
0.275 	 -0.53575 	 -0.649448 
0.2775 	 -0.493 	 -0.643456 
0.28 	 -0.493 	 -0.637424 
0.2825 	 -0.45 	 -0.631353 
0.285 	 -0.45 	 -0.625243 
0.2875 	 -0.407 	 -0.619094 
0.29 	 -0.407 	 -0.612907 
0.2925 	 -0.364 	 -0.606682 
0.295 	 -0.364 	 -0.60042 
0.2975 	 -0.32125 	 -0.594121 
0.3 	 -0.32125 	 -0.587785 
0.3025 	 -0.27875 	 -0.581413 
0.305 	 -0.27875 	 -0.575005 
0.3075 	 -0.23625 	 -0.568562 
0.31 	 -0.23625 	 -0.562083 
0.3125 	 -0.19375 	 -0.55557 
0.315 	 -0.19375 	 -0.549023 
0.3175 	 -0.15175 	 -0.542442 
0.32 	 -0.15175 	 -0.535827 
0.3225 	 -0.11 	 -0.529179 
0.325 	 -0.11 	 -0.522499 
0.3275 	 -0.0685 	 -0.515786 
0.33 	 -0.0685 	 -0.509041 
0.3325 	 -0.02725 	 -0.502266 
0.335 	 0.00025 	 -0.495459 
0.3375 	 0.00025 	 -0.488621 
0.34 	 0.0005 	 -0.481754 
0.3425 	 0.0005 	 -0.474856 
0.345 	 0.0015 	 -0.46793 
0.3475 	 0.0015 	 -0.460974 
0.35 	 0.0035 	 -0.45399 
0.3525 	 0.0035 	 -0.446979 
0.355 	 0.006 	 -0.439939 
0.3575 	 0.006 	 -0.432873 
0.36 	 0.00925 	 -0.425779 
0.3625 	 0.00925 	 -0.41866 
0.365 	 0.0135 	 -0.411514 
0.3675 	 0.0135 	 -0.404344 
0.37 	 0.01375 	 -0.397148 
0.3725 	 0.01375 	 -0.389928 
0.375 	 0.01825 	 -0.382683 
0.3775 	 0.01825 	 -0.375416 
0.38 	 0.02375 	 -0.368125 
0.3825 	 0.02375 	 -0.360811 
0.385 	 0.02975 	 -0.353475 
0.3875 	 0.02975 	 -0.346117 
0.39 	 0.03675 	 -0.338738 
0.3925 	 0.03675 	 -0.331338 
0.395 	 0.04425 	 -0.323917 
0.3975 	 0.04425 	 -0.316477 
0.4 	 0.05275 	 -0.309017 
0.4025 	 0.05275 	 -0.301538 
0.405 	 0.05425 	 -0.29404 
0.4075 	 0.05425 	 -0.286525 
0.41 	 0.0615 	 -0.278991 
0.4125 	 0.0615 	 -0.27144 
0.415 	 0.07125 	 -0.263873 
0.4175 	 0.07125 	 -0.256289 
0.42 	 0.0815 	 -0.24869 
0.4225 	 0.0815 	 -0.241075 
0.425 	 0.0925 	 -0.233445 
0.4275 	 0.0925 	 -0.225801 
0.43 	 0.09425 	 -0.218143 
0.4325 	 0.09425 	 -0.210472 
0.435 	 0.104 	 -0.202787 
0.4375 	 0.104 	 -0.19509 
0.44 	 0.116 	 -0.187381 
0.4425 	 0.116 	 -0.179661 
0.445 	 0.12875 	 -0.171929 
0.4475 	 0.12875 	 -0.164187 
0.45 	 0.134 	 -0.156434 
0.4525 	 0.134 	 -0.148672 
0.455 	 0.14225 	 -0.140901 
0.4575 	 0.14225 	 -0.133121 
0.46 	 0.156 	 -0.125333 
0.4625 	 0.156 	 -0.117537 
0.465 	 0.1705 	 -0.109734 
0.4675 	 0.1705 	 -0.101924 
0.47 	 0.173 	 -0.0941083 
0.4725 	 0.173 	 -0.0862864 
0.475 	 0.1855 	 -0.0784591 
0.4775 	 0.1855 	 -0.070627 
0.48 	 0.201 	 -0.0627905 
0.4825 	 0.201 	 -0.0549502 
0.485 	 0.21175 	 -0.0471065 
0.4875 	 0.21175 	 -0.0392598 
0.49 	 0.217 	 -0.0314108 
0.4925 	 0.217 	 -0.0235598 
0.495 	 0.23325 	 -0.0157073 
0.4975 	 0.23325 	 -0.0078539 
0.5 	 0.25 	 -6.12323e-17 
0.5025 	 0.25 	 0.0078539 
0.505 	 0.25025 	 0.0157073 
0.5075 	 0.25025 	 0.0235598 
0.51 	 0.2675 	 0.0314108 
0.5125 	 0.2675 	 0.0392598 
0.515 	 0.28525 	 0.0471065 
0.5175 	 0.28525 	 0.0549502 
0.52 	 0.2875 	 0.0627905 
0.5225 	 0.30325 	 0.070627 
0.525 	 0.30325 	 0.0784591 
0.5275 	 0.32175 	 0.0862864 
0.53 	 0.32175 	 0.0941083 
0.5325 	 0.3245 	 0.101924 
0.535 	 0.3245 	 0.109734 
0.5375 	 0.3405 	 0.117537 
0.54 	 0.3405 	 0.125333 
0.5425 	 0.35975 	 0.133121 
0.545 	 0.35975 	 0.140901 
0.5475 	 0.361 	 0.148672 
0.55 	 0.361 	 0.156434 
0.5525 	 0.379 	 0.164187 
0.555 	 0.379 	 0.171929 
0.5575 	 0.39675 	 0.179661 
0.56 	 0.39675 	 0.187381 
0.5625 	 0.39875 	 0.19509 
0.565 	 0.39875 	 0.202787 
0.5675 	 0.41875 	 0.210472 
0.57 	 0.41875 	 0.218143 
0.5725 	 0.432 	 0.225801 
0.575 	 0.432 	 0.233445 
0.5775 	 0.43875 	 0.241075 
0.58 	 0.43875 	 0.24869 
0.5825 	 0.459 	 0.256289 
0.585 	 0.459 	 0.263873 
0.5875 	 0.46625 	 0.27144 
0.59 	 0.46625 	 0.278991 
0.5925 	 0.4795 	 0.286525 
0.595 	 0.4795 	 0.29404 
0.5975 	 0.4795 	 0.301538 
0.6 	 0.5 	 0.309017 
0.6025 	 0.5 	 0.316477 
0.605 	 0.50025 	 0.323917 
0.6075 	 0.52075 	 0.331338 
0.61 	 0.52075 	 0.338738 
0.6125 	 0.53325 	 0.346117 
0.615 	 0.53325 	 0.353475 
0.6175 	 0.5415 	 0.360811 
0.62 	 0.5415 	 0.368125 
0.6225 	 0.5625 	 0.375416 
0.625 	 0.5625 	 0.382683 
0.6275 	 0.5655 	 0.389928 
0.63 	 0.5655 	 0.397148 
0.6325 	 0.58325 	 0.404344 
0.635 	 0.58325 	 0.411514 
0.6375 	 0.597 	 0.41866 
0.64 	 0.597 	 0.425779 
0.6425 	 0.604 	 0.432873 
0.645 	 0.604 	 0.439939 
0.6475 	 0.625 	 0.446979 
0.65 	 0.625 	 0.45399 
0.6525 	 0.62775 	 0.460974 
0.655 	 0.62775 	 0.46793 
0.6575 	 0.64575 	 0.474856 
0.66 	 0.64575 	 0.481754 
0.6625 	 0.65775 	 0.488621 
0.665 	 0.65775 	 0.495459 
0.6675 	 0.66625 	 0.502266 
0.67 	 0.66625 	 0.509041 
0.6725 	 0.66625 	 0.515786 
0.675 	 0.68675 	 0.522499 
0.6775 	 0.68675 	 0.529179 
0.68 	 0.68675 	 0.535827 
0.6825 	 0.70725 	 0.542442 
0.685 	 0.70725 	 0.549023 
0.6875 	 0.715 	 0.55557 
0.69 	 0.715 	 0.562083 
0.6925 	 0.7275 	 0.568562 
0.695 	 0.7275 	 0.575005 
0.6975 	 0.7425 	 0.581413 
0.7 	 0.7425 	 0.587785 
0.7025 	 0.7475 	 0.594121 
0.705 	 0.7475 	 0.60042 
0.7075 	 0.76725 	 0.606682 
0.71 	 0.76725 	 0.612907 
0.7125 	 0.769 	 0.619094 
0.715 	 0.769 	 0.625243 
0.7175 	 0.78675 	 0.631353 
0.72 	 0.78675 	 0.637424 
0.7225 	 0.79475 	 0.643456 
0.725 	 0.79475 	 0.649448 
0.7275 	 0.806 	 0.6554 
0.73 	 0.806 	 0.661312 
0.7325 	 0.8195 	 0.667183 
0.735 	 0.8195 	 0.673013 
0.7375 	 0.825 	 0.678801 
0.74 	 0.825 	 0.684547 
0.7425 	 0.84325 	 0.690251 
0.745 	 0.84325 	 0.695913 
0.7475 	 0.8435 	 0.701531 
0.75 	 0.8435 	 0.707107 
0.7525 	 0.86175 	 0.712639 
0.755 	 0.86175 	 0.718126 
0.7575 	 0.86625 	 0.72357 
0.76 	 0.86625 	 0.728969 
0.7625 	 0.8795 	 0.734323 
0.765 	 0.8795 	 0.739631 
0.7675 	 0.88825 	 0.744894 
0.77 	 0.88825 	 0.750111 
0.7725 	 0.897 	 0.755282 
0.775 	 0.897 	 0.760406 
0.7775 	 0.90925 	 0.765483 
0.78 	 0.90925 	 0.770513 
0.7825 	 0.91375 	 0.775496 
0.785 	 0.91375 	 0.78043 
0.7875 	 0.9295 	 0.785317 
0.79 	 0.9295 	 0.790155 
0.7925 	 0.93025 	 0.794944 
0.795 	 0.93025 	 0.799685 
0.7975 	 0.94625 	 0.804376 
0.8 	 0.94625 	 0.809017 
0.8025 	 0.9485 	 0.813608 
0.805 	 0.9485 	 0.81815 
0.8075 	 0.96175 	 0.822641 
0.81 	 0.96175 	 0.827081 
0.8125 	 0.96675 	 0.83147 
0.815 	 0.96675 	 0.835807 
0.8175 	 0.9765 	 0.840094 
0.82 	 0.9765 	 0.844328 
0.8225 	 0.984 	 0.84851 
0.825 	 0.984 	 0.85264 
0.8275 	 0.991 	 0.856718 
0.83 	 0.991 	 0.860742 
0.8325 	 1 	 0.864713 
0.835 	 1 	 0.868632 
0.8375 	 1.00475 	 0.872496 
0.84 	 1.00475 	 0.876307 
0.8425 	 1.01525 	 0.880063 
0.845 	 1.01525 	 0.883766 
0.8475 	 1.01775 	 0.887413 
0.85 	 1.01775 	 0.891007 
0.8525 	 1.0295 	 0.894545 
0.855 	 1.0295 	 0.898028 
0.8575 	 1.03025 	 0.901455 
0.86 	 1.03025 	 0.904827 
0.8625 	 1.042 	 0.908143 
0.865 	 1.042 	 0.911403 
0.8675 	 1.04275 	 0.914607 
0.87 	 1.04275 	 0.917755 
0.8725 	 1.053 	 0.920845 
0.875 	 1.053 	 0.92388 
0.8775 	 1.055 	 0.926857 
0.88 	 1.055 	 0.929776 
0.8825 	 1.06325 	 0.932639 
0.885 	 1.06325 	 0.935444 
0.8875 	 1.06625 	 0.938191 
0.89 	 1.06625 	 0.940881 
0.8925 	 1.073 	 0.943512 
0.895 	 1.073 	 0.946085 
0.8975 	 1.0765 	 0.9486 
0.9 	 1.0765 	 0.951057 
0.9025 	 1.08175 	 0.953454 
0.905 	 1.08175 	 0.955793 
0.9075 	 1.08575 	 0.958073 
0.91 	 1.08575 	 0.960294 
0.9125 	 1.09 	 0.962455 
0.915 	 1.09 	 0.964557 
0.9175 	 1.094 	 0.9666 
0.92 	 1.094 	 0.968583 
0.9225 	 1.09725 	 0.970506 
0.925 	 1.09725 	 0.97237 
0.9275 	 1.10125 	 0.974173 
0.93 	 1.10125 	 0.975917 
0.9325 	 1.10375 	 0.9776 
0.935 	 1.10375 	 0.979223 
0.9375 	 1.1075 	 0.980785 
0.94 	 1.1075 	 0.982287 
0.9425 	 1.1095 	 0.983729 
0.945 	 1.1095 	 0.985109 
0.9475 	 1.113 	 0.986429 
0.95 	 1.113 	 0.987688 
0.9525 	 1.11425 	 0.988886 
0.955 	 1.11425 	 0.990024 
0.9575 	 1.11725 	 0.9911 
0.96 	 1.11725 	 0.992115 
0.9625 	 1.11825 	 0.993068 
0.965 	 1.11825 	 0.993961 
0.9675 	 1.12075 	 0.994792 
0.97 	 1.12075 	 0.995562 
0.9725 	 1.12125 	 0.99627 
0.975 	 1.12125 	 0.996917 
0.9775 	 1.123 	 0.997503 
0.98 	 1.123 	 0.998027 
0.9825 	 1.1235 	 0.998489 
0.985 	 1.1235 	 0.99889 
0.9875 	 1.1245 	 0.999229 
0.99 	 1.1245 	 0.999507 
0.9925 	 1.12475 	 0.999722 
0.995 	 1.12475 	 0.999877 
0.9975 	 1.125 	 0.999969 
