fill 	 mu 	 E0 	 CS1 
0 	 -3 	 -3.25913e-20 	 0 
0.005 	 -2.429 	 -0.000102165 	 0 
0.01 	 -2.389 	 -0.000401259 	 0 
0.015 	 -2.35 	 -0.000886095 	 0 
0.02 	 -2.313 	 -0.00154027 	 0 
0.025 	 -2.276 	 -0.00236724 	 0 
0.03 	 -2.241 	 -0.0033301 	 0 
0.035 	 -2.207 	 -0.00444617 	 0 
0.04 	 -2.173 	 -0.00569269 	 0 
0.045 	 -2.141 	 -0.00706892 	 0 
0.05 	 -2.11 	 -0.00854919 	 0 
0.055 	 -2.079 	 -0.010169 	 0 
0.06 	 -2.049 	 -0.0119018 	 0 
0.065 	 -2.019 	 -0.0137702 	 0 
0.07 	 -2.001 	 -0.0149684 	 0 
0.075 	 -2 	 -0.0150367 	 0 
0.08 	 -1.989 	 -0.0159058 	 -1 
0.085 	 -1.96 	 -0.0183008 	 -1 
0.09 	 -1.929 	 -0.0210112 	 -1 
0.095 	 -1.899 	 -0.0237889 	 -1 
0.1 	 -1.874 	 -0.0264113 	 -1 
0.105 	 -1.836 	 -0.0300892 	 -1 
0.11 	 -1.803 	 -0.0336374 	 -1 
0.115 	 -1.77 	 -0.0373512 	 -1 
0.12 	 -1.736 	 -0.0413478 	 -1 
0.125 	 -1.702 	 -0.0455127 	 -1 
0.13 	 -1.667 	 -0.0499739 	 -1 
0.135 	 -1.631 	 -0.0547431 	 -1 
0.14 	 -1.595 	 -0.0596932 	 -1 
0.145 	 -1.558 	 -0.064964 	 -1 
0.15 	 -1.522 	 -0.0702769 	 -1 
0.155 	 -1.484 	 -0.076073 	 -1 
0.16 	 -1.447 	 -0.0818997 	 -1 
0.165 	 -1.409 	 -0.0880741 	 -1 
0.17 	 -1.371 	 -0.0944432 	 -1 
0.175 	 -1.333 	 -0.101 	 -1 
0.18 	 -1.295 	 -0.107738 	 -1 
0.185 	 -1.256 	 -0.114857 	 -1 
0.19 	 -1.218 	 -0.121985 	 -1 
0.195 	 -1.18 	 -0.129297 	 -1 
0.2 	 -1.141 	 -0.137002 	 -1 
0.205 	 -1.103 	 -0.144698 	 -1 
0.21 	 -1.065 	 -0.152584 	 -1 
0.215 	 -1.027 	 -0.160654 	 -1 
0.22 	 -0.99 	 -0.168708 	 -1 
0.225 	 -0.954 	 -0.176714 	 -1 
0.23 	 -0.918 	 -0.184904 	 -1 
0.235 	 -0.884 	 -0.192806 	 -1 
0.24 	 -0.856 	 -0.199531 	 -1 
0.245 	 -0.823 	 -0.207479 	 -1 
0.25 	 -0.791 	 -0.215331 	 -1 
0.255 	 -0.763 	 -0.222372 	 -1 
0.26 	 -0.736 	 -0.229296 	 -1 
0.265 	 -0.712 	 -0.235587 	 -1 
0.27 	 -0.689 	 -0.241729 	 -1 
0.275 	 -0.669 	 -0.247222 	 -1 
0.28 	 -0.649 	 -0.25278 	 -1 
0.285 	 -0.629 	 -0.258435 	 -1 
0.29 	 -0.61 	 -0.263907 	 -1 
0.295 	 -0.591 	 -0.26947 	 -1 
0.3 	 -0.573 	 -0.27484 	 -1 
0.305 	 -0.554 	 -0.28058 	 -1 
0.31 	 -0.536 	 -0.286116 	 -1 
0.315 	 -0.518 	 -0.291743 	 -1 
0.32 	 -0.5 	 -0.297453 	 -1 
0.325 	 -0.483 	 -0.302931 	 -1 
0.33 	 -0.466 	 -0.308509 	 -1 
0.335 	 -0.448 	 -0.314481 	 -1 
0.34 	 -0.431 	 -0.320218 	 -1 
0.345 	 -0.414 	 -0.326063 	 -1 
0.35 	 -0.398 	 -0.331638 	 -1 
0.355 	 -0.381 	 -0.337618 	 -1 
0.36 	 -0.364 	 -0.343695 	 -1 
0.365 	 -0.348 	 -0.349498 	 -1 
0.37 	 -0.331 	 -0.355741 	 -1 
0.375 	 -0.315 	 -0.361703 	 -1 
0.38 	 -0.299 	 -0.367674 	 -1 
0.385 	 -0.283 	 -0.373794 	 -1 
0.39 	 -0.267 	 -0.380074 	 -1 
0.395 	 -0.251 	 -0.386339 	 -1 
0.4 	 -0.235 	 -0.392699 	 -1 
0.405 	 -0.219 	 -0.399138 	 -1 
0.41 	 -0.204 	 -0.405258 	 -1 
0.415 	 -0.188 	 -0.411848 	 -1 
0.42 	 -0.172 	 -0.418527 	 -1 
0.425 	 -0.157 	 -0.424867 	 -1 
0.43 	 -0.142 	 -0.431289 	 -1 
0.435 	 -0.126 	 -0.438197 	 -1 
0.44 	 -0.111 	 -0.444762 	 -1 
0.445 	 -0.096 	 -0.4514 	 -1 
0.45 	 -0.081 	 -0.458112 	 -1 
0.455 	 -0.066 	 -0.464899 	 -1 
0.46 	 -0.051 	 -0.47176 	 -1 
0.465 	 -0.036 	 -0.478697 	 -1 
0.47 	 -0.021 	 -0.485708 	 -1 
0.475 	 -0.006 	 -0.49279 	 -1 
0.48 	 0 	 -0.495649 	 -1 
0.485 	 0.001 	 -0.496136 	 0 
0.49 	 0.009 	 -0.500037 	 0 
0.495 	 0.024 	 -0.507423 	 0 
0.5 	 0.039 	 -0.514921 	 0 
0.505 	 0.055 	 -0.52293 	 0 
0.51 	 0.07 	 -0.530544 	 0 
0.515 	 0.085 	 -0.538225 	 0 
0.52 	 0.1 	 -0.546019 	 0 
0.525 	 0.116 	 -0.554346 	 0 
0.53 	 0.131 	 -0.562258 	 0 
0.535 	 0.147 	 -0.570777 	 0 
0.54 	 0.163 	 -0.579377 	 0 
0.545 	 0.179 	 -0.588065 	 0 
0.55 	 0.195 	 -0.596827 	 0 
0.555 	 0.211 	 -0.60567 	 0 
0.56 	 0.227 	 -0.614585 	 0 
0.565 	 0.243 	 -0.623586 	 0 
0.57 	 0.259 	 -0.632665 	 0 
0.575 	 0.276 	 -0.642397 	 0 
0.58 	 0.293 	 -0.652221 	 0 
0.585 	 0.309 	 -0.661536 	 0 
0.59 	 0.326 	 -0.671522 	 0 
0.595 	 0.343 	 -0.681594 	 0 
0.6 	 0.36 	 -0.691751 	 0 
0.605 	 0.377 	 -0.701992 	 0 
0.61 	 0.395 	 -0.712932 	 0 
0.615 	 0.412 	 -0.72334 	 0 
0.62 	 0.43 	 -0.734461 	 0 
0.625 	 0.447 	 -0.745039 	 0 
0.63 	 0.465 	 -0.756334 	 0 
0.635 	 0.483 	 -0.76772 	 0 
0.64 	 0.501 	 -0.779196 	 0 
0.645 	 0.519 	 -0.790763 	 0 
0.65 	 0.537 	 -0.802418 	 0 
0.655 	 0.555 	 -0.814163 	 0 
0.66 	 0.574 	 -0.82666 	 0 
0.665 	 0.592 	 -0.838581 	 0 
0.67 	 0.611 	 -0.851268 	 0 
0.675 	 0.629 	 -0.863369 	 0 
0.68 	 0.648 	 -0.87624 	 0 
0.685 	 0.667 	 -0.889206 	 0 
0.69 	 0.686 	 -0.902268 	 0 
0.695 	 0.705 	 -0.915416 	 0 
0.7 	 0.725 	 -0.929376 	 0 
0.705 	 0.744 	 -0.942721 	 0 
0.71 	 0.764 	 -0.956875 	 0 
0.715 	 0.783 	 -0.970409 	 0 
0.72 	 0.803 	 -0.984758 	 0 
0.725 	 0.823 	 -0.999208 	 0 
0.73 	 0.843 	 -1.01376 	 0 
0.735 	 0.863 	 -1.02841 	 0 
0.74 	 0.884 	 -1.0439 	 0 
0.745 	 0.904 	 -1.05875 	 0 
0.75 	 0.925 	 -1.07445 	 0 
0.755 	 0.945 	 -1.08949 	 0 
0.76 	 0.966 	 -1.1054 	 0 
0.765 	 0.987 	 -1.12141 	 0 
0.77 	 1.008 	 -1.13753 	 0 
0.775 	 1.03 	 -1.15453 	 0 
0.78 	 1.051 	 -1.17085 	 0 
0.785 	 1.073 	 -1.18807 	 0 
0.79 	 1.095 	 -1.20543 	 0 
0.795 	 1.117 	 -1.22286 	 0 
0.8 	 1.139 	 -1.24038 	 0 
0.805 	 1.161 	 -1.25804 	 0 
0.81 	 1.183 	 -1.2758 	 0 
0.815 	 1.206 	 -1.29449 	 0 
0.82 	 1.229 	 -1.31329 	 0 
0.825 	 1.252 	 -1.33221 	 0 
0.83 	 1.275 	 -1.35125 	 0 
0.835 	 1.298 	 -1.37035 	 0 
0.84 	 1.322 	 -1.39049 	 0 
0.845 	 1.346 	 -1.41071 	 0 
0.85 	 1.37 	 -1.43105 	 0 
0.855 	 1.394 	 -1.45151 	 0 
0.86 	 1.419 	 -1.47295 	 0 
0.865 	 1.444 	 -1.49454 	 0 
0.87 	 1.469 	 -1.51623 	 0 
0.875 	 1.494 	 -1.53802 	 0 
0.88 	 1.519 	 -1.55995 	 0 
0.885 	 1.545 	 -1.58289 	 0 
0.89 	 1.571 	 -1.60597 	 0 
0.895 	 1.598 	 -1.6301 	 0 
0.9 	 1.624 	 -1.6534 	 0 
0.905 	 1.651 	 -1.67777 	 0 
0.91 	 1.678 	 -1.70224 	 0 
0.915 	 1.706 	 -1.72782 	 0 
0.92 	 1.734 	 -1.75351 	 0 
0.925 	 1.763 	 -1.78029 	 0 
0.93 	 1.791 	 -1.80623 	 0 
0.935 	 1.82 	 -1.83327 	 0 
0.94 	 1.85 	 -1.8614 	 0 
0.945 	 1.879 	 -1.8887 	 0 
0.95 	 1.91 	 -1.9181 	 0 
0.955 	 1.941 	 -1.94763 	 0 
0.96 	 1.973 	 -1.97829 	 0 
0.965 	 2.004 	 -2.00811 	 0 
0.97 	 2.036 	 -2.03905 	 0 
0.975 	 2.069 	 -2.07115 	 0 
0.98 	 2.103 	 -2.10439 	 0 
0.985 	 2.138 	 -2.13879 	 0 
0.99 	 2.172 	 -2.17236 	 0 
0.995 	 2.208 	 -2.20809 	 0 
