d 	 Delta11kF 	 Delta12kF 	 Emin 	 check 	 CS11 

 
0.748 	 0.295348 	 0.277423 	 0.40633 	 55 	 0.721051 
0.7478 	 0.294972 	 0.278053 	 0.406503 	 10 	 0.719898 
0.7476 	 0.2941 	 0.279135 	 0.406637 	 14 	 0.717608 
0.7474 	 0.293234 	 0.280201 	 0.406778 	 13 	 0.715344 
0.7472 	 0.292267 	 0.281355 	 0.406912 	 15 	 0.712845 
0.747 	 0.291349 	 0.282463 	 0.407047 	 15 	 0.710448 
0.7468 	 0.290464 	 0.283528 	 0.407189 	 14 	 0.708145 
0.7466 	 0.289545 	 0.284621 	 0.407332 	 14 	 0.705758 
0.7464 	 0.288589 	 0.285741 	 0.407472 	 15 	 0.703288 
0.7462 	 0.287653 	 0.286844 	 0.407612 	 15 	 0.700849 
0.746 	 0.286751 	 0.287902 	 0.407757 	 14 	 0.698508 
0.7458 	 0.285818 	 0.288985 	 0.407905 	 14 	 0.696091 
0.7456 	 0.284843 	 0.290098 	 0.40805 	 15 	 0.693579 
0.7454 	 0.283864 	 0.291209 	 0.408195 	 16 	 0.691057 
0.7452 	 0.282937 	 0.292275 	 0.408342 	 15 	 0.688644 
0.745 	 0.282031 	 0.293313 	 0.408498 	 13 	 0.686294 
0.7448 	 0.281017 	 0.294437 	 0.408645 	 15 	 0.683692 
0.7446 	 0.280024 	 0.295537 	 0.408796 	 16 	 0.68114 
0.7444 	 0.279038 	 0.296632 	 0.408945 	 16 	 0.678591 
0.7442 	 0.278091 	 0.29768 	 0.409101 	 15 	 0.676149 
0.744 	 0.27714 	 0.29873 	 0.40926 	 14 	 0.673696 
0.7438 	 0.27613 	 0.299821 	 0.409415 	 15 	 0.671105 
0.7436 	 0.275104 	 0.30092 	 0.409571 	 16 	 0.66848 
0.7434 	 0.274078 	 0.302012 	 0.409728 	 17 	 0.665856 
0.7432 	 0.273098 	 0.303069 	 0.409886 	 16 	 0.663323 
0.743 	 0.272109 	 0.304121 	 0.410049 	 15 	 0.660783 
0.7428 	 0.271097 	 0.305188 	 0.410213 	 15 	 0.65819 
0.7426 	 0.27006 	 0.306266 	 0.410375 	 16 	 0.655543 
0.7424 	 0.269005 	 0.307353 	 0.410537 	 17 	 0.652852 
0.7422 	 0.267948 	 0.308436 	 0.410701 	 18 	 0.650157 
0.742 	 0.266932 	 0.309489 	 0.410866 	 17 	 0.647545 
0.7418 	 0.265907 	 0.310536 	 0.411035 	 16 	 0.644925 
0.7416 	 0.264897 	 0.311568 	 0.411209 	 15 	 0.64234 
0.7414 	 0.263826 	 0.312639 	 0.411378 	 16 	 0.639617 
0.7412 	 0.262732 	 0.313722 	 0.411547 	 17 	 0.636838 
0.741 	 0.261662 	 0.314782 	 0.411719 	 17 	 0.634115 
0.7408 	 0.260543 	 0.315871 	 0.41189 	 19 	 0.63128 
0.7406 	 0.259462 	 0.316927 	 0.412064 	 19 	 0.628536 
0.7404 	 0.258387 	 0.317981 	 0.412237 	 18 	 0.625787 
0.7402 	 0.257331 	 0.319007 	 0.412415 	 17 	 0.6231 
0.74 	 0.256244 	 0.32005 	 0.412594 	 17 	 0.620342 
0.7398 	 0.255165 	 0.321085 	 0.412779 	 16 	 0.617601 
0.7396 	 0.254029 	 0.322152 	 0.412958 	 17 	 0.614728 
0.7394 	 0.252883 	 0.323221 	 0.413138 	 18 	 0.611834 
0.7392 	 0.251757 	 0.324269 	 0.41332 	 18 	 0.608988 
0.739 	 0.250601 	 0.325333 	 0.413503 	 19 	 0.606069 
0.7388 	 0.249438 	 0.326396 	 0.413687 	 20 	 0.603137 
0.7386 	 0.248289 	 0.327442 	 0.413873 	 20 	 0.600238 
0.7384 	 0.247116 	 0.3285 	 0.414059 	 21 	 0.597284 
0.7382 	 0.245973 	 0.32954 	 0.414245 	 20 	 0.594382 
0.738 	 0.244811 	 0.330578 	 0.414435 	 20 	 0.591454 
0.7378 	 0.243639 	 0.331618 	 0.414625 	 20 	 0.588503 
0.7376 	 0.242478 	 0.332644 	 0.414819 	 19 	 0.585579 
0.7374 	 0.241278 	 0.33369 	 0.415011 	 20 	 0.582563 
0.7372 	 0.240094 	 0.33472 	 0.415207 	 19 	 0.579587 
0.737 	 0.238876 	 0.335765 	 0.415402 	 20 	 0.576531 
0.7368 	 0.237682 	 0.33679 	 0.4156 	 19 	 0.573531 
0.7366 	 0.236439 	 0.337841 	 0.415797 	 20 	 0.570417 
0.7364 	 0.235206 	 0.338878 	 0.41588 	 20 	 0.567329 
0.7362 	 0.233974 	 0.339909 	 0.415911 	 20 	 0.564241 
0.736 	 0.232728 	 0.340943 	 0.415945 	 20 	 0.561121 
0.7358 	 0.231456 	 0.341986 	 0.415976 	 21 	 0.557944 
0.7356 	 0.23019 	 0.34302 	 0.41601 	 21 	 0.554779 
0.7354 	 0.228913 	 0.344053 	 0.416045 	 21 	 0.551591 
0.7352 	 0.227627 	 0.345087 	 0.416082 	 21 	 0.54838 
0.735 	 0.226338 	 0.346116 	 0.41612 	 21 	 0.545163 
0.7348 	 0.225012 	 0.34716 	 0.416157 	 22 	 0.541861 
0.7346 	 0.223704 	 0.348187 	 0.416198 	 22 	 0.538602 
0.7344 	 0.222379 	 0.349218 	 0.416239 	 22 	 0.535304 
0.7342 	 0.221026 	 0.350259 	 0.41628 	 23 	 0.531939 
0.734 	 0.219666 	 0.351297 	 0.416323 	 24 	 0.528559 
0.7338 	 0.218305 	 0.352329 	 0.416367 	 24 	 0.525177 
0.7336 	 0.216915 	 0.353371 	 0.416412 	 25 	 0.52173 
0.7334 	 0.215519 	 0.354409 	 0.416458 	 26 	 0.518266 
0.7332 	 0.21411 	 0.355448 	 0.416505 	 27 	 0.514775 
0.733 	 0.212714 	 0.356462 	 0.416543 	 27 	 0.511333 
0.7328 	 0.211308 	 0.357486 	 0.416595 	 27 	 0.507848 
0.7326 	 0.209914 	 0.358496 	 0.41665 	 26 	 0.504392 
0.7324 	 0.208488 	 0.359516 	 0.416705 	 26 	 0.500864 
0.7322 	 0.207067 	 0.360527 	 0.416762 	 25 	 0.497346 
0.732 	 0.205615 	 0.361547 	 0.416819 	 25 	 0.493758 
0.7318 	 0.20415 	 0.362564 	 0.416875 	 25 	 0.490143 
0.7316 	 0.202657 	 0.363591 	 0.416931 	 26 	 0.48646 
0.7314 	 0.201127 	 0.364629 	 0.416988 	 28 	 0.482691 
0.7312 	 0.199592 	 0.365663 	 0.417047 	 29 	 0.478909 
0.731 	 0.198024 	 0.366705 	 0.417107 	 31 	 0.475051 
0.7308 	 0.196481 	 0.367717 	 0.417159 	 31 	 0.47127 
0.7306 	 0.19494 	 0.368731 	 0.417225 	 30 	 0.467478 
0.7304 	 0.193405 	 0.369734 	 0.417294 	 29 	 0.463699 
0.7302 	 0.191855 	 0.370738 	 0.417365 	 28 	 0.459885 
0.73 	 0.190248 	 0.371756 	 0.417429 	 29 	 0.455945 
0.7298 	 0.188599 	 0.372789 	 0.417496 	 31 	 0.451903 
0.7296 	 0.186908 	 0.373834 	 0.417563 	 34 	 0.447761 
0.7294 	 0.185212 	 0.374863 	 0.417621 	 36 	 0.443624 
0.7292 	 0.183579 	 0.375865 	 0.417698 	 34 	 0.439619 
0.729 	 0.181941 	 0.376861 	 0.417777 	 32 	 0.435605 
0.7288 	 0.180255 	 0.377867 	 0.417853 	 32 	 0.431481 
0.7286 	 0.178508 	 0.378892 	 0.417927 	 34 	 0.427213 
0.7284 	 0.176698 	 0.379937 	 0.418001 	 38 	 0.422797 
0.7282 	 0.174888 	 0.380963 	 0.418067 	 40 	 0.418397 
0.728 	 0.173157 	 0.381956 	 0.418153 	 37 	 0.414167 
0.7278 	 0.171401 	 0.382951 	 0.41824 	 35 	 0.40988 
0.7276 	 0.16958 	 0.383959 	 0.41832 	 36 	 0.405445 
0.7274 	 0.167656 	 0.385003 	 0.418401 	 41 	 0.400765 
0.7272 	 0.165711 	 0.386035 	 0.418471 	 45 	 0.396052 
0.727 	 0.163865 	 0.387028 	 0.418564 	 41 	 0.391554 
0.7268 	 0.162011 	 0.388015 	 0.418658 	 38 	 0.387041 
0.7266 	 0.160029 	 0.389036 	 0.418742 	 42 	 0.382231 
0.7264 	 0.157956 	 0.390085 	 0.418829 	 48 	 0.377205 
0.7262 	 0.155935 	 0.391093 	 0.41891 	 48 	 0.372316 
0.726 	 0.153988 	 0.392074 	 0.419011 	 43 	 0.367586 
0.7258 	 0.15193 	 0.393079 	 0.419103 	 45 	 0.362602 
0.7256 	 0.149726 	 0.394128 	 0.419195 	 53 	 0.35727 
0.7254 	 0.147562 	 0.395141 	 0.41928 	 54 	 0.352047 
0.7252 	 0.145475 	 0.396126 	 0.419386 	 49 	 0.346991 
0.725 	 0.143296 	 0.397125 	 0.419484 	 50 	 0.341726 
0.7248 	 0.140924 	 0.39818 	 0.41958 	 61 	 0.336002 
0.7246 	 0.138651 	 0.399178 	 0.419673 	 59 	 0.330527 
0.7244 	 0.136422 	 0.40016 	 0.419785 	 54 	 0.325141 
0.7242 	 0.134009 	 0.40118 	 0.419885 	 61 	 0.319328 
0.724 	 0.131463 	 0.402221 	 0.419975 	 71 	 0.313212 
0.7238 	 0.129099 	 0.403202 	 0.42009 	 63 	 0.307512 
0.7236 	 0.126636 	 0.404193 	 0.4202 	 63 	 0.301583 
0.7234 	 0.123902 	 0.40525 	 0.420304 	 79 	 0.295012 
0.7232 	 0.121306 	 0.40624 	 0.420408 	 75 	 0.288782 
0.723 	 0.118724 	 0.407216 	 0.420525 	 70 	 0.282573 
0.7228 	 0.115817 	 0.408265 	 0.420634 	 87 	 0.2756 
0.7226 	 0.112965 	 0.409269 	 0.42074 	 88 	 0.268769 
0.7224 	 0.110183 	 0.410246 	 0.420864 	 81 	 0.262091 
0.7222 	 0.107041 	 0.411288 	 0.420975 	 101 	 0.254568 
0.722 	 0.103938 	 0.412291 	 0.421085 	 103 	 0.247146 
0.7218 	 0.100896 	 0.413267 	 0.421214 	 95 	 0.239859 
0.7216 	 0.0974086 	 0.414316 	 0.421328 	 123 	 0.231525 
0.7214 	 0.0940064 	 0.415311 	 0.421443 	 123 	 0.2234 
0.7212 	 0.0905996 	 0.416286 	 0.421572 	 118 	 0.215258 
0.721 	 0.0866082 	 0.417352 	 0.421691 	 162 	 0.205734 
0.7208 	 0.0828841 	 0.418321 	 0.421815 	 148 	 0.196852 
0.7206 	 0.0788203 	 0.419324 	 0.421943 	 167 	 0.187162 
0.7204 	 0.0742854 	 0.420361 	 0.422058 	 211 	 0.176366 
0.7202 	 0.0699813 	 0.421326 	 0.422201 	 192 	 0.166108 
0.72 	 0.0648091 	 0.42237 	 0.422326 	 268 	 0.153802 
0.7198 	 0.0595174 	 0.423363 	 0.422453 	 291 	 0.14122 
0.7196 	 0.053792 	 0.424351 	 0.422591 	 333 	 0.127608 
0.7194 	 0.0467482 	 0.425396 	 0.422711 	 510 	 0.110881 
0.7192 	 0.0395216 	 0.426359 	 0.422861 	 551 	 0.0937184 
0.719 	 0.0292305 	 0.427407 	 0.422992 	 1137 	 0.0693015 
0.7188 	 0.0160852 	 0.428338 	 0.423151 	 2000 	 0.0381265 
0.7186 	 0.00493623 	 0.428925 	 0.423431 	 2000 	 0.0116937 
0.7184 	 0.000538553 	 0.429332 	 0.423802 	 2000 	 0.00127478 
0.7182 	 7.74679e-05 	 0.429697 	 0.42416 	 1167 	 0.00018323 
0.718 	 7.69917e-05 	 0.430065 	 0.42451 	 2 	 0.000181963 
0.7178 	 7.63839e-05 	 0.430435 	 0.424876 	 2 	 0.000180387 
0.7176 	 7.56521e-05 	 0.430812 	 0.425245 	 2 	 0.000178515 
0.7174 	 7.47974e-05 	 0.43118 	 0.425607 	 2 	 0.000176363 
0.7172 	 7.38257e-05 	 0.43155 	 0.425973 	 2 	 0.000173938 
0.717 	 7.27431e-05 	 0.431928 	 0.426342 	 2 	 0.000171249 
0.7168 	 7.15486e-05 	 0.4323 	 0.426711 	 2 	 0.000168307 
0.7166 	 7.02542e-05 	 0.432678 	 0.42708 	 2 	 0.000165128 
0.7164 	 6.88637e-05 	 0.433047 	 0.427444 	 2 	 0.000161736 
0.7162 	 6.73852e-05 	 0.433418 	 0.427811 	 2 	 0.000158142 
0.716 	 6.58266e-05 	 0.433798 	 0.428181 	 2 	 0.00015436 
0.7158 	 6.41897e-05 	 0.434171 	 0.428552 	 2 	 0.000150405 
0.7156 	 6.24871e-05 	 0.434551 	 0.428923 	 2 	 0.000146297 
0.7154 	 6.07216e-05 	 0.434924 	 0.429293 	 2 	 0.000142054 
0.7152 	 5.89057e-05 	 0.435304 	 0.429665 	 2 	 0.000137695 
0.715 	 5.70451e-05 	 0.435676 	 0.430031 	 2 	 0.000133244 
0.7148 	 5.5149e-05 	 0.436048 	 0.4304 	 2 	 0.000128716 
0.7146 	 5.32255e-05 	 0.436429 	 0.430772 	 2 	 0.000124126 
0.7144 	 5.12777e-05 	 0.436804 	 0.431144 	 2 	 0.000119491 
0.7142 	 4.93175e-05 	 0.437186 	 0.431517 	 2 	 0.000114831 
0.714 	 4.73501e-05 	 0.437558 	 0.431885 	 2 	 0.000110166 
0.7138 	 4.53835e-05 	 0.437932 	 0.432255 	 2 	 0.000105509 
0.7136 	 4.34249e-05 	 0.438315 	 0.432629 	 2 	 0.000100874 
0.7134 	 4.14771e-05 	 0.438691 	 0.433002 	 2 	 9.62753e-05 
0.7132 	 3.95494e-05 	 0.439074 	 0.433376 	 2 	 9.1727e-05 
0.713 	 3.76444e-05 	 0.43945 	 0.433751 	 2 	 8.72413e-05 
0.7128 	 3.57704e-05 	 0.439834 	 0.434125 	 2 	 8.28315e-05 
0.7126 	 3.39309e-05 	 0.440208 	 0.434495 	 2 	 7.85118e-05 
0.7124 	 3.21311e-05 	 0.440584 	 0.434867 	 2 	 7.42902e-05 
0.7122 	 3.03753e-05 	 0.440968 	 0.435243 	 2 	 7.01741e-05 
0.712 	 2.86644e-05 	 0.441346 	 0.435618 	 2 	 6.61705e-05 
0.7118 	 2.70041e-05 	 0.441731 	 0.435994 	 2 	 6.22876e-05 
0.7116 	 2.5396e-05 	 0.442106 	 0.436366 	 2 	 5.85337e-05 
0.7114 	 2.3843e-05 	 0.442483 	 0.436739 	 2 	 5.4912e-05 
0.7112 	 2.2347e-05 	 0.442869 	 0.437116 	 2 	 5.14253e-05 
0.711 	 2.09078e-05 	 0.443248 	 0.437493 	 2 	 4.80763e-05 
0.7108 	 1.95282e-05 	 0.443634 	 0.437871 	 2 	 4.48677e-05 
0.7106 	 1.82081e-05 	 0.444011 	 0.438243 	 2 	 4.18027e-05 
0.7104 	 1.69483e-05 	 0.444389 	 0.438619 	 2 	 3.88806e-05 
0.7102 	 1.5749e-05 	 0.444776 	 0.438997 	 2 	 3.61003e-05 
0.71 	 1.46086e-05 	 0.445157 	 0.439375 	 2 	 3.34605e-05 

 
0.748 	 0.295362 	 0.27741 	 0.40633 	 53 	 0.721085 
0.7482 	 0.296281 	 0.276282 	 0.4062 	 14 	 0.723472 
0.7484 	 0.297231 	 0.275116 	 0.406073 	 16 	 0.725934 
0.7486 	 0.298018 	 0.274098 	 0.405935 	 12 	 0.728025 
0.7488 	 0.298936 	 0.272953 	 0.405808 	 14 	 0.730412 
0.749 	 0.299857 	 0.271798 	 0.405683 	 15 	 0.732808 
0.7492 	 0.300733 	 0.270675 	 0.405556 	 15 	 0.735111 
0.7494 	 0.30156 	 0.269602 	 0.405427 	 13 	 0.737285 
0.7496 	 0.302468 	 0.268441 	 0.405305 	 15 	 0.739652 
0.7498 	 0.30336 	 0.267283 	 0.405183 	 16 	 0.741996 
0.75 	 0.304146 	 0.266235 	 0.405055 	 13 	 0.744075 
0.7502 	 0.305042 	 0.265068 	 0.404936 	 15 	 0.746415 
0.7504 	 0.305939 	 0.263893 	 0.404819 	 17 	 0.748759 
0.7506 	 0.306698 	 0.26285 	 0.404693 	 13 	 0.750788 
0.7508 	 0.307583 	 0.261675 	 0.404577 	 15 	 0.753105 
0.751 	 0.308468 	 0.260494 	 0.404463 	 17 	 0.755422 
0.7512 	 0.309222 	 0.259441 	 0.404341 	 13 	 0.75744 
0.7514 	 0.310111 	 0.258242 	 0.404229 	 16 	 0.759768 
0.7516 	 0.310946 	 0.257089 	 0.404115 	 16 	 0.761982 
0.7518 	 0.311737 	 0.255984 	 0.404 	 14 	 0.764078 
0.752 	 0.312585 	 0.25481 	 0.40389 	 16 	 0.766311 
0.7522 	 0.313368 	 0.253697 	 0.403776 	 14 	 0.768402 
0.7524 	 0.314205 	 0.252521 	 0.403667 	 15 	 0.770611 
0.7526 	 0.315052 	 0.251329 	 0.403561 	 17 	 0.772843 
0.7528 	 0.315779 	 0.250261 	 0.403447 	 13 	 0.774802 
0.753 	 0.316638 	 0.249041 	 0.403344 	 16 	 0.777065 
0.7532 	 0.317447 	 0.247866 	 0.403239 	 16 	 0.779221 
0.7534 	 0.318226 	 0.246725 	 0.403132 	 15 	 0.781293 
0.7536 	 0.31907 	 0.245501 	 0.403032 	 18 	 0.783523 
0.7538 	 0.319774 	 0.244431 	 0.402923 	 13 	 0.78543 
0.754 	 0.320629 	 0.243179 	 0.402826 	 17 	 0.787688 
0.7542 	 0.321403 	 0.242014 	 0.402725 	 16 	 0.789762 
0.7544 	 0.322185 	 0.240836 	 0.402625 	 16 	 0.791846 
0.7546 	 0.322997 	 0.239608 	 0.402528 	 18 	 0.794016 
0.7548 	 0.323724 	 0.238486 	 0.402428 	 15 	 0.795967 
0.755 	 0.324537 	 0.237249 	 0.402334 	 18 	 0.798129 
0.7552 	 0.325237 	 0.236141 	 0.402234 	 14 	 0.800028 
0.7554 	 0.326064 	 0.234872 	 0.402144 	 18 	 0.802225 
0.7556 	 0.326804 	 0.233701 	 0.402049 	 16 	 0.804222 
0.7558 	 0.327575 	 0.232488 	 0.401957 	 17 	 0.806285 
0.756 	 0.328336 	 0.231275 	 0.401866 	 17 	 0.808335 
0.7562 	 0.329068 	 0.230098 	 0.401774 	 16 	 0.810305 
0.7564 	 0.329868 	 0.228819 	 0.401687 	 19 	 0.812451 
0.7566 	 0.330572 	 0.227665 	 0.401596 	 16 	 0.814353 
0.7568 	 0.331367 	 0.226381 	 0.401513 	 20 	 0.816481 
0.757 	 0.332056 	 0.225228 	 0.401422 	 16 	 0.818358 
0.7572 	 0.332845 	 0.223937 	 0.401341 	 20 	 0.820472 
0.7574 	 0.333527 	 0.22278 	 0.401252 	 16 	 0.822334 
0.7576 	 0.334314 	 0.221474 	 0.401173 	 20 	 0.824445 
0.7578 	 0.334986 	 0.220316 	 0.401086 	 16 	 0.826284 
0.758 	 0.335764 	 0.219007 	 0.401008 	 20 	 0.828374 
0.7582 	 0.336433 	 0.217839 	 0.400924 	 16 	 0.830206 
0.7584 	 0.337216 	 0.216505 	 0.400849 	 21 	 0.83231 
0.7586 	 0.337894 	 0.21531 	 0.400767 	 17 	 0.834166 
0.7588 	 0.338661 	 0.213977 	 0.400692 	 21 	 0.836241 
0.759 	 0.339329 	 0.212784 	 0.400614 	 17 	 0.838066 
0.7592 	 0.340084 	 0.21145 	 0.40054 	 21 	 0.840115 
0.7594 	 0.340755 	 0.210238 	 0.400464 	 18 	 0.841946 
0.7596 	 0.341487 	 0.20892 	 0.400392 	 21 	 0.843941 
0.7598 	 0.342172 	 0.20767 	 0.400319 	 19 	 0.845809 
0.76 	 0.342876 	 0.206379 	 0.400247 	 20 	 0.847734 
0.7602 	 0.343584 	 0.205074 	 0.400177 	 20 	 0.849663 
0.7604 	 0.344249 	 0.203826 	 0.400106 	 18 	 0.851492 
0.7606 	 0.344986 	 0.202458 	 0.40004 	 22 	 0.853495 
0.7608 	 0.345632 	 0.201222 	 0.399969 	 18 	 0.855278 
0.761 	 0.346373 	 0.199824 	 0.399905 	 23 	 0.857301 
0.7612 	 0.347015 	 0.198579 	 0.399838 	 19 	 0.85907 
0.7614 	 0.347724 	 0.197214 	 0.399774 	 22 	 0.861012 
0.7616 	 0.348398 	 0.195898 	 0.39971 	 21 	 0.862863 
0.7618 	 0.349043 	 0.194618 	 0.399645 	 19 	 0.864649 
0.762 	 0.349771 	 0.193193 	 0.399587 	 24 	 0.866636 
0.7622 	 0.350404 	 0.191914 	 0.399523 	 20 	 0.868393 
0.7624 	 0.351112 	 0.190497 	 0.399465 	 24 	 0.870338 
0.7626 	 0.351767 	 0.189164 	 0.399406 	 22 	 0.872146 
0.7628 	 0.352401 	 0.187853 	 0.399345 	 20 	 0.873908 
0.763 	 0.353114 	 0.186396 	 0.399292 	 25 	 0.875863 
0.7632 	 0.353739 	 0.185083 	 0.399233 	 21 	 0.877602 
0.7634 	 0.354418 	 0.183659 	 0.399178 	 24 	 0.879482 
0.7636 	 0.355079 	 0.182262 	 0.399125 	 24 	 0.881307 
0.7638 	 0.355696 	 0.18093 	 0.399069 	 21 	 0.88303 
0.764 	 0.356408 	 0.179411 	 0.399019 	 28 	 0.884993 
0.7642 	 0.357022 	 0.178066 	 0.398967 	 23 	 0.886703 
0.7644 	 0.357656 	 0.176666 	 0.398915 	 23 	 0.888474 
0.7646 	 0.358344 	 0.175156 	 0.398868 	 28 	 0.890373 
0.7648 	 0.358948 	 0.173793 	 0.398817 	 23 	 0.892065 
0.765 	 0.359595 	 0.172331 	 0.398769 	 25 	 0.893871 
0.7652 	 0.360259 	 0.170827 	 0.398724 	 28 	 0.895714 
0.7654 	 0.360865 	 0.169422 	 0.398677 	 24 	 0.897415 
0.7656 	 0.361507 	 0.167932 	 0.398631 	 26 	 0.899208 
0.7658 	 0.362168 	 0.166389 	 0.398589 	 30 	 0.901048 
0.766 	 0.362763 	 0.164969 	 0.398544 	 25 	 0.902722 
0.7662 	 0.363397 	 0.163452 	 0.398501 	 27 	 0.904498 
0.7664 	 0.364051 	 0.161879 	 0.398462 	 31 	 0.906323 
0.7666 	 0.364647 	 0.160415 	 0.39842 	 27 	 0.908001 
0.7668 	 0.365257 	 0.158903 	 0.398379 	 27 	 0.909721 
0.767 	 0.36592 	 0.157262 	 0.398315 	 34 	 0.911572 
0.7672 	 0.366512 	 0.155762 	 0.398136 	 29 	 0.913242 
0.7674 	 0.3671 	 0.154252 	 0.397958 	 27 	 0.914907 
0.7676 	 0.36775 	 0.152587 	 0.397778 	 33 	 0.916731 
0.7678 	 0.368365 	 0.150986 	 0.397587 	 33 	 0.91846 
0.768 	 0.368944 	 0.149448 	 0.397412 	 29 	 0.920102 
0.7682 	 0.369559 	 0.147807 	 0.397235 	 32 	 0.921841 
0.7684 	 0.370199 	 0.146089 	 0.397046 	 38 	 0.923641 
0.7686 	 0.370776 	 0.144503 	 0.396874 	 33 	 0.92528 
0.7688 	 0.371354 	 0.142896 	 0.396701 	 31 	 0.926923 
0.769 	 0.37198 	 0.14115 	 0.396528 	 37 	 0.928692 
0.7692 	 0.372591 	 0.139419 	 0.396343 	 39 	 0.930421 
0.7694 	 0.373164 	 0.137763 	 0.396174 	 35 	 0.932053 
0.7696 	 0.373735 	 0.136091 	 0.396005 	 33 	 0.933683 
0.7698 	 0.374359 	 0.134257 	 0.395835 	 41 	 0.935452 
0.77 	 0.374961 	 0.132459 	 0.395654 	 43 	 0.93716 
0.7702 	 0.375523 	 0.130742 	 0.395489 	 38 	 0.938768 
0.7704 	 0.376094 	 0.128977 	 0.395323 	 37 	 0.9404 
0.7706 	 0.376696 	 0.127099 	 0.395158 	 43 	 0.942115 
0.7708 	 0.377302 	 0.12518 	 0.39498 	 49 	 0.94384 
0.771 	 0.377863 	 0.123364 	 0.394818 	 44 	 0.945448 
0.7712 	 0.378421 	 0.121528 	 0.394657 	 41 	 0.947048 
0.7714 	 0.378992 	 0.119618 	 0.394494 	 43 	 0.94869 
0.7716 	 0.3796 	 0.117572 	 0.394333 	 53 	 0.950423 
0.7718 	 0.380174 	 0.115588 	 0.394161 	 53 	 0.952071 
0.772 	 0.380727 	 0.113642 	 0.394003 	 49 	 0.953661 
0.7722 	 0.381279 	 0.111665 	 0.393847 	 47 	 0.955249 
0.7724 	 0.381849 	 0.10958 	 0.393688 	 52 	 0.956895 
0.7726 	 0.382444 	 0.10738 	 0.393531 	 62 	 0.958599 
0.7728 	 0.383013 	 0.10522 	 0.393363 	 64 	 0.960237 
0.773 	 0.383559 	 0.103099 	 0.39321 	 60 	 0.961814 
0.7732 	 0.384103 	 0.10094 	 0.393058 	 58 	 0.963386 
0.7734 	 0.38465 	 0.0987112 	 0.392904 	 59 	 0.964974 
0.7736 	 0.385228 	 0.0963211 	 0.392752 	 71 	 0.96664 
0.7738 	 0.385808 	 0.0938617 	 0.3926 	 82 	 0.968313 
0.774 	 0.386351 	 0.0914767 	 0.392438 	 80 	 0.969891 
0.7742 	 0.386889 	 0.0890559 	 0.39229 	 78 	 0.971453 
0.7744 	 0.387423 	 0.0865861 	 0.392143 	 76 	 0.973003 
0.7746 	 0.38796 	 0.0840169 	 0.391995 	 78 	 0.97457 
0.7748 	 0.388522 	 0.0812611 	 0.391847 	 93 	 0.9762 
0.775 	 0.389088 	 0.0783903 	 0.391701 	 110 	 0.977841 
0.7752 	 0.389642 	 0.0754584 	 0.391543 	 123 	 0.979455 
0.7754 	 0.39017 	 0.0725494 	 0.3914 	 121 	 0.980996 
0.7756 	 0.390698 	 0.0695171 	 0.391259 	 123 	 0.982539 
0.7758 	 0.391224 	 0.0663581 	 0.391118 	 126 	 0.984076 
0.776 	 0.391749 	 0.0630401 	 0.390976 	 133 	 0.985615 
0.7762 	 0.392284 	 0.0594668 	 0.390834 	 154 	 0.987184 
0.7764 	 0.392835 	 0.0555697 	 0.390694 	 196 	 0.988792 
0.7766 	 0.393383 	 0.0513993 	 0.390555 	 244 	 0.990393 
0.7768 	 0.393924 	 0.0468933 	 0.390404 	 304 	 0.991982 
0.777 	 0.394443 	 0.0421233 	 0.390268 	 344 	 0.993506 
0.7772 	 0.394961 	 0.03675 	 0.390133 	 418 	 0.995028 
0.7774 	 0.395477 	 0.0304568 	 0.389998 	 556 	 0.996548 
0.7776 	 0.395992 	 0.0224868 	 0.389865 	 888 	 0.998064 
0.7778 	 0.396464 	 0.0108833 	 0.389748 	 2000 	 0.999457 
0.778 	 0.3966 	 0.00222875 	 0.389706 	 2000 	 0.999865 
0.7782 	 0.396606 	 0.000116823 	 0.389706 	 2000 	 0.999883 
0.7784 	 0.396606 	 8.71585e-05 	 0.389706 	 130 	 0.999883 
0.7786 	 0.396606 	 8.68875e-05 	 0.389706 	 0 	 0.999883 
0.7788 	 0.396606 	 8.65501e-05 	 0.389706 	 0 	 0.999883 
0.779 	 0.396606 	 8.61484e-05 	 0.389706 	 0 	 0.999883 
0.7792 	 0.396606 	 8.56834e-05 	 0.389706 	 0 	 0.999883 
0.7794 	 0.396606 	 8.51561e-05 	 0.389706 	 0 	 0.999883 
0.7796 	 0.396606 	 8.45677e-05 	 0.389706 	 0 	 0.999883 
0.7798 	 0.396606 	 8.39196e-05 	 0.389706 	 0 	 0.999883 
0.78 	 0.396606 	 8.32131e-05 	 0.389706 	 0 	 0.999883 


0.71 	 0
0.7101 	 0
0.7102 	 0
0.7103 	 0
0.7104 	 0
0.7105 	 0
0.7106 	 0
0.7107 	 0
0.7108 	 0
0.7109 	 0
0.711 	 0
0.7111 	 0
0.7112 	 0
0.7113 	 0
0.7114 	 0
0.7115 	 0
0.7116 	 0
0.7117 	 0
0.7118 	 0
0.7119 	 0
0.712 	 0
0.7121 	 0
0.7122 	 0
0.7123 	 0
0.7124 	 0
0.7125 	 0
0.7126 	 0
0.7127 	 0
0.7128 	 0
0.7129 	 0
0.713 	 0
0.7131 	 0
0.7132 	 0
0.7133 	 0
0.7134 	 0
0.7135 	 0
0.7136 	 0
0.7137 	 0
0.7138 	 0
0.7139 	 0
0.714 	 0
0.7141 	 0
0.7142 	 0
0.7143 	 0
0.7144 	 0
0.7145 	 0
0.7146 	 0
0.7147 	 0
0.7148 	 0
0.7149 	 0
0.715 	 0
0.7151 	 0
0.7152 	 0
0.7153 	 0
0.7154 	 0
0.7155 	 0
0.7156 	 0
0.7157 	 0
0.7158 	 0
0.7159 	 0
0.716 	 0
0.7161 	 0
0.7162 	 0
0.7163 	 0
0.7164 	 0
0.7165 	 0
0.7166 	 0
0.7167 	 0
0.7168 	 0
0.7169 	 0
0.717 	 0
0.7171 	 0
0.7172 	 0
0.7173 	 0
0.7174 	 0
0.7175 	 0
0.7176 	 0
0.7177 	 0
0.7178 	 0
0.7179 	 0
0.718 	 0
0.7181 	 0
0.7182 	 0
0.7183 	 0
0.7184 	 0
0.7185 	 0
0.7186 	 0
0.7187 	 0
0.7188 	 0
0.7189 	 0
0.719 	 0
0.7191 	 0
0.7192 	 0
0.7193 	 0
0.7194 	 0
0.7195 	 0
0.7196 	 0
0.7197 	 0
0.7198 	 0
0.7199 	 0
0.72 	 0
0.7201 	 0
0.7202 	 0
0.7203 	 0
0.7204 	 0
0.7205 	 0
0.7206 	 0
0.7207 	 0
0.7208 	 0
0.7209 	 0
0.721 	 0
0.7211 	 0
0.7212 	 0
0.7213 	 0
0.7214 	 0
0.7215 	 0
0.7216 	 0
0.7217 	 0
0.7218 	 0
0.7219 	 0
0.722 	 0
0.7221 	 0
0.7222 	 0
0.7223 	 0
0.7224 	 0
0.7225 	 0
0.7226 	 0
0.7227 	 0
0.7228 	 0
0.7229 	 0
0.723 	 0
0.7231 	 0
0.7232 	 0
0.7233 	 0
0.7234 	 0
0.7235 	 0
0.7236 	 0
0.7237 	 0
0.7238 	 0
0.7239 	 0
0.724 	 0
0.7241 	 0
0.7242 	 0
0.7243 	 0
0.7244 	 0
0.7245 	 0
0.7246 	 0
0.7247 	 0
0.7248 	 0
0.7249 	 0
0.725 	 0
0.7251 	 0
0.7252 	 0
0.7253 	 0
0.7254 	 0
0.7255 	 0
0.7256 	 0
0.7257 	 0
0.7258 	 0
0.7259 	 0
0.726 	 0
0.7261 	 0
0.7262 	 0
0.7263 	 0
0.7264 	 0
0.7265 	 0
0.7266 	 0
0.7267 	 0
0.7268 	 0
0.7269 	 0
0.727 	 0
0.7271 	 0
0.7272 	 0
0.7273 	 0
0.7274 	 0
0.7275 	 0
0.7276 	 0
0.7277 	 0
0.7278 	 0
0.7279 	 0
0.728 	 0
0.7281 	 0
0.7282 	 0
0.7283 	 0
0.7284 	 0
0.7285 	 0
0.7286 	 0
0.7287 	 0
0.7288 	 0
0.7289 	 0
0.729 	 0
0.7291 	 0
0.7292 	 0
0.7293 	 0
0.7294 	 0
0.7295 	 0
0.7296 	 0
0.7297 	 0
0.7298 	 0
0.7299 	 0
0.73 	 0
0.7301 	 0
0.7302 	 0
0.7303 	 0
0.7304 	 0
0.7305 	 0
0.7306 	 0
0.7307 	 0
0.7308 	 0
0.7309 	 0
0.731 	 0
0.7311 	 0
0.7312 	 0
0.7313 	 0
0.7314 	 0
0.7315 	 0
0.7316 	 0
0.7317 	 0
0.7318 	 0
0.7319 	 0
0.732 	 0
0.7321 	 0
0.7322 	 0
0.7323 	 0
0.7324 	 0
0.7325 	 0
0.7326 	 0
0.7327 	 0
0.7328 	 0
0.7329 	 0
0.733 	 0
0.7331 	 0
0.7332 	 0
0.7333 	 0
0.7334 	 0
0.7335 	 0
0.7336 	 0
0.7337 	 0
0.7338 	 0
0.7339 	 0
0.734 	 0
0.7341 	 0
0.7342 	 0
0.7343 	 0
0.7344 	 0
0.7345 	 0
0.7346 	 0
0.7347 	 0
0.7348 	 0
0.7349 	 0
0.735 	 0
0.7351 	 0
0.7352 	 0
0.7353 	 0
0.7354 	 0
0.7355 	 0
0.7356 	 0
0.7357 	 0
0.7358 	 0
0.7359 	 0
0.736 	 0
0.7361 	 0
0.7362 	 0
0.7363 	 0
0.7364 	 0
0.7365 	 0
0.7366 	 0
0.7367 	 0
0.7368 	 0
0.7369 	 0
0.737 	 0
0.7371 	 0
0.7372 	 0
0.7373 	 0
0.7374 	 0
0.7375 	 0
0.7376 	 0
0.7377 	 0
0.7378 	 0
0.7379 	 0
0.738 	 0
0.7381 	 0
0.7382 	 0
0.7383 	 0
0.7384 	 0
0.7385 	 0
0.7386 	 0
0.7387 	 0
0.7388 	 0
0.7389 	 0
0.739 	 0
0.7391 	 0
0.7392 	 0
0.7393 	 0
0.7394 	 0
0.7395 	 0
0.7396 	 0
0.7397 	 0
0.7398 	 0
0.7399 	 0
0.74 	 0
0.7401 	 0
0.7402 	 0
0.7403 	 0
0.7404 	 0
0.7405 	 0
0.7406 	 0
0.7407 	 0
0.7408 	 0
0.7409 	 0
0.741 	 0
0.7411 	 0
0.7412 	 0
0.7413 	 0
0.7414 	 0
0.7415 	 0
0.7416 	 0
0.7417 	 0
0.7418 	 0
0.7419 	 0
0.742 	 0
0.7421 	 0
0.7422 	 0
0.7423 	 0
0.7424 	 0
0.7425 	 0
0.7426 	 0
0.7427 	 0
0.7428 	 0
0.7429 	 0
0.743 	 0
0.7431 	 0
0.7432 	 0
0.7433 	 0
0.7434 	 0
0.7435 	 0
0.7436 	 0
0.7437 	 0
0.7438 	 0
0.7439 	 0
0.744 	 0
0.7441 	 0
0.7442 	 0
0.7443 	 0
0.7444 	 0
0.7445 	 0
0.7446 	 0
0.7447 	 0
0.7448 	 0
0.7449 	 0
0.745 	 0
0.7451 	 0
0.7452 	 0
0.7453 	 0
0.7454 	 0
0.7455 	 0
0.7456 	 0
0.7457 	 0
0.7458 	 0
0.7459 	 0
0.746 	 0
0.7461 	 0
0.7462 	 0
0.7463 	 0
0.7464 	 0
0.7465 	 0
0.7466 	 0
0.7467 	 0
0.7468 	 0
0.7469 	 0
0.747 	 0
0.7471 	 0
0.7472 	 0
0.7473 	 0
0.7474 	 0
0.7475 	 0
0.7476 	 0
0.7477 	 0
0.7478 	 0
0.7479 	 0
0.748 	 0
0.7481 	 0
0.7482 	 0
0.7483 	 0
0.7484 	 1
0.7485 	 1
0.7486 	 1
0.7487 	 1
0.7488 	 1
0.7489 	 1
0.749 	 1
0.7491 	 1
0.7492 	 1
0.7493 	 1
0.7494 	 1
0.7495 	 1
0.7496 	 1
0.7497 	 1
0.7498 	 1
0.7499 	 1
0.75 	 1
0.7501 	 1
0.7502 	 1
0.7503 	 1
0.7504 	 1
0.7505 	 1
0.7506 	 1
0.7507 	 1
0.7508 	 1
0.7509 	 1
0.751 	 1
0.7511 	 1
0.7512 	 1
0.7513 	 1
0.7514 	 1
0.7515 	 1
0.7516 	 1
0.7517 	 1
0.7518 	 1
0.7519 	 1
0.752 	 1
0.7521 	 1
0.7522 	 1
0.7523 	 1
0.7524 	 1
0.7525 	 1
0.7526 	 1
0.7527 	 1
0.7528 	 1
0.7529 	 1
0.753 	 1
0.7531 	 1
0.7532 	 1
0.7533 	 1
0.7534 	 1
0.7535 	 1
0.7536 	 1
0.7537 	 1
0.7538 	 1
0.7539 	 1
0.754 	 1
0.7541 	 1
0.7542 	 1
0.7543 	 1
0.7544 	 1
0.7545 	 1
0.7546 	 1
0.7547 	 1
0.7548 	 1
0.7549 	 1
0.755 	 1
0.7551 	 1
0.7552 	 1
0.7553 	 1
0.7554 	 1
0.7555 	 1
0.7556 	 1
0.7557 	 1
0.7558 	 1
0.7559 	 1
0.756 	 1
0.7561 	 1
0.7562 	 1
0.7563 	 1
0.7564 	 1
0.7565 	 1
0.7566 	 1
0.7567 	 1
0.7568 	 1
0.7569 	 1
0.757 	 1
0.7571 	 1
0.7572 	 1
0.7573 	 1
0.7574 	 1
0.7575 	 1
0.7576 	 1
0.7577 	 1
0.7578 	 1
0.7579 	 1
0.758 	 1
0.7581 	 1
0.7582 	 1
0.7583 	 1
0.7584 	 1
0.7585 	 1
0.7586 	 1
0.7587 	 1
0.7588 	 1
0.7589 	 1
0.759 	 1
0.7591 	 1
0.7592 	 1
0.7593 	 1
0.7594 	 1
0.7595 	 1
0.7596 	 1
0.7597 	 1
0.7598 	 1
0.7599 	 1
0.76 	 1
0.7601 	 1
0.7602 	 1
0.7603 	 1
0.7604 	 1
0.7605 	 1
0.7606 	 1
0.7607 	 1
0.7608 	 1
0.7609 	 1
0.761 	 1
0.7611 	 1
0.7612 	 1
0.7613 	 1
0.7614 	 1
0.7615 	 1
0.7616 	 1
0.7617 	 1
0.7618 	 1
0.7619 	 1
0.762 	 1
0.7621 	 1
0.7622 	 1
0.7623 	 1
0.7624 	 1
0.7625 	 1
0.7626 	 1
0.7627 	 1
0.7628 	 1
0.7629 	 1
0.763 	 1
0.7631 	 1
0.7632 	 1
0.7633 	 1
0.7634 	 1
0.7635 	 1
0.7636 	 1
0.7637 	 1
0.7638 	 1
0.7639 	 1
0.764 	 1
0.7641 	 1
0.7642 	 1
0.7643 	 1
0.7644 	 1
0.7645 	 1
0.7646 	 1
0.7647 	 1
0.7648 	 1
0.7649 	 1
0.765 	 1
0.7651 	 1
0.7652 	 1
0.7653 	 1
0.7654 	 1
0.7655 	 1
0.7656 	 1
0.7657 	 1
0.7658 	 1
0.7659 	 1
0.766 	 1
0.7661 	 1
0.7662 	 1
0.7663 	 1
0.7664 	 1
0.7665 	 1
0.7666 	 1
0.7667 	 1
0.7668 	 1
0.7669 	 1
0.767 	 1
0.7671 	 1
0.7672 	 1
0.7673 	 1
0.7674 	 1
0.7675 	 1
0.7676 	 1
0.7677 	 1
0.7678 	 1
0.7679 	 1
0.768 	 1
0.7681 	 1
0.7682 	 1
0.7683 	 1
0.7684 	 1
0.7685 	 1
0.7686 	 1
0.7687 	 1
0.7688 	 1
0.7689 	 1
0.769 	 1
0.7691 	 1
0.7692 	 1
0.7693 	 1
0.7694 	 1
0.7695 	 1
0.7696 	 1
0.7697 	 1
0.7698 	 1
0.7699 	 1
0.77 	 1
0.7701 	 1
0.7702 	 1
0.7703 	 1
0.7704 	 1
0.7705 	 1
0.7706 	 1
0.7707 	 1
0.7708 	 1
0.7709 	 1
0.771 	 1
0.7711 	 1
0.7712 	 1
0.7713 	 1
0.7714 	 1
0.7715 	 1
0.7716 	 1
0.7717 	 1
0.7718 	 1
0.7719 	 1
0.772 	 1
0.7721 	 1
0.7722 	 1
0.7723 	 1
0.7724 	 1
0.7725 	 1
0.7726 	 1
0.7727 	 1
0.7728 	 1
0.7729 	 1
0.773 	 1
0.7731 	 1
0.7732 	 1
0.7733 	 1
0.7734 	 1
0.7735 	 1
0.7736 	 1
0.7737 	 1
0.7738 	 1
0.7739 	 1
0.774 	 1
0.7741 	 1
0.7742 	 1
0.7743 	 1
0.7744 	 1
0.7745 	 1
0.7746 	 1
0.7747 	 1
0.7748 	 1
0.7749 	 1
0.775 	 1
0.7751 	 1
0.7752 	 1
0.7753 	 1
0.7754 	 1
0.7755 	 1
0.7756 	 1
0.7757 	 1
0.7758 	 1
0.7759 	 1
0.776 	 1
0.7761 	 1
0.7762 	 1
0.7763 	 1
0.7764 	 1
0.7765 	 1
0.7766 	 1
0.7767 	 1
0.7768 	 1
0.7769 	 1
0.777 	 1
0.7771 	 1
0.7772 	 1
0.7773 	 1
0.7774 	 1
0.7775 	 1
0.7776 	 1
0.7777 	 1
0.7778 	 1
0.7779 	 1
0.778 	 1
0.7781 	 1
0.7782 	 1
0.7783 	 1
0.7784 	 1
0.7785 	 1
0.7786 	 1
0.7787 	 1
0.7788 	 1
0.7789 	 1
0.779 	 1
0.7791 	 1
0.7792 	 1
0.7793 	 1
0.7794 	 1
0.7795 	 1
0.7796 	 1
0.7797 	 1
0.7798 	 1
0.7799 	 1
0.78 	 1

