fill 	 mu 	 CS1 	 Deltamax 
0.5 	 0 	 -1 	 0.265688 
0.496 	 -0.012 	 -1 	 0.26558 
0.492 	 -0.0251301 	 -1 	 0.265575 
0.488 	 -0.037 	 -1 	 0.265329 
0.484 	 -0.049 	 -1 	 0.265718 
0.48 	 -0.061 	 -1 	 0.265893 
0.476 	 -0.074 	 -1 	 0.26587 
0.472 	 -0.086 	 -1 	 0.265627 
0.468 	 -0.098 	 -1 	 0.265809 
0.464 	 -0.11 	 -1 	 0.266272 
0.46 	 -0.122 	 -1 	 0.266531 
0.456 	 -0.134 	 -1 	 0.266567 
0.452 	 -0.147 	 -1 	 0.266414 
0.448 	 -0.159 	 -1 	 0.266724 
0.444 	 -0.171 	 -1 	 0.267257 
0.44 	 -0.183 	 -1 	 0.267584 
0.436 	 -0.195 	 -1 	 0.267709 
0.432 	 -0.207 	 -1 	 0.26762 
0.428 	 -0.219 	 -1 	 0.268019 
0.424 	 -0.231 	 -1 	 0.268629 
0.42 	 -0.243 	 -1 	 0.269027 
0.416 	 -0.254 	 -1 	 0.269202 
0.412 	 -0.266 	 -1 	 0.269191 
0.408 	 -0.278 	 -1 	 0.269655 
0.404 	 -0.29 	 -1 	 0.270336 
0.4 	 -0.301 	 -1 	 0.270767 
0.396 	 -0.313 	 -1 	 0.271032 
0.392 	 -0.324 	 -1 	 0.271065 
0.388 	 -0.336 	 -1 	 0.271591 
0.384 	 -0.347 	 -1 	 0.272345 
0.38 	 -0.359 	 -1 	 0.272831 
0.376 	 -0.37 	 -1 	 0.273113 
0.372 	 -0.381 	 -1 	 0.273232 
0.368 	 -0.393 	 -1 	 0.273776 
0.364 	 -0.404 	 -1 	 0.274498 
0.36 	 -0.415 	 -1 	 0.275035 
0.356 	 -0.426 	 -1 	 0.275374 
0.352 	 -0.437 	 -1 	 0.275513 
0.348 	 -0.448 	 -1 	 0.276013 
0.344 	 -0.459 	 -1 	 0.276786 
0.34 	 -0.469 	 -1 	 0.277363 
0.336 	 -0.48 	 -1 	 0.277694 
0.332 	 -0.491 	 -1 	 0.277854 
0.328 	 -0.501 	 -1 	 0.278298 
0.324 	 -0.512 	 -1 	 0.279014 
0.32 	 -0.522 	 -1 	 0.279544 
0.316 	 -0.533 	 -1 	 0.279928 
0.312 	 -0.543 	 -1 	 0.280084 
0.308 	 -0.553 	 -1 	 0.280273 
0.304 	 -0.563 	 -1 	 0.280998 
0.3 	 -0.573 	 -1 	 0.281593 
0.296 	 -0.583 	 -1 	 0.281919 
0.292 	 -0.594 	 -1 	 0.282056 
0.288 	 -0.603 	 -1 	 0.281979 
0.284 	 -0.613 	 -1 	 0.282627 
0.28 	 -0.623 	 -1 	 0.283117 
0.276 	 -0.632 	 -1 	 0.28342 
0.272 	 -0.642 	 -1 	 0.283486 
0.268 	 -0.652 	 -1 	 0.283373 
0.264 	 -0.661 	 -1 	 0.283584 
0.26 	 -0.67 	 -1 	 0.283961 
0.256 	 -0.68 	 -1 	 0.284182 
0.252 	 -0.689 	 -1 	 0.284186 
0.248 	 -0.698 	 -1 	 0.284008 
0.244 	 -0.707 	 -1 	 0.283641 
0.24 	 -0.716 	 -1 	 0.283871 
0.236 	 -0.725 	 -1 	 0.283964 
0.232 	 -0.734 	 -1 	 0.283864 
0.228 	 -0.743 	 -1 	 0.28357 
0.224 	 -0.752 	 -1 	 0.283086 
0.22 	 -0.76 	 -1 	 0.282476 
0.216 	 -0.769 	 -1 	 0.282425 
0.212 	 -0.778 	 -1 	 0.282194 
0.208 	 -0.786 	 -1 	 0.281761 
0.204 	 -0.795 	 -1 	 0.281137 
0.2 	 -0.802 	 -1 	 0.280301 
0.196 	 -0.811 	 -1 	 0.279403 
0.192 	 -0.819 	 -1 	 0.278761 
0.188 	 -0.828 	 -1 	 0.278141 
0.184 	 -0.836 	 -1 	 0.277333 
0.18 	 -0.844 	 -1 	 0.276371 
0.176 	 -0.851 	 -1 	 0.275355 
0.172 	 -0.859 	 -1 	 0.274057 
0.168 	 -0.867 	 -1 	 0.27256 
0.164 	 -0.875 	 -1 	 0.271264 
0.16 	 -0.882 	 -1 	 0.270206 
0.156 	 -0.882291 	 -1 	 0.270179 
0.152 	 -0.897 	 -1 	 0.26744 
0.148 	 -0.905 	 -1 	 0.265658 
0.144 	 -0.912 	 -1 	 0.263911 
0.14 	 -0.919 	 -1 	 0.262001 
0.136 	 -0.926 	 -1 	 0.259921 
0.132 	 -0.933 	 -1 	 0.257764 
0.128 	 -0.939 	 -1 	 0.255933 
0.124 	 -0.946 	 -1 	 0.254109 
0.12 	 -0.953 	 -1 	 0.251854 
0.116 	 -0.959 	 -1 	 0.249747 
0.112 	 -0.965 	 -1 	 0.247475 
0.108 	 -0.971 	 -1 	 0.245053 
0.104 	 -0.977 	 -1 	 0.242433 
0.1 	 -0.983 	 -1 	 0.239552 
0.096 	 -0.989 	 -1 	 0.236503 
0.092 	 -0.994 	 -1 	 0.233783 
0.088 	 -0.999 	 1 	 0.230925 
0.084 	 -1 	 0 	 0.230329 
0.08 	 -1.001 	 0 	 0.229727 
0.076 	 -1.003 	 0 	 0.228502 
0.072 	 -1.009 	 0 	 0.225262 
0.068 	 -1.014 	 0 	 0.221624 
0.064 	 -1.02 	 0 	 0.217585 
0.06 	 -1.026 	 0 	 0.213234 
0.056 	 -1.032 	 0 	 0.208548 
0.052 	 -1.038 	 0 	 0.203538 
0.048 	 -1.044 	 0 	 0.198163 
0.044 	 -1.05 	 0 	 0.192426 
0.04 	 -1.057 	 0 	 0.186021 
0.036 	 -1.063 	 0 	 0.17854 
0.032 	 -1.07 	 0 	 0.170173 
0.028 	 -1.077 	 0 	 0.161034 
0.024 	 -1.084 	 0 	 0.15101 
0.02 	 -1.092 	 0 	 0.139828 
0.016 	 -1.098 	 0 	 0.125924 
0.012 	 -1.107 	 0 	 0.110895 
0.008 	 -1.114 	 0 	 0.0912567 
0.004 	 -1.121 	 0 	 0.0652697 


0.5 	 0 	 -1 	 0.265688 
0.504 	 0.012 	 -1 	 0.265583 
0.508 	 0.025 	 -1 	 0.265294 
0.512 	 0.037 	 -1 	 0.265333 
0.516 	 0.049 	 -1 	 0.265711 
0.52 	 0.061 	 -1 	 0.265898 
0.524 	 0.074 	 -1 	 0.265895 
0.528 	 0.086 	 -1 	 0.26563 
0.532 	 0.098 	 -1 	 0.265803 
0.536 	 0.11 	 -1 	 0.26627 
0.54 	 0.122 	 -1 	 0.266532 
0.544 	 0.134 	 -1 	 0.266565 
0.548 	 0.147 	 -1 	 0.266423 
0.552 	 0.159 	 -1 	 0.266727 
0.556 	 0.171 	 -1 	 0.267263 
0.56 	 0.183 	 -1 	 0.267593 
0.564 	 0.195 	 -1 	 0.267713 
0.568 	 0.207 	 -1 	 0.267625 
0.572 	 0.219 	 -1 	 0.268022 
0.576 	 0.231 	 -1 	 0.268625 
0.58 	 0.243 	 -1 	 0.269023 
0.584 	 0.254 	 -1 	 0.269208 
0.588 	 0.266 	 -1 	 0.269197 
0.592 	 0.278 	 -1 	 0.269653 
0.596 	 0.29 	 -1 	 0.270334 
0.6 	 0.301 	 -1 	 0.270775 
0.604 	 0.313 	 -1 	 0.271032 
0.608 	 0.324 	 -1 	 0.271055 
0.612 	 0.336 	 -1 	 0.271604 
0.616 	 0.347 	 -1 	 0.272307 
0.62 	 0.359 	 -1 	 0.27283 
0.624 	 0.37 	 -1 	 0.273116 
0.628 	 0.381 	 -1 	 0.273194 
0.632 	 0.393 	 -1 	 0.273776 
0.636 	 0.404 	 -1 	 0.274502 
0.64 	 0.415 	 -1 	 0.27504 
0.644 	 0.426 	 -1 	 0.275379 
0.648 	 0.437 	 -1 	 0.275518 
0.652 	 0.448 	 -1 	 0.276019 
0.656 	 0.459 	 -1 	 0.276784 
0.66 	 0.469 	 -1 	 0.277325 
0.664 	 0.48 	 -1 	 0.277693 
0.668 	 0.491 	 -1 	 0.277854 
0.672 	 0.501 	 -1 	 0.27826 
0.676 	 0.512 	 -1 	 0.279013 
0.68 	 0.522 	 -1 	 0.279553 
0.684 	 0.533 	 -1 	 0.279929 
0.688 	 0.543 	 -1 	 0.280085 
0.692 	 0.553 	 -1 	 0.280276 
0.696 	 0.563 	 -1 	 0.281026 
0.7 	 0.573 	 -1 	 0.281556 
0.704 	 0.583 	 -1 	 0.281882 
0.708 	 0.593 	 -1 	 0.282014 
0.712 	 0.603 	 -1 	 0.281985 
0.716 	 0.613 	 -1 	 0.28263 
0.72 	 0.623 	 -1 	 0.283119 
0.724 	 0.632 	 -1 	 0.283384 
0.728 	 0.642 	 -1 	 0.283485 
0.732 	 0.652 	 -1 	 0.283367 
0.736 	 0.661 	 -1 	 0.283586 
0.74 	 0.67 	 -1 	 0.28397 
0.744 	 0.68 	 -1 	 0.284183 
0.748 	 0.689 	 -1 	 0.284186 
0.752 	 0.698 	 -1 	 0.284009 
0.756 	 0.707 	 -1 	 0.283648 
0.76 	 0.716 	 -1 	 0.283877 
0.764 	 0.725 	 -1 	 0.283969 
0.768 	 0.734 	 -1 	 0.283869 
0.772 	 0.743 	 -1 	 0.283574 
0.776 	 0.752 	 -1 	 0.283084 
0.78 	 0.76 	 -1 	 0.282479 
0.784 	 0.769 	 -1 	 0.282427 
0.788 	 0.778 	 -1 	 0.282213 
0.792 	 0.786 	 -1 	 0.281769 
0.796 	 0.794 	 -1 	 0.281106 
0.8 	 0.803 	 -1 	 0.280348 
0.804 	 0.811 	 -1 	 0.279405 
0.808 	 0.819 	 -1 	 0.278762 
0.812 	 0.828 	 -1 	 0.278185 
0.816 	 0.836 	 -1 	 0.277329 
0.82 	 0.844 	 -1 	 0.276368 
0.824 	 0.852 	 -1 	 0.275357 
0.828 	 0.859 	 -1 	 0.274059 
0.832 	 0.867 	 -1 	 0.272558 
0.836 	 0.875 	 -1 	 0.271268 
0.84 	 0.882 	 -1 	 0.270221 
0.844 	 0.89 	 -1 	 0.268825 
0.848 	 0.897 	 -1 	 0.267436 
0.852 	 0.905 	 -1 	 0.265718 
0.856 	 0.912 	 -1 	 0.263991 
0.86 	 0.919 	 -1 	 0.262005 
0.864 	 0.926 	 -1 	 0.259926 
0.868 	 0.933 	 -1 	 0.257768 
0.872 	 0.939 	 -1 	 0.255901 
0.876 	 0.946 	 -1 	 0.254111 
0.88 	 0.953 	 -1 	 0.25185 
0.884 	 0.959 	 -1 	 0.249743 
0.888 	 0.965 	 -1 	 0.247471 
0.892 	 0.971 	 -1 	 0.245024 
0.896 	 0.977 	 -1 	 0.242381 
0.9 	 0.983 	 -1 	 0.239548 
0.904 	 0.989 	 -1 	 0.2365 
0.908 	 0.994 	 -1 	 0.233785 
0.912 	 0.999 	 -1 	 0.230921 
0.916 	 1 	 0 	 0.230326 
0.92 	 1.001 	 0 	 0.229724 
0.924 	 1.003 	 0 	 0.228496 
0.928 	 1.009 	 0 	 0.225306 
0.932 	 1.014 	 0 	 0.221623 
0.936 	 1.02 	 0 	 0.217589 
0.94 	 1.026 	 0 	 0.213231 
0.944 	 1.032 	 0 	 0.208552 
0.948 	 1.038 	 0 	 0.203535 
0.952 	 1.044 	 0 	 0.198169 
0.956 	 1.05 	 0 	 0.192423 
0.96 	 1.057 	 0 	 0.186054 
0.964 	 1.063 	 0 	 0.178565 
0.968 	 1.07 	 0 	 0.170191 
0.972 	 1.077 	 0 	 0.161035 
0.976 	 1.084 	 0 	 0.151007 
0.98 	 1.091 	 0 	 0.139478 
0.984 	 1.099 	 0 	 0.126592 
0.988 	 1.106 	 0 	 0.110464 
0.992 	 1.114 	 0 	 0.0914747 
0.996 	 1.121 	 0 	 0.0652789 
