0.000	 1.45	 0.219986
0.003 	 1.45 	 0.221538 
0.006 	 1.45 	 0.221708 
0.009 	 1.45 	 0.221727 
0.012 	 1.45 	 0.221729 
0.015 	 1.45 	 0.221729 
0.018 	 1.45 	 0.221727 
0.021 	 1.45 	 0.221717 
0.024 	 1.45 	 0.221687 
0.027 	 1.45 	 0.221615 
0.03 	 1.45 	 0.221473 
0.033 	 1.45 	 0.22123 
0.036 	 1.45 	 0.220853 
0.039 	 1.45 	 0.220312 
0.042 	 1.45 	 0.219575 
0.045 	 1.45 	 0.218615 
0.048 	 1.45 	 0.217408 
0.051 	 1.45 	 0.21593 
0.054 	 1.45 	 0.214159 
0.057 	 1.45 	 0.212073 
0.06 	 1.45 	 0.209653 
0.063 	 1.45 	 0.206878 
0.066 	 1.45 	 0.203726 
0.069 	 1.45 	 0.200176 
0.072 	 1.45 	 0.196205 
0.075 	 1.45 	 0.191788 
0.078 	 1.45 	 0.186898 
0.081 	 1.45 	 0.181507 
0.084 	 1.45 	 0.175583 
0.087 	 1.45 	 0.169093 
0.09 	 1.45 	 0.162003 
0.093 	 1.45 	 0.154277 
0.096 	 1.45 	 0.145883 
0.099 	 1.45 	 0.13679 
0.102 	 1.45 	 0.126983 
0.105 	 1.45 	 0.116464 
0.108 	 1.45 	 0.105272 
0.111 	 1.45 	 0.0934964 
0.114 	 1.45 	 0.0813007 
0.117 	 1.4 	 0.0689459 
0.12 	 1.4 	 0.0567708 
0.123 	 1.4 	 0.0451906 
0.126 	 1.4 	 0.0346384 
0.129 	 1.4 	 0.0254833 
0.132 	 1.4 	 0.0179541 
0.135 	 1.35 	 0.0120985 
0.138 	 1.35 	 0.00779646 
0.141 	 1.35 	 0.00480354 
0.144 	 1.35 	 0.00283084 
0.147 	 1.3 	 0.00159681 
0.15 	 1.3 	 0.00086293 
0.153 	 1.3 	 0.000446924 
0.156 	 1.25 	 0.000222034 
0.159 	 1.25 	 0.000105882 
0.162 	 1.2 	 4.84992e-05 
0.165 	 1.2 	 2.13502e-05 
0.168 	 1.15 	 9.04011e-06 
0.171 	 1.15 	 3.6825e-06 
0.174 	 1.1 	 1.4441e-06 
0.177 	 1.1 	 5.45539e-07 
0.18 	 1.1 	 1.98569e-07 
0.183 	 1.1 	 6.96759e-08 
0.186 	 1.1 	 2.35808e-08 
0.189 	 1.05 	 7.70263e-09 
0.192 	 1.05 	 2.42963e-09 
0.195 	 1.05 	 7.40229e-10 
0.198 	 1.05 	 2.17928e-10 
