(nBaB^3)^(1/3) = 0.01, (nBaBF^3)^(1/3) = 0.1, mB/mF = 0.175, nB/nF^3 = 100000, kF*aB = 0.000676836, kF*aBF = 0.00676836, (mF/mB)^2*nB/nF^3*kF*aB = 2210.08 

 
T 	 kmax 	 Deltamax 	 mu 	 check 

 
0 	 15.2 	 1.23384 	 0.556 	 11 
0.0001 	 15.2 	 1.23417 	 0.556 	 0 
0.0002 	 15.2 	 1.23442 	 0.556 	 0 
0.0003 	 15.2 	 1.2346 	 0.556 	 0 
0.0004 	 15.2 	 1.23473 	 0.556 	 0 
0.0005 	 15.2 	 1.23482 	 0.556 	 0 
0.0006 	 15.2 	 1.23489 	 0.556 	 0 
0.0007 	 15.2 	 1.23494 	 0.556 	 0 
0.0008 	 15.2 	 1.23497 	 0.556 	 0 
0.0009 	 15.2 	 1.235 	 0.556 	 0 
0.001 	 15.2 	 1.23501 	 0.556 	 0 
0.0011 	 15.2 	 1.23503 	 0.556 	 0 
0.0012 	 15.2 	 1.23503 	 0.556 	 0 
0.0013 	 15.2 	 1.23504 	 0.556 	 0 
0.0014 	 15.2 	 1.23505 	 0.556 	 0 
0.0015 	 15.2 	 1.23505 	 0.556 	 0 
0.0016 	 15.2 	 1.23505 	 0.556 	 0 
0.0017 	 15.2 	 1.23505 	 0.556 	 0 
0.0018 	 15.2 	 1.23505 	 0.556 	 0 
0.0019 	 15.2 	 1.23506 	 0.556 	 0 
0.002 	 15.2 	 1.23506 	 0.556 	 0 
0.0021 	 15.2 	 1.23506 	 0.556 	 0 
0.0022 	 15.2 	 1.23506 	 0.556 	 0 
0.0023 	 15.2 	 1.23506 	 0.556 	 0 
0.0024 	 15.2 	 1.23506 	 0.556 	 0 
0.0025 	 15.2 	 1.23506 	 0.556 	 0 
0.0026 	 15.2 	 1.23506 	 0.556 	 0 
0.0027 	 15.2 	 1.23506 	 0.556 	 0 
0.0028 	 15.2 	 1.23506 	 0.556 	 0 
0.0029 	 15.2 	 1.23506 	 0.556 	 0 
0.003 	 15.2 	 1.23506 	 0.556 	 0 
0.0031 	 15.2 	 1.23506 	 0.556 	 0 
0.0032 	 15.2 	 1.23506 	 0.556 	 0 
0.0033 	 15.2 	 1.23506 	 0.556 	 0 
0.0034 	 15.2 	 1.23506 	 0.556 	 0 
0.0035 	 15.2 	 1.23506 	 0.556 	 0 
0.0036 	 15.2 	 1.23506 	 0.556 	 0 
0.0037 	 15.2 	 1.23506 	 0.556 	 0 
0.0038 	 15.2 	 1.23506 	 0.556 	 0 
0.0039 	 15.2 	 1.23506 	 0.556 	 0 
0.004 	 15.2 	 1.23506 	 0.556 	 0 
0.0041 	 15.2 	 1.23506 	 0.556 	 0 
0.0042 	 15.2 	 1.23506 	 0.556 	 0 
0.0043 	 15.2 	 1.23506 	 0.556 	 0 
0.0044 	 15.2 	 1.23506 	 0.556 	 0 
0.0045 	 15.2 	 1.23506 	 0.556 	 0 
0.0046 	 15.2 	 1.23506 	 0.556 	 0 
0.0047 	 15.2 	 1.23506 	 0.556 	 0 
0.0048 	 15.2 	 1.23506 	 0.556 	 0 
0.0049 	 15.2 	 1.23506 	 0.556 	 0 
0.005 	 15.2 	 1.23506 	 0.556 	 0 
0.0051 	 15.2 	 1.23506 	 0.556 	 0 
0.0052 	 15.2 	 1.23506 	 0.556 	 0 
0.0053 	 15.2 	 1.23506 	 0.556 	 0 
0.0054 	 15.2 	 1.23506 	 0.556 	 0 
0.0055 	 15.2 	 1.23506 	 0.556 	 0 
0.0056 	 15.2 	 1.23506 	 0.556 	 0 
0.0057 	 15.2 	 1.23506 	 0.556 	 0 
0.0058 	 15.2 	 1.23506 	 0.556 	 0 
0.0059 	 15.2 	 1.23506 	 0.556 	 0 
0.006 	 15.2 	 1.23506 	 0.556 	 0 
0.0061 	 15.2 	 1.23506 	 0.556 	 0 
0.0062 	 15.2 	 1.23506 	 0.556 	 0 
0.0063 	 15.2 	 1.23506 	 0.556 	 0 
0.0064 	 15.2 	 1.23506 	 0.556 	 0 
0.0065 	 15.2 	 1.23506 	 0.556 	 0 
0.0066 	 15.2 	 1.23506 	 0.556 	 0 
0.0067 	 15.2 	 1.23506 	 0.556 	 0 
0.0068 	 15.2 	 1.23506 	 0.556 	 0 
0.0069 	 15.2 	 1.23506 	 0.556 	 0 
0.007 	 15.2 	 1.23506 	 0.556 	 0 
0.0071 	 15.2 	 1.23506 	 0.556 	 0 
0.0072 	 15.2 	 1.23506 	 0.556 	 0 
0.0073 	 15.2 	 1.23506 	 0.556 	 0 
0.0074 	 15.2 	 1.23506 	 0.556 	 0 
0.0075 	 15.2 	 1.23506 	 0.556 	 0 
0.0076 	 15.2 	 1.23506 	 0.556 	 0 
0.0077 	 15.2 	 1.23506 	 0.556 	 0 
0.0078 	 15.2 	 1.23506 	 0.556 	 0 
0.0079 	 15.2 	 1.23506 	 0.556 	 0 
0.008 	 15.2 	 1.23506 	 0.556 	 0 
0.0081 	 15.2 	 1.23506 	 0.556 	 0 
0.0082 	 15.2 	 1.23506 	 0.556 	 0 
0.0083 	 15.2 	 1.23506 	 0.556 	 0 
0.0084 	 15.2 	 1.23506 	 0.556 	 0 
0.0085 	 15.2 	 1.23506 	 0.556 	 0 
0.0086 	 15.2 	 1.23506 	 0.556 	 0 
0.0087 	 15.2 	 1.23506 	 0.556 	 0 
0.0088 	 15.2 	 1.23506 	 0.556 	 0 
0.0089 	 15.2 	 1.23506 	 0.556 	 0 
0.009 	 15.2 	 1.23506 	 0.556 	 0 
0.0091 	 15.2 	 1.23506 	 0.556 	 0 
0.0092 	 15.2 	 1.23506 	 0.556 	 0 
0.0093 	 15.2 	 1.23506 	 0.556 	 0 
0.0094 	 15.2 	 1.23506 	 0.556 	 0 
0.0095 	 15.2 	 1.23506 	 0.556 	 0 
0.0096 	 15.2 	 1.23506 	 0.556 	 0 
0.0097 	 15.2 	 1.23506 	 0.556 	 0 
0.0098 	 15.2 	 1.23506 	 0.556 	 0 
0.0099 	 15.2 	 1.23506 	 0.556 	 0 
0.01 	 15.2 	 1.23506 	 0.556 	 0 
0.0101 	 15.2 	 1.23506 	 0.556 	 0 
0.0102 	 15.2 	 1.23506 	 0.556 	 0 
0.0103 	 15.2 	 1.23506 	 0.556 	 0 
0.0104 	 15.2 	 1.23506 	 0.556 	 0 
0.0105 	 15.2 	 1.23506 	 0.556 	 0 
0.0106 	 15.2 	 1.23506 	 0.556 	 0 
0.0107 	 15.2 	 1.23506 	 0.556 	 0 
0.0108 	 15.2 	 1.23506 	 0.556 	 0 
0.0109 	 15.2 	 1.23506 	 0.556 	 0 
0.011 	 15.2 	 1.23506 	 0.556 	 0 
0.0111 	 15.2 	 1.23506 	 0.556 	 0 
0.0112 	 15.2 	 1.23506 	 0.556 	 0 
0.0113 	 15.2 	 1.23506 	 0.556 	 0 
0.0114 	 15.2 	 1.23506 	 0.556 	 0 
0.0115 	 15.2 	 1.23506 	 0.556 	 0 
0.0116 	 15.2 	 1.23505 	 0.556 	 0 
0.0117 	 15.2 	 1.23505 	 0.556 	 0 
0.0118 	 15.2 	 1.23505 	 0.556 	 0 
0.0119 	 15.2 	 1.23505 	 0.556 	 0 
0.012 	 15.2 	 1.23505 	 0.556 	 0 
0.0121 	 15.2 	 1.23505 	 0.556 	 0 
0.0122 	 15.2 	 1.23505 	 0.556 	 0 
0.0123 	 15.2 	 1.23505 	 0.556 	 0 
0.0124 	 15.2 	 1.23505 	 0.556 	 0 
0.0125 	 15.2 	 1.23505 	 0.556 	 0 
0.0126 	 15.2 	 1.23505 	 0.556 	 0 
0.0127 	 15.2 	 1.23505 	 0.556 	 0 
0.0128 	 15.2 	 1.23505 	 0.556 	 0 
0.0129 	 15.2 	 1.23505 	 0.556 	 0 
0.013 	 15.2 	 1.23505 	 0.556 	 0 
0.0131 	 15.2 	 1.23505 	 0.556 	 0 
0.0132 	 15.2 	 1.23504 	 0.556 	 0 
0.0133 	 15.2 	 1.23504 	 0.556 	 0 
0.0134 	 15.2 	 1.23504 	 0.556 	 0 
0.0135 	 15.2 	 1.23504 	 0.556 	 0 
0.0136 	 15.2 	 1.23504 	 0.556 	 0 
0.0137 	 15.2 	 1.23504 	 0.556 	 0 
0.0138 	 15.2 	 1.23504 	 0.556 	 0 
0.0139 	 15.2 	 1.23503 	 0.556 	 0 
0.014 	 15.2 	 1.23503 	 0.556 	 0 
0.0141 	 15.2 	 1.23503 	 0.556 	 0 
0.0142 	 15.2 	 1.23503 	 0.556 	 0 
0.0143 	 15.2 	 1.23502 	 0.556 	 0 
0.0144 	 15.2 	 1.23502 	 0.556 	 0 
0.0145 	 15.2 	 1.23502 	 0.556 	 0 
0.0146 	 15.2 	 1.23502 	 0.556 	 0 
0.0147 	 15.2 	 1.23501 	 0.556 	 0 
0.0148 	 15.2 	 1.23501 	 0.556 	 0 
0.0149 	 15.2 	 1.235 	 0.556 	 0 
0.015 	 15.2 	 1.235 	 0.556 	 0 
0.0151 	 15.2 	 1.235 	 0.556 	 0 
0.0152 	 15.2 	 1.23499 	 0.556 	 0 
0.0153 	 15.2 	 1.23499 	 0.556 	 0 
0.0154 	 15.2 	 1.23498 	 0.556 	 0 
0.0155 	 15.2 	 1.23498 	 0.556 	 0 
0.0156 	 15.2 	 1.23497 	 0.556 	 0 
0.0157 	 15.2 	 1.23496 	 0.556 	 0 
0.0158 	 15.2 	 1.23496 	 0.556 	 0 
0.0159 	 15.2 	 1.23495 	 0.556 	 0 
0.016 	 15.2 	 1.23494 	 0.556 	 0 
0.0161 	 15.2 	 1.23494 	 0.556 	 0 
0.0162 	 15.2 	 1.23493 	 0.556 	 0 
0.0163 	 15.2 	 1.23492 	 0.556 	 0 
0.0164 	 15.2 	 1.23491 	 0.556 	 0 
0.0165 	 15.2 	 1.2349 	 0.556 	 0 
0.0166 	 15.2 	 1.23489 	 0.556 	 0 
0.0167 	 15.2 	 1.23488 	 0.556 	 0 
0.0168 	 15.2 	 1.23487 	 0.556 	 0 
0.0169 	 15.2 	 1.23486 	 0.556 	 0 
0.017 	 15.2 	 1.23485 	 0.556 	 0 
0.0171 	 15.2 	 1.23484 	 0.556 	 0 
0.0172 	 15.2 	 1.23482 	 0.556 	 0 
0.0173 	 15.2 	 1.23481 	 0.556 	 0 
0.0174 	 15.2 	 1.23479 	 0.556 	 0 
0.0175 	 15.2 	 1.23478 	 0.556 	 0 
0.0176 	 15.2 	 1.23476 	 0.556 	 0 
0.0177 	 15.2 	 1.23475 	 0.556 	 0 
0.0178 	 15.2 	 1.23473 	 0.556 	 0 
0.0179 	 15.2 	 1.23471 	 0.556 	 0 
0.018 	 15.2 	 1.2347 	 0.556 	 0 
0.0181 	 15.2 	 1.23468 	 0.556 	 0 
0.0182 	 15.2 	 1.23466 	 0.556 	 0 
0.0183 	 15.2 	 1.23464 	 0.556 	 0 
0.0184 	 15.2 	 1.23462 	 0.556 	 0 
0.0185 	 15.2 	 1.23459 	 0.556 	 0 
0.0186 	 15.2 	 1.23457 	 0.556 	 0 
0.0187 	 15.2 	 1.23455 	 0.556 	 0 
0.0188 	 15.2 	 1.23452 	 0.556 	 0 
0.0189 	 15.2 	 1.2345 	 0.556 	 0 
0.019 	 15.2 	 1.23447 	 0.556 	 0 
0.0191 	 15.2 	 1.23444 	 0.556 	 0 
0.0192 	 15.2 	 1.23441 	 0.556 	 0 
0.0193 	 15.2 	 1.23438 	 0.556 	 0 
0.0194 	 15.2 	 1.23435 	 0.556 	 0 
0.0195 	 15.2 	 1.23432 	 0.556 	 0 
0.0196 	 15.2 	 1.23429 	 0.556 	 0 
0.0197 	 15.2 	 1.23426 	 0.556 	 0 
0.0198 	 15.2 	 1.23422 	 0.556 	 0 
0.0199 	 15.2 	 1.23419 	 0.556 	 0 
0.02 	 15.2 	 1.23415 	 0.556 	 0 
0.0201 	 15.2 	 1.23411 	 0.556 	 0 
0.0202 	 15.2 	 1.23407 	 0.556 	 0 
0.0203 	 15.2 	 1.23403 	 0.556 	 0 
0.0204 	 15.2 	 1.23399 	 0.556 	 0 
0.0205 	 15.2 	 1.23394 	 0.556 	 0 
0.0206 	 15.2 	 1.2339 	 0.556 	 0 
0.0207 	 15.2 	 1.23385 	 0.556 	 0 
0.0208 	 15.2 	 1.2338 	 0.556 	 0 
0.0209 	 15.2 	 1.23376 	 0.556 	 0 
0.021 	 15.2 	 1.23371 	 0.556 	 0 
0.0211 	 15.2 	 1.23365 	 0.556 	 0 
0.0212 	 15.2 	 1.2336 	 0.556 	 0 
0.0213 	 15.2 	 1.23355 	 0.556 	 0 
0.0214 	 15.2 	 1.23349 	 0.556 	 0 
0.0215 	 15.2 	 1.23343 	 0.556 	 0 
0.0216 	 15.2 	 1.23337 	 0.556 	 0 
0.0217 	 15.2 	 1.23331 	 0.556 	 0 
0.0218 	 15.2 	 1.23325 	 0.556 	 0 
0.0219 	 15.2 	 1.23318 	 0.556 	 0 
0.022 	 15.2 	 1.23312 	 0.556 	 0 
0.0221 	 15.2 	 1.23305 	 0.556 	 0 
0.0222 	 15.2 	 1.23298 	 0.556 	 0 
0.0223 	 15.2 	 1.23291 	 0.556 	 0 
0.0224 	 15.2 	 1.23284 	 0.556 	 0 
0.0225 	 15.2 	 1.23276 	 0.556 	 0 
0.0226 	 15.2 	 1.23269 	 0.556 	 0 
0.0227 	 15.2 	 1.23261 	 0.556 	 0 
0.0228 	 15.2 	 1.23253 	 0.556 	 0 
0.0229 	 15.2 	 1.23245 	 0.556 	 0 
0.023 	 15.2 	 1.23236 	 0.556 	 0 
0.0231 	 15.2 	 1.23228 	 0.556 	 0 
0.0232 	 15.2 	 1.23219 	 0.556 	 0 
0.0233 	 15.2 	 1.2321 	 0.556 	 0 
0.0234 	 15.2 	 1.23201 	 0.556 	 0 
0.0235 	 15.2 	 1.23191 	 0.556 	 0 
0.0236 	 15.2 	 1.23182 	 0.556 	 0 
0.0237 	 15.2 	 1.23172 	 0.556 	 0 
0.0238 	 15.2 	 1.23162 	 0.556 	 0 
0.0239 	 15.2 	 1.23151 	 0.556 	 0 
0.024 	 15.2 	 1.23141 	 0.556 	 0 
0.0241 	 15.2 	 1.2313 	 0.556 	 0 
0.0242 	 15.2 	 1.23119 	 0.556 	 0 
0.0243 	 15.2 	 1.23108 	 0.556 	 0 
0.0244 	 15.2 	 1.23097 	 0.556 	 0 
0.0245 	 15.2 	 1.23085 	 0.556 	 0 
0.0246 	 15.2 	 1.23073 	 0.556 	 0 
0.0247 	 15.2 	 1.23061 	 0.556 	 0 
0.0248 	 15.2 	 1.23049 	 0.556 	 0 
0.0249 	 15.2 	 1.23036 	 0.556 	 0 
0.025 	 15.2 	 1.23023 	 0.556 	 0 
0.0251 	 15.2 	 1.2301 	 0.556 	 0 
0.0252 	 15.2 	 1.22997 	 0.556 	 0 
0.0253 	 15.2 	 1.22984 	 0.556 	 0 
0.0254 	 15.2 	 1.2297 	 0.556 	 0 
0.0255 	 15.2 	 1.22956 	 0.556 	 0 
0.0256 	 15.2 	 1.22941 	 0.556 	 0 
0.0257 	 15.2 	 1.22927 	 0.556 	 0 
0.0258 	 15.2 	 1.22912 	 0.556 	 0 
0.0259 	 15.2 	 1.22897 	 0.556 	 0 
0.026 	 15.2 	 1.22881 	 0.556 	 0 
0.0261 	 15.2 	 1.22866 	 0.556 	 0 
0.0262 	 15.2 	 1.2285 	 0.556 	 0 
0.0263 	 15.2 	 1.22834 	 0.556 	 0 
0.0264 	 15.2 	 1.22817 	 0.556 	 0 
0.0265 	 15.2 	 1.228 	 0.556 	 0 
0.0266 	 15.2 	 1.22783 	 0.556 	 0 
0.0267 	 15.2 	 1.22766 	 0.556 	 0 
0.0268 	 15.2 	 1.22748 	 0.556 	 0 
0.0269 	 15.2 	 1.2273 	 0.556 	 0 
0.027 	 15.2 	 1.22712 	 0.556 	 0 
0.0271 	 15.2 	 1.22694 	 0.556 	 0 
0.0272 	 15.2 	 1.22675 	 0.556 	 0 
0.0273 	 15.2 	 1.22656 	 0.556 	 0 
0.0274 	 15.2 	 1.22636 	 0.556 	 0 
0.0275 	 15.2 	 1.22617 	 0.556 	 0 
0.0276 	 15.2 	 1.22596 	 0.556 	 0 
0.0277 	 15.2 	 1.22576 	 0.556 	 0 
0.0278 	 15.2 	 1.22556 	 0.556 	 0 
0.0279 	 15.2 	 1.22535 	 0.556 	 0 
0.028 	 15.2 	 1.22513 	 0.556 	 0 
0.0281 	 15.2 	 1.22492 	 0.556 	 0 
0.0282 	 15.2 	 1.2247 	 0.556 	 0 
0.0283 	 15.2 	 1.22448 	 0.556 	 0 
0.0284 	 15.2 	 1.22425 	 0.556 	 0 
0.0285 	 15.2 	 1.22402 	 0.556 	 0 
0.0286 	 15.2 	 1.22379 	 0.556 	 0 
0.0287 	 15.2 	 1.22355 	 0.556 	 0 
0.0288 	 15.2 	 1.22331 	 0.556 	 0 
0.0289 	 15.2 	 1.22307 	 0.556 	 0 
0.029 	 15.2 	 1.22283 	 0.556 	 0 
0.0291 	 15.2 	 1.22258 	 0.556 	 0 
0.0292 	 15.2 	 1.22232 	 0.556 	 0 
0.0293 	 15.2 	 1.22207 	 0.556 	 0 
0.0294 	 15.2 	 1.22181 	 0.556 	 0 
0.0295 	 15.2 	 1.22155 	 0.556 	 0 
0.0296 	 15.2 	 1.22128 	 0.556 	 0 
0.0297 	 15.2 	 1.22101 	 0.556 	 0 
0.0298 	 15.2 	 1.22074 	 0.556 	 0 
0.0299 	 15.2 	 1.22046 	 0.556 	 0 
0.03 	 15.2 	 1.22018 	 0.556 	 0 
0.0301 	 15.2 	 1.21989 	 0.556 	 0 
0.0302 	 15.2 	 1.21961 	 0.556 	 0 
0.0303 	 15.2 	 1.21932 	 0.556 	 0 
0.0304 	 15.2 	 1.21902 	 0.556 	 0 
0.0305 	 15.2 	 1.21872 	 0.556 	 0 
0.0306 	 15.2 	 1.21842 	 0.556 	 0 
0.0307 	 15.2 	 1.21811 	 0.556 	 0 
0.0308 	 15.2 	 1.2178 	 0.556 	 0 
0.0309 	 15.2 	 1.21749 	 0.556 	 0 
0.031 	 15.2 	 1.21717 	 0.556 	 0 
0.0311 	 15.2 	 1.21685 	 0.556 	 0 
0.0312 	 15.2 	 1.21652 	 0.556 	 0 
0.0313 	 15.2 	 1.21619 	 0.556 	 0 
0.0314 	 15.2 	 1.21586 	 0.556 	 0 
0.0315 	 15.2 	 1.21552 	 0.556 	 0 
0.0316 	 15.2 	 1.21518 	 0.556 	 0 
0.0317 	 15.2 	 1.21484 	 0.556 	 0 
0.0318 	 15.2 	 1.21449 	 0.556 	 0 
0.0319 	 15.2 	 1.21414 	 0.556 	 0 
0.032 	 15.2 	 1.21378 	 0.556 	 0 
0.0321 	 15.2 	 1.21342 	 0.556 	 0 
0.0322 	 15.2 	 1.21305 	 0.556 	 0 
0.0323 	 15.2 	 1.21268 	 0.556 	 0 
0.0324 	 15.2 	 1.21231 	 0.556 	 0 
0.0325 	 15.2 	 1.21193 	 0.556 	 0 
0.0326 	 15.2 	 1.21155 	 0.556 	 0 
0.0327 	 15.2 	 1.21117 	 0.556 	 0 
0.0328 	 15.2 	 1.21078 	 0.556 	 0 
0.0329 	 15.2 	 1.21038 	 0.556 	 0 
0.033 	 15.2 	 1.20998 	 0.556 	 0 
0.0331 	 15.2 	 1.20958 	 0.556 	 0 
0.0332 	 15.2 	 1.20918 	 0.556 	 0 
0.0333 	 15.2 	 1.20876 	 0.556 	 0 
0.0334 	 15.2 	 1.20835 	 0.556 	 0 
0.0335 	 15.2 	 1.20793 	 0.556 	 0 
0.0336 	 15.2 	 1.20751 	 0.556 	 0 
0.0337 	 15.2 	 1.20708 	 0.556 	 0 
0.0338 	 15.2 	 1.20665 	 0.556 	 0 
0.0339 	 15.2 	 1.20621 	 0.556 	 0 
0.034 	 15.2 	 1.20577 	 0.556 	 0 
0.0341 	 15.2 	 1.20532 	 0.556 	 0 
0.0342 	 15.2 	 1.20487 	 0.556 	 0 
0.0343 	 15.2 	 1.20442 	 0.556 	 0 
0.0344 	 15.2 	 1.20396 	 0.556 	 0 
0.0345 	 15.2 	 1.2035 	 0.556 	 0 
0.0346 	 15.2 	 1.20303 	 0.556 	 0 
0.0347 	 15.2 	 1.20256 	 0.556 	 0 
0.0348 	 15.2 	 1.20208 	 0.556 	 0 
0.0349 	 15.2 	 1.2016 	 0.556 	 0 
0.035 	 15.2 	 1.20111 	 0.556 	 0 
0.0351 	 15.2 	 1.20062 	 0.556 	 0 
0.0352 	 15.2 	 1.20013 	 0.556 	 0 
0.0353 	 15.2 	 1.19963 	 0.556 	 0 
0.0354 	 15.2 	 1.19912 	 0.556 	 0 
0.0355 	 15.2 	 1.19861 	 0.556 	 0 
0.0356 	 15.2 	 1.1981 	 0.556 	 0 
0.0357 	 15.2 	 1.19758 	 0.556 	 0 
0.0358 	 15.2 	 1.19706 	 0.556 	 0 
0.0359 	 15.2 	 1.19653 	 0.556 	 0 
0.036 	 15.2 	 1.196 	 0.556 	 0 
0.0361 	 15.2 	 1.19546 	 0.556 	 0 
0.0362 	 15.2 	 1.19492 	 0.556 	 0 
0.0363 	 15.2 	 1.19437 	 0.556 	 0 
0.0364 	 15.2 	 1.19382 	 0.556 	 0 
0.0365 	 15.2 	 1.19326 	 0.556 	 0 
0.0366 	 15.2 	 1.1927 	 0.556 	 0 
0.0367 	 15.2 	 1.19213 	 0.556 	 0 
0.0368 	 15.2 	 1.19156 	 0.556 	 0 
0.0369 	 15.2 	 1.19099 	 0.556 	 0 
0.037 	 15.2 	 1.19041 	 0.556 	 0 
0.0371 	 15.2 	 1.18982 	 0.556 	 0 
0.0372 	 15.2 	 1.18923 	 0.556 	 0 
0.0373 	 15.2 	 1.18863 	 0.556 	 0 
0.0374 	 15.2 	 1.18803 	 0.556 	 0 
0.0375 	 15.2 	 1.18743 	 0.556 	 0 
0.0376 	 15.2 	 1.18682 	 0.556 	 0 
0.0377 	 15.2 	 1.1862 	 0.556 	 0 
0.0378 	 15.2 	 1.18558 	 0.556 	 0 
0.0379 	 15.2 	 1.18495 	 0.556 	 0 
0.038 	 15.2 	 1.18432 	 0.556 	 0 
0.0381 	 15.2 	 1.18368 	 0.556 	 0 
0.0382 	 15.2 	 1.18304 	 0.556 	 0 
0.0383 	 15.2 	 1.1824 	 0.556 	 0 
0.0384 	 15.2 	 1.18174 	 0.556 	 0 
0.0385 	 15.2 	 1.18109 	 0.556 	 0 
0.0386 	 15.2 	 1.18042 	 0.556 	 0 
0.0387 	 15.2 	 1.17976 	 0.556 	 0 
0.0388 	 15.2 	 1.17908 	 0.556 	 0 
0.0389 	 15.2 	 1.17841 	 0.556 	 0 
0.039 	 15.2 	 1.17772 	 0.556 	 0 
0.0391 	 15.2 	 1.17703 	 0.556 	 0 
0.0392 	 15.2 	 1.17634 	 0.556 	 0 
0.0393 	 15.2 	 1.17564 	 0.556 	 0 
0.0394 	 15.2 	 1.17494 	 0.556 	 0 
0.0395 	 15.2 	 1.17423 	 0.556 	 0 
0.0396 	 15.2 	 1.17351 	 0.556 	 0 
0.0397 	 15.2 	 1.17279 	 0.556 	 0 
0.0398 	 15.2 	 1.17206 	 0.556 	 0 
0.0399 	 15.2 	 1.17133 	 0.556 	 0 
0.04 	 15.2 	 1.17059 	 0.556 	 0 
0.0401 	 15.2 	 1.16985 	 0.556 	 0 
0.0402 	 15.2 	 1.1691 	 0.556 	 0 
0.0403 	 15.2 	 1.16835 	 0.556 	 0 
0.0404 	 15.2 	 1.16759 	 0.556 	 0 
0.0405 	 15.2 	 1.16683 	 0.556 	 0 
0.0406 	 15.2 	 1.16605 	 0.556 	 0 
0.0407 	 15.2 	 1.16528 	 0.556 	 0 
0.0408 	 15.2 	 1.1645 	 0.556 	 0 
0.0409 	 15.2 	 1.16371 	 0.556 	 0 
0.041 	 15.2 	 1.16292 	 0.556 	 0 
0.0411 	 15.2 	 1.16212 	 0.556 	 0 
0.0412 	 15.2 	 1.16131 	 0.556 	 0 
0.0413 	 15.2 	 1.1605 	 0.556 	 0 
0.0414 	 15.2 	 1.15969 	 0.556 	 0 
0.0415 	 15.2 	 1.15887 	 0.556 	 0 
0.0416 	 15.2 	 1.15804 	 0.556 	 0 
0.0417 	 15.2 	 1.15721 	 0.556 	 0 
0.0418 	 15.2 	 1.15637 	 0.556 	 0 
0.0419 	 15.2 	 1.15552 	 0.556 	 0 
0.042 	 15.2 	 1.15467 	 0.556 	 0 
0.0421 	 15.2 	 1.15382 	 0.556 	 0 
0.0422 	 15.2 	 1.15296 	 0.556 	 0 
0.0423 	 15.2 	 1.15209 	 0.556 	 0 
0.0424 	 15.2 	 1.15121 	 0.556 	 0 
0.0425 	 15.2 	 1.15033 	 0.556 	 0 
0.0426 	 15.2 	 1.14945 	 0.556 	 0 
0.0427 	 15.2 	 1.14856 	 0.556 	 0 
0.0428 	 15.2 	 1.14766 	 0.556 	 0 
0.0429 	 15.2 	 1.14675 	 0.556 	 0 
0.043 	 15.2 	 1.14584 	 0.556 	 0 
0.0431 	 15.2 	 1.14493 	 0.556 	 0 
0.0432 	 15.2 	 1.14401 	 0.556 	 0 
0.0433 	 15.2 	 1.14308 	 0.556 	 0 
0.0434 	 15.2 	 1.14214 	 0.556 	 0 
0.0435 	 15.2 	 1.1412 	 0.556 	 0 
0.0436 	 15.2 	 1.14026 	 0.556 	 0 
0.0437 	 15.2 	 1.1393 	 0.556 	 0 
0.0438 	 15.2 	 1.13835 	 0.556 	 0 
0.0439 	 15.2 	 1.13738 	 0.556 	 0 
0.044 	 15.2 	 1.13641 	 0.556 	 0 
0.0441 	 15.2 	 1.13543 	 0.556 	 0 
0.0442 	 15.2 	 1.13445 	 0.556 	 0 
0.0443 	 15.2 	 1.13346 	 0.556 	 0 
0.0444 	 15.2 	 1.13246 	 0.556 	 0 
0.0445 	 15.2 	 1.13146 	 0.556 	 0 
0.0446 	 15.2 	 1.13045 	 0.556 	 0 
0.0447 	 15.2 	 1.12943 	 0.556 	 0 
0.0448 	 15.2 	 1.12841 	 0.556 	 0 
0.0449 	 15.2 	 1.12738 	 0.556 	 0 
0.045 	 15.2 	 1.12635 	 0.556 	 0 
0.0451 	 15.2 	 1.12531 	 0.556 	 0 
0.0452 	 15.2 	 1.12426 	 0.556 	 0 
0.0453 	 15.2 	 1.1232 	 0.556 	 0 
0.0454 	 15.2 	 1.12214 	 0.556 	 0 
0.0455 	 15.2 	 1.12108 	 0.556 	 0 
0.0456 	 15.2 	 1.12 	 0.556 	 0 
0.0457 	 15.2 	 1.11892 	 0.556 	 0 
0.0458 	 15.2 	 1.11783 	 0.556 	 0 
0.0459 	 15.2 	 1.11736 	 0.557 	 1 
0.046 	 15.2 	 1.11589 	 0.557 	 3 
0.0461 	 15.2 	 1.11488 	 0.557 	 4 
0.0462 	 15.2 	 1.11426 	 0.557 	 2 
0.0463 	 15.2 	 1.11258 	 0.557 	 3 
0.0464 	 15.2 	 1.11196 	 0.557 	 2 
0.0465 	 15.2 	 1.11027 	 0.557 	 3 
0.0466 	 15.2 	 1.10963 	 0.557 	 2 
0.0467 	 15.2 	 1.10872 	 0.557 	 2 
0.0468 	 15.2 	 1.10685 	 0.557 	 3 
0.0469 	 15.2 	 1.10614 	 0.557 	 2 
0.047 	 15.2 	 1.10518 	 0.557 	 2 
0.0471 	 15.2 	 1.10409 	 0.557 	 2 
0.0472 	 15.2 	 1.10295 	 0.557 	 2 
0.0473 	 15.2 	 1.10176 	 0.557 	 2 
0.0474 	 15.2 	 1.10055 	 0.557 	 2 
0.0475 	 15.2 	 1.09933 	 0.557 	 2 
0.0476 	 15.2 	 1.0981 	 0.557 	 2 
0.0477 	 15.2 	 1.09686 	 0.557 	 2 
0.0478 	 15.2 	 1.09561 	 0.557 	 2 
0.0479 	 15.2 	 1.09435 	 0.557 	 2 
0.048 	 15.2 	 1.09308 	 0.557 	 2 
0.0481 	 15.2 	 1.09181 	 0.557 	 2 
0.0482 	 15.2 	 1.09171 	 0.557 	 0 
0.0483 	 15.2 	 1.08983 	 0.557 	 2 
0.0484 	 15.2 	 1.08825 	 0.557 	 2 
0.0485 	 15.2 	 1.08808 	 0.557 	 0 
0.0486 	 15.2 	 1.08606 	 0.557 	 2 
0.0487 	 15.2 	 1.08439 	 0.557 	 2 
0.0488 	 15.2 	 1.08419 	 0.557 	 0 
0.0489 	 15.2 	 1.08212 	 0.557 	 2 
0.049 	 15.2 	 1.08184 	 0.557 	 0 
0.0491 	 15.2 	 1.0796 	 0.557 	 2 
0.0492 	 15.2 	 1.07929 	 0.557 	 0 
0.0493 	 15.2 	 1.07696 	 0.557 	 2 
0.0494 	 15.2 	 1.07662 	 0.557 	 0 
0.0495 	 15.2 	 1.07425 	 0.557 	 2 
0.0496 	 15.2 	 1.0739 	 0.557 	 0 
0.0497 	 15.2 	 1.0715 	 0.557 	 2 
0.0498 	 15.2 	 1.07113 	 0.557 	 0 
0.0499 	 15.2 	 1.0687 	 0.557 	 2 
0.05 	 15.2 	 1.06833 	 0.557 	 0 
0.0501 	 15.2 	 1.06587 	 0.557 	 2 
0.0502 	 15.2 	 1.06549 	 0.557 	 0 
0.0503 	 15.2 	 1.06488 	 0.557 	 0 
0.0504 	 15.2 	 1.06201 	 0.557 	 2 
0.0505 	 15.2 	 1.06152 	 0.557 	 0 
0.0506 	 15.2 	 1.06084 	 0.557 	 0 
0.0507 	 15.2 	 1.05779 	 0.557 	 2 
0.0508 	 15.2 	 1.05727 	 0.557 	 0 
0.0509 	 15.2 	 1.05654 	 0.557 	 0 
0.051 	 15.2 	 1.05341 	 0.557 	 2 
0.0511 	 15.2 	 1.05285 	 0.557 	 0 
0.0512 	 15.2 	 1.0521 	 0.557 	 0 
0.0513 	 15.2 	 1.04892 	 0.557 	 2 
0.0514 	 15.2 	 1.04834 	 0.557 	 0 
0.0515 	 15.2 	 1.04757 	 0.557 	 0 
0.0516 	 15.2 	 1.04666 	 0.557 	 0 
0.0517 	 15.2 	 1.04313 	 0.557 	 2 
0.0518 	 15.2 	 1.04247 	 0.557 	 0 
0.0519 	 15.2 	 1.04163 	 0.557 	 0 
0.052 	 15.2 	 1.04065 	 0.557 	 0 
0.0521 	 15.2 	 1.03697 	 0.557 	 2 
0.0522 	 15.2 	 1.03627 	 0.557 	 0 
0.0523 	 15.2 	 1.03539 	 0.557 	 0 
0.0524 	 15.2 	 1.03437 	 0.557 	 0 
0.0525 	 15.2 	 1.03235 	 0.557 	 1 
0.0526 	 15.2 	 1.03045 	 0.557 	 1 
0.0527 	 15.2 	 1.02944 	 0.557 	 0 
0.0528 	 15.2 	 1.02741 	 0.557 	 1 
0.0529 	 15.2 	 1.02549 	 0.557 	 1 
0.053 	 15.2 	 1.02447 	 0.557 	 0 
0.0531 	 15.2 	 1.02242 	 0.557 	 1 
0.0532 	 15.2 	 1.02048 	 0.557 	 1 
0.0533 	 15.2 	 1.01861 	 0.557 	 1 
0.0534 	 15.2 	 1.0176 	 0.557 	 0 
0.0535 	 15.2 	 1.01556 	 0.557 	 1 
0.0536 	 15.2 	 1.01361 	 0.557 	 1 
0.0537 	 15.2 	 1.01172 	 0.557 	 1 
0.0538 	 15.2 	 1.00987 	 0.557 	 1 
0.0539 	 15.2 	 1.00887 	 0.557 	 0 
0.054 	 15.2 	 1.00681 	 0.557 	 1 
0.0541 	 15.2 	 1.00483 	 0.557 	 1 
0.0542 	 15.2 	 1.00291 	 0.557 	 1 
0.0543 	 15.2 	 1.00103 	 0.557 	 1 
0.0544 	 15.2 	 0.99916 	 0.557 	 1 
0.0545 	 15.2 	 0.997305 	 0.557 	 1 
0.0546 	 15.2 	 0.995455 	 0.557 	 1 
0.0547 	 15.2 	 0.993606 	 0.557 	 1 
0.0548 	 15.2 	 0.991754 	 0.557 	 1 
0.0549 	 15.2 	 0.989897 	 0.557 	 1 
0.055 	 15.2 	 0.988034 	 0.557 	 1 
0.0551 	 15.2 	 0.986162 	 0.557 	 1 
0.0552 	 15.2 	 0.984283 	 0.557 	 1 
0.0553 	 15.2 	 0.982395 	 0.557 	 1 
0.0554 	 15.2 	 0.980497 	 0.557 	 1 
0.0555 	 15.2 	 0.978589 	 0.557 	 1 
0.0556 	 15.2 	 0.976672 	 0.557 	 1 
0.0557 	 15.2 	 0.974744 	 0.557 	 1 
0.0558 	 15.2 	 0.972806 	 0.557 	 1 
0.0559 	 15.2 	 0.970858 	 0.557 	 1 
0.056 	 15.2 	 0.968899 	 0.557 	 1 
0.0561 	 15.2 	 0.96693 	 0.557 	 1 
0.0562 	 15.2 	 0.96495 	 0.557 	 1 
0.0563 	 15.2 	 0.962959 	 0.557 	 1 
0.0564 	 15.2 	 0.960958 	 0.557 	 1 
0.0565 	 15.2 	 0.958945 	 0.557 	 1 
0.0566 	 15.2 	 0.956922 	 0.557 	 1 
0.0567 	 15.2 	 0.954888 	 0.557 	 1 
0.0568 	 15.2 	 0.952842 	 0.557 	 1 
0.0569 	 15.2 	 0.950785 	 0.557 	 1 
0.057 	 15.2 	 0.948717 	 0.557 	 1 
0.0571 	 15.2 	 0.946638 	 0.557 	 1 
0.0572 	 15.2 	 0.943736 	 0.557 	 2 
0.0573 	 15.2 	 0.941847 	 0.557 	 1 
0.0574 	 15.2 	 0.93989 	 0.557 	 1 
0.0575 	 15.2 	 0.93788 	 0.557 	 1 
0.0576 	 15.2 	 0.935828 	 0.557 	 1 
0.0577 	 15.2 	 0.932927 	 0.557 	 2 
0.0578 	 15.2 	 0.931022 	 0.557 	 1 
0.0579 	 15.2 	 0.929039 	 0.557 	 1 
0.058 	 15.2 	 0.926193 	 0.557 	 2 
0.0581 	 15.2 	 0.924304 	 0.557 	 1 
0.0582 	 15.2 	 0.922324 	 0.557 	 1 
0.0583 	 15.2 	 0.919466 	 0.557 	 2 
0.0584 	 15.2 	 0.917561 	 0.557 	 1 
0.0585 	 15.2 	 0.915561 	 0.557 	 1 
0.0586 	 15.2 	 0.912667 	 0.557 	 2 
0.0587 	 15.2 	 0.910736 	 0.557 	 1 
0.0588 	 15.2 	 0.907904 	 0.557 	 2 
0.0589 	 15.2 	 0.905996 	 0.557 	 1 
0.059 	 15.2 	 0.903178 	 0.557 	 2 
0.0591 	 15.2 	 0.90127 	 0.557 	 1 
0.0592 	 15.2 	 0.898442 	 0.557 	 2 
0.0593 	 15.2 	 0.896523 	 0.557 	 1 
0.0594 	 15.2 	 0.893674 	 0.557 	 2 
0.0595 	 15.2 	 0.891739 	 0.557 	 1 
0.0596 	 15.2 	 0.888863 	 0.557 	 2 
0.0597 	 15.2 	 0.886126 	 0.557 	 2 
0.0598 	 15.2 	 0.884234 	 0.557 	 1 
0.0599 	 15.2 	 0.88139 	 0.557 	 2 
0.06 	 15.2 	 0.878658 	 0.557 	 2 
0.0601 	 15.2 	 0.876759 	 0.557 	 1 
0.0602 	 15.2 	 0.873894 	 0.557 	 2 
0.0603 	 15.2 	 0.871131 	 0.557 	 2 
0.0604 	 15.2 	 0.868432 	 0.557 	 2 
0.0605 	 15.2 	 0.865771 	 0.557 	 2 
0.0606 	 15.2 	 0.863131 	 0.557 	 2 
0.0607 	 15.2 	 0.860501 	 0.557 	 2 
0.0608 	 15.2 	 0.857872 	 0.557 	 2 
0.0609 	 15.2 	 0.855239 	 0.557 	 2 
0.061 	 15.2 	 0.852598 	 0.557 	 2 
0.0611 	 15.2 	 0.849948 	 0.557 	 2 
0.0612 	 15.2 	 0.847285 	 0.557 	 2 
0.0613 	 15.2 	 0.844609 	 0.557 	 2 
0.0614 	 15.2 	 0.84192 	 0.557 	 2 
0.0615 	 15.2 	 0.839215 	 0.557 	 2 
0.0616 	 15.2 	 0.836496 	 0.557 	 2 
0.0617 	 15.2 	 0.83376 	 0.557 	 2 
0.0618 	 15.2 	 0.831009 	 0.557 	 2 
0.0619 	 15.2 	 0.828241 	 0.557 	 2 
0.062 	 15.2 	 0.825457 	 0.557 	 2 
0.0621 	 15.2 	 0.822657 	 0.557 	 2 
0.0622 	 15.2 	 0.819101 	 0.557 	 3 
0.0623 	 15.2 	 0.816473 	 0.557 	 2 
0.0624 	 15.2 	 0.81377 	 0.557 	 2 
0.0625 	 15.2 	 0.811007 	 0.557 	 2 
0.0626 	 15.2 	 0.807455 	 0.557 	 3 
0.0627 	 15.2 	 0.804808 	 0.557 	 2 
0.0628 	 15.2 	 0.801347 	 0.557 	 3 
0.0629 	 15.2 	 0.798736 	 0.557 	 2 
0.063 	 15.2 	 0.795294 	 0.557 	 3 
0.0631 	 15.2 	 0.792683 	 0.557 	 2 
0.0632 	 15.2 	 0.789227 	 0.557 	 3 
0.0633 	 15.2 	 0.786598 	 0.557 	 2 
0.0634 	 15.2 	 0.783112 	 0.557 	 3 
0.0635 	 15.2 	 0.779746 	 0.557 	 3 
0.0636 	 15.2 	 0.777149 	 0.557 	 2 
0.0637 	 15.2 	 0.773673 	 0.557 	 3 
0.0638 	 15.2 	 0.770578 	 0.558 	 4 
0.0639 	 15.2 	 0.767288 	 0.558 	 5 
0.064 	 15.2 	 0.764662 	 0.558 	 4 
0.0641 	 15.2 	 0.761115 	 0.558 	 5 
0.0642 	 15.2 	 0.758346 	 0.558 	 4 
0.0643 	 15.2 	 0.755377 	 0.558 	 4 
0.0644 	 15.2 	 0.752276 	 0.558 	 4 
0.0645 	 15.2 	 0.749083 	 0.558 	 4 
0.0646 	 15.2 	 0.745825 	 0.558 	 4 
0.0647 	 15.2 	 0.742517 	 0.558 	 4 
0.0648 	 15.2 	 0.739997 	 0.558 	 3 
0.0649 	 15.2 	 0.736324 	 0.558 	 4 
0.065 	 15.2 	 0.733594 	 0.558 	 3 
0.0651 	 15.2 	 0.72973 	 0.558 	 4 
0.0652 	 15.2 	 0.726883 	 0.558 	 3 
0.0653 	 15.2 	 0.723839 	 0.558 	 3 
0.0654 	 15.2 	 0.72065 	 0.558 	 3 
0.0655 	 15.2 	 0.717352 	 0.558 	 3 
0.0656 	 15.2 	 0.713969 	 0.558 	 3 
0.0657 	 15.2 	 0.710518 	 0.558 	 3 
0.0658 	 15.2 	 0.707012 	 0.558 	 3 
0.0659 	 15.2 	 0.70346 	 0.558 	 3 
0.066 	 15.2 	 0.699866 	 0.558 	 3 
0.0661 	 15.2 	 0.696236 	 0.558 	 3 
0.0662 	 15.2 	 0.693719 	 0.558 	 2 
0.0663 	 15.2 	 0.689721 	 0.558 	 3 
0.0664 	 15.2 	 0.685774 	 0.558 	 3 
0.0665 	 15.2 	 0.683058 	 0.558 	 2 
0.0666 	 15.2 	 0.678845 	 0.558 	 3 
0.0667 	 15.2 	 0.675964 	 0.558 	 2 
0.0668 	 15.2 	 0.671573 	 0.558 	 3 
0.0669 	 15.2 	 0.668575 	 0.558 	 2 
0.067 	 15.2 	 0.664054 	 0.558 	 3 
0.0671 	 15.2 	 0.660966 	 0.558 	 2 
0.0672 	 15.2 	 0.656342 	 0.558 	 3 
0.0673 	 15.2 	 0.65318 	 0.558 	 2 
0.0674 	 15.2 	 0.647804 	 0.558 	 5 
0.0675 	 15.2 	 0.643337 	 0.558 	 5 
0.0676 	 15.2 	 0.638948 	 0.558 	 5 
0.0677 	 15.2 	 0.634601 	 0.558 	 5 
0.0678 	 15.2 	 0.630267 	 0.558 	 5 
0.0679 	 15.2 	 0.625932 	 0.558 	 5 
0.068 	 15.2 	 0.621584 	 0.558 	 5 
0.0681 	 15.2 	 0.616631 	 0.558 	 6 
0.0682 	 15.2 	 0.612408 	 0.558 	 5 
0.0683 	 15.2 	 0.607523 	 0.558 	 6 
0.0684 	 15.2 	 0.603314 	 0.558 	 5 
0.0685 	 15.2 	 0.59841 	 0.558 	 6 
0.0686 	 15.2 	 0.593591 	 0.558 	 6 
0.0687 	 15.2 	 0.588813 	 0.558 	 6 
0.0688 	 15.2 	 0.584046 	 0.558 	 6 
0.0689 	 15.2 	 0.579273 	 0.558 	 6 
0.069 	 15.2 	 0.573931 	 0.558 	 7 
0.0691 	 15.2 	 0.569275 	 0.558 	 6 
0.0692 	 15.2 	 0.563986 	 0.558 	 7 
0.0693 	 15.2 	 0.558791 	 0.558 	 7 
0.0694 	 15.2 	 0.55364 	 0.558 	 7 
0.0695 	 15.2 	 0.5485 	 0.558 	 7 
0.0696 	 15.2 	 0.543351 	 0.558 	 7 
0.0697 	 15.2 	 0.537655 	 0.558 	 8 
0.0698 	 15.2 	 0.532091 	 0.558 	 8 
0.0699 	 15.2 	 0.526591 	 0.558 	 8 
0.07 	 15.2 	 0.521113 	 0.558 	 8 
0.0701 	 15.2 	 0.51563 	 0.558 	 8 
0.0702 	 15.2 	 0.509627 	 0.558 	 9 
0.0703 	 15.2 	 0.503743 	 0.558 	 9 
0.0704 	 15.2 	 0.497913 	 0.558 	 9 
0.0705 	 15.2 	 0.492095 	 0.558 	 9 
0.0706 	 15.2 	 0.485788 	 0.558 	 10 
0.0707 	 15.2 	 0.479597 	 0.558 	 10 
0.0708 	 15.2 	 0.473452 	 0.558 	 10 
0.0709 	 15.2 	 0.467313 	 0.558 	 10 
0.071 	 15.2 	 0.460694 	 0.558 	 11 
0.0711 	 15.2 	 0.454173 	 0.558 	 11 
0.0712 	 15.2 	 0.447249 	 0.558 	 12 
0.0713 	 15.2 	 0.440456 	 0.558 	 12 
0.0714 	 15.2 	 0.433714 	 0.558 	 12 
0.0715 	 15.2 	 0.426552 	 0.558 	 13 
0.0716 	 15.2 	 0.419487 	 0.558 	 13 
0.0717 	 15.2 	 0.41204 	 0.558 	 14 
0.0718 	 15.2 	 0.404307 	 0.558 	 15 
0.0719 	 15.2 	 0.39673 	 0.558 	 15 
0.072 	 15.2 	 0.38883 	 0.558 	 16 
0.0721 	 15.2 	 0.381043 	 0.558 	 16 
0.0722 	 15.2 	 0.372911 	 0.558 	 17 
0.0723 	 15.2 	 0.3645 	 0.558 	 18 
0.0724 	 15.2 	 0.355851 	 0.558 	 19 
0.0725 	 15.2 	 0.346989 	 0.558 	 20 
0.0726 	 15.2 	 0.337925 	 0.558 	 21 
0.0727 	 15.2 	 0.328338 	 0.558 	 23 
0.0728 	 15.2 	 0.318662 	 0.558 	 24 
0.0729 	 15.2 	 0.30885 	 0.558 	 25 
0.073 	 15.2 	 0.298267 	 0.558 	 28 
0.0731 	 15.2 	 0.287686 	 0.558 	 29 
0.0732 	 15.2 	 0.276446 	 0.558 	 32 
0.0733 	 15.2 	 0.26469 	 0.558 	 35 
0.0734 	 15.2 	 0.252245 	 0.558 	 39 
0.0735 	 15.2 	 0.239255 	 0.558 	 43 
0.0736 	 15.2 	 0.225563 	 0.558 	 48 
0.0737 	 15.2 	 0.211077 	 0.558 	 54 
0.0738 	 15.2 	 0.195151 	 0.558 	 64 
0.0739 	 15.2 	 0.178045 	 0.558 	 75 
0.074 	 15.2 	 0.158776 	 0.558 	 94 
0.0741 	 15.2 	 0.136941 	 0.558 	 122 
0.0742 	 15.2 	 0.110877 	 0.558 	 175 
0.0743 	 15.2 	 0.0762421 	 0.558 	 314 
0.0744 	 15.2 	 0.022981 	 0.558 	 1000 
0.0745 	 0 	 0 	 0.558 	 0 


0 	 1.23351 
0.0001 	 1.23351 
0.0002 	 1.23351 
0.0003 	 1.23351 
0.0004 	 1.23351 
0.0005 	 1.23351 
0.0006 	 1.23351 
0.0007 	 1.23351 
0.0008 	 1.23351 
0.0009 	 1.2335 
0.001 	 1.2335 
0.0011 	 1.2335 
0.0012 	 1.2335 
0.0013 	 1.2335 
0.0014 	 1.2335 
0.0015 	 1.2335 
0.0016 	 1.2335 
0.0017 	 1.2335 
0.0018 	 1.2335 
0.0019 	 1.2335 
0.002 	 1.23349 
0.0021 	 1.23349 
0.0022 	 1.23349 
0.0023 	 1.23349 
0.0024 	 1.23349 
0.0025 	 1.23348 
0.0026 	 1.23348 
0.0027 	 1.23348 
0.0028 	 1.23347 
0.0029 	 1.23347 
0.003 	 1.23347 
0.0031 	 1.23346 
0.0032 	 1.23346 
0.0033 	 1.23345 
0.0034 	 1.23345 
0.0035 	 1.23344 
0.0036 	 1.23344 
0.0037 	 1.23343 
0.0038 	 1.23342 
0.0039 	 1.23342 
0.004 	 1.23341 
0.0041 	 1.2334 
0.0042 	 1.2334 
0.0043 	 1.23339 
0.0044 	 1.23338 
0.0045 	 1.23337 
0.0046 	 1.23336 
0.0047 	 1.23335 
0.0048 	 1.23334 
0.0049 	 1.23333 
0.005 	 1.23332 
0.0051 	 1.23331 
0.0052 	 1.2333 
0.0053 	 1.23328 
0.0054 	 1.23327 
0.0055 	 1.23326 
0.0056 	 1.23324 
0.0057 	 1.23323 
0.0058 	 1.23321 
0.0059 	 1.2332 
0.006 	 1.23318 
0.0061 	 1.23317 
0.0062 	 1.23315 
0.0063 	 1.23313 
0.0064 	 1.23311 
0.0065 	 1.2331 
0.0066 	 1.23308 
0.0067 	 1.23306 
0.0068 	 1.23304 
0.0069 	 1.23302 
0.007 	 1.23299 
0.0071 	 1.23297 
0.0072 	 1.23295 
0.0073 	 1.23293 
0.0074 	 1.2329 
0.0075 	 1.23288 
0.0076 	 1.23285 
0.0077 	 1.23282 
0.0078 	 1.2328 
0.0079 	 1.23277 
0.008 	 1.23274 
0.0081 	 1.23271 
0.0082 	 1.23268 
0.0083 	 1.23265 
0.0084 	 1.23262 
0.0085 	 1.23259 
0.0086 	 1.23256 
0.0087 	 1.23252 
0.0088 	 1.23249 
0.0089 	 1.23245 
0.009 	 1.23242 
0.0091 	 1.23238 
0.0092 	 1.23234 
0.0093 	 1.23231 
0.0094 	 1.23227 
0.0095 	 1.23223 
0.0096 	 1.23219 
0.0097 	 1.23214 
0.0098 	 1.2321 
0.0099 	 1.23206 
0.01 	 1.23201 
0.0101 	 1.23197 
0.0102 	 1.23192 
0.0103 	 1.23188 
0.0104 	 1.23183 
0.0105 	 1.23178 
0.0106 	 1.23173 
0.0107 	 1.23168 
0.0108 	 1.23163 
0.0109 	 1.23157 
0.011 	 1.23152 
0.0111 	 1.23146 
0.0112 	 1.23141 
0.0113 	 1.23135 
0.0114 	 1.23129 
0.0115 	 1.23124 
0.0116 	 1.23118 
0.0117 	 1.23111 
0.0118 	 1.23105 
0.0119 	 1.23099 
0.012 	 1.23093 
0.0121 	 1.23086 
0.0122 	 1.23079 
0.0123 	 1.23073 
0.0124 	 1.23066 
0.0125 	 1.23059 
0.0126 	 1.23052 
0.0127 	 1.23045 
0.0128 	 1.23037 
0.0129 	 1.2303 
0.013 	 1.23022 
0.0131 	 1.23015 
0.0132 	 1.23007 
0.0133 	 1.22999 
0.0134 	 1.22991 
0.0135 	 1.22983 
0.0136 	 1.22975 
0.0137 	 1.22966 
0.0138 	 1.22958 
0.0139 	 1.22949 
0.014 	 1.22941 
0.0141 	 1.22932 
0.0142 	 1.22923 
0.0143 	 1.22914 
0.0144 	 1.22904 
0.0145 	 1.22895 
0.0146 	 1.22886 
0.0147 	 1.22876 
0.0148 	 1.22866 
0.0149 	 1.22856 
0.015 	 1.22846 
0.0151 	 1.22836 
0.0152 	 1.22826 
0.0153 	 1.22815 
0.0154 	 1.22805 
0.0155 	 1.22794 
0.0156 	 1.22783 
0.0157 	 1.22772 
0.0158 	 1.22761 
0.0159 	 1.2275 
0.016 	 1.22738 
0.0161 	 1.22727 
0.0162 	 1.22715 
0.0163 	 1.22703 
0.0164 	 1.22691 
0.0165 	 1.22679 
0.0166 	 1.22666 
0.0167 	 1.22654 
0.0168 	 1.22641 
0.0169 	 1.22629 
0.017 	 1.22616 
0.0171 	 1.22603 
0.0172 	 1.22589 
0.0173 	 1.22576 
0.0174 	 1.22562 
0.0175 	 1.22549 
0.0176 	 1.22535 
0.0177 	 1.22521 
0.0178 	 1.22507 
0.0179 	 1.22492 
0.018 	 1.22478 
0.0181 	 1.22463 
0.0182 	 1.22448 
0.0183 	 1.22433 
0.0184 	 1.22418 
0.0185 	 1.22403 
0.0186 	 1.22387 
0.0187 	 1.22371 
0.0188 	 1.22355 
0.0189 	 1.22339 
0.019 	 1.22323 
0.0191 	 1.22307 
0.0192 	 1.2229 
0.0193 	 1.22274 
0.0194 	 1.22257 
0.0195 	 1.2224 
0.0196 	 1.22222 
0.0197 	 1.22205 
0.0198 	 1.22187 
0.0199 	 1.2217 
0.02 	 1.22152 
0.0201 	 1.22133 
0.0202 	 1.22115 
0.0203 	 1.22096 
0.0204 	 1.22078 
0.0205 	 1.22059 
0.0206 	 1.2204 
0.0207 	 1.2202 
0.0208 	 1.22001 
0.0209 	 1.21981 
0.021 	 1.21961 
0.0211 	 1.21941 
0.0212 	 1.21921 
0.0213 	 1.21901 
0.0214 	 1.2188 
0.0215 	 1.21859 
0.0216 	 1.21838 
0.0217 	 1.21817 
0.0218 	 1.21796 
0.0219 	 1.21774 
0.022 	 1.21752 
0.0221 	 1.2173 
0.0222 	 1.21708 
0.0223 	 1.21685 
0.0224 	 1.21663 
0.0225 	 1.2164 
0.0226 	 1.21617 
0.0227 	 1.21593 
0.0228 	 1.2157 
0.0229 	 1.21546 
0.023 	 1.21522 
0.0231 	 1.21498 
0.0232 	 1.21474 
0.0233 	 1.21449 
0.0234 	 1.21424 
0.0235 	 1.21399 
0.0236 	 1.21374 
0.0237 	 1.21349 
0.0238 	 1.21323 
0.0239 	 1.21297 
0.024 	 1.21271 
0.0241 	 1.21245 
0.0242 	 1.21218 
0.0243 	 1.21191 
0.0244 	 1.21164 
0.0245 	 1.21137 
0.0246 	 1.2111 
0.0247 	 1.21082 
0.0248 	 1.21054 
0.0249 	 1.21026 
0.025 	 1.20998 
0.0251 	 1.20969 
0.0252 	 1.2094 
0.0253 	 1.20911 
0.0254 	 1.20882 
0.0255 	 1.20852 
0.0256 	 1.20822 
0.0257 	 1.20792 
0.0258 	 1.20762 
0.0259 	 1.20731 
0.026 	 1.20701 
0.0261 	 1.2067 
0.0262 	 1.20638 
0.0263 	 1.20607 
0.0264 	 1.20575 
0.0265 	 1.20543 
0.0266 	 1.20511 
0.0267 	 1.20478 
0.0268 	 1.20445 
0.0269 	 1.20412 
0.027 	 1.20379 
0.0271 	 1.20345 
0.0272 	 1.20312 
0.0273 	 1.20278 
0.0274 	 1.20243 
0.0275 	 1.20209 
0.0276 	 1.20174 
0.0277 	 1.20139 
0.0278 	 1.20103 
0.0279 	 1.20068 
0.028 	 1.20032 
0.0281 	 1.19995 
0.0282 	 1.19959 
0.0283 	 1.19922 
0.0284 	 1.19885 
0.0285 	 1.19848 
0.0286 	 1.1981 
0.0287 	 1.19773 
0.0288 	 1.19735 
0.0289 	 1.19696 
0.029 	 1.19658 
0.0291 	 1.19619 
0.0292 	 1.19579 
0.0293 	 1.1954 
0.0294 	 1.195 
0.0295 	 1.1946 
0.0296 	 1.1942 
0.0297 	 1.19379 
0.0298 	 1.19338 
0.0299 	 1.19297 
0.03 	 1.19255 
0.0301 	 1.19214 
0.0302 	 1.19171 
0.0303 	 1.19129 
0.0304 	 1.19086 
0.0305 	 1.19043 
0.0306 	 1.19 
0.0307 	 1.18957 
0.0308 	 1.18913 
0.0309 	 1.18869 
0.031 	 1.18824 
0.0311 	 1.18779 
0.0312 	 1.18734 
0.0313 	 1.18689 
0.0314 	 1.18643 
0.0315 	 1.18597 
0.0316 	 1.18551 
0.0317 	 1.18504 
0.0318 	 1.18457 
0.0319 	 1.1841 
0.032 	 1.18362 
0.0321 	 1.18314 
0.0322 	 1.18266 
0.0323 	 1.18217 
0.0324 	 1.18169 
0.0325 	 1.18119 
0.0326 	 1.1807 
0.0327 	 1.1802 
0.0328 	 1.1797 
0.0329 	 1.17919 
0.033 	 1.17869 
0.0331 	 1.17817 
0.0332 	 1.17766 
0.0333 	 1.17714 
0.0334 	 1.17662 
0.0335 	 1.17609 
0.0336 	 1.17557 
0.0337 	 1.17503 
0.0338 	 1.1745 
0.0339 	 1.17396 
0.034 	 1.17342 
0.0341 	 1.17287 
0.0342 	 1.17232 
0.0343 	 1.17177 
0.0344 	 1.17122 
0.0345 	 1.17066 
0.0346 	 1.17009 
0.0347 	 1.16953 
0.0348 	 1.16896 
0.0349 	 1.16838 
0.035 	 1.16781 
0.0351 	 1.16722 
0.0352 	 1.16664 
0.0353 	 1.16605 
0.0354 	 1.16546 
0.0355 	 1.16487 
0.0356 	 1.16427 
0.0357 	 1.16366 
0.0358 	 1.16306 
0.0359 	 1.16245 
0.036 	 1.16183 
0.0361 	 1.16122 
0.0362 	 1.16059 
0.0363 	 1.15997 
0.0364 	 1.15934 
0.0365 	 1.15871 
0.0366 	 1.15807 
0.0367 	 1.15743 
0.0368 	 1.15679 
0.0369 	 1.15614 
0.037 	 1.15549 
0.0371 	 1.15483 
0.0372 	 1.15417 
0.0373 	 1.15351 
0.0374 	 1.15284 
0.0375 	 1.15217 
0.0376 	 1.15149 
0.0377 	 1.15081 
0.0378 	 1.15013 
0.0379 	 1.14944 
0.038 	 1.14875 
0.0381 	 1.14805 
0.0382 	 1.14735 
0.0383 	 1.14665 
0.0384 	 1.14594 
0.0385 	 1.14523 
0.0386 	 1.14451 
0.0387 	 1.14379 
0.0388 	 1.14307 
0.0389 	 1.14234 
0.039 	 1.1416 
0.0391 	 1.14087 
0.0392 	 1.14012 
0.0393 	 1.13938 
0.0394 	 1.13863 
0.0395 	 1.13787 
0.0396 	 1.13711 
0.0397 	 1.13635 
0.0398 	 1.13558 
0.0399 	 1.13481 
0.04 	 1.13404 
0.0401 	 1.13325 
0.0402 	 1.13247 
0.0403 	 1.13168 
0.0404 	 1.13088 
0.0405 	 1.13009 
0.0406 	 1.12928 
0.0407 	 1.12847 
0.0408 	 1.12766 
0.0409 	 1.12684 
0.041 	 1.12602 
0.0411 	 1.1252 
0.0412 	 1.12437 
0.0413 	 1.12353 
0.0414 	 1.12269 
0.0415 	 1.12184 
0.0416 	 1.121 
0.0417 	 1.12014 
0.0418 	 1.11928 
0.0419 	 1.11842 
0.042 	 1.11755 
0.0421 	 1.11667 
0.0422 	 1.1158 
0.0423 	 1.11491 
0.0424 	 1.11402 
0.0425 	 1.11313 
0.0426 	 1.11223 
0.0427 	 1.11133 
0.0428 	 1.11042 
0.0429 	 1.10951 
0.043 	 1.10859 
0.0431 	 1.10767 
0.0432 	 1.10674 
0.0433 	 1.10581 
0.0434 	 1.10487 
0.0435 	 1.10392 
0.0436 	 1.10298 
0.0437 	 1.10202 
0.0438 	 1.10106 
0.0439 	 1.1001 
0.044 	 1.09913 
0.0441 	 1.09815 
0.0442 	 1.09717 
0.0443 	 1.09619 
0.0444 	 1.0952 
0.0445 	 1.0942 
0.0446 	 1.0932 
0.0447 	 1.09219 
0.0448 	 1.09118 
0.0449 	 1.09016 
0.045 	 1.08914 
0.0451 	 1.08811 
0.0452 	 1.08708 
0.0453 	 1.08604 
0.0454 	 1.08499 
0.0455 	 1.08394 
0.0456 	 1.08288 
0.0457 	 1.08182 
0.0458 	 1.08075 
0.0459 	 1.07968 
0.046 	 1.0786 
0.0461 	 1.07751 
0.0462 	 1.07642 
0.0463 	 1.07532 
0.0464 	 1.07422 
0.0465 	 1.07311 
0.0466 	 1.07199 
0.0467 	 1.07087 
0.0468 	 1.06975 
0.0469 	 1.06861 
0.047 	 1.06747 
0.0471 	 1.06633 
0.0472 	 1.06518 
0.0473 	 1.06402 
0.0474 	 1.06286 
0.0475 	 1.06169 
0.0476 	 1.06051 
0.0477 	 1.05933 
0.0478 	 1.05814 
0.0479 	 1.05694 
0.048 	 1.05574 
0.0481 	 1.05453 
0.0482 	 1.05332 
0.0483 	 1.0521 
0.0484 	 1.05087 
0.0485 	 1.04964 
0.0486 	 1.0484 
0.0487 	 1.04715 
0.0488 	 1.0459 
0.0489 	 1.04464 
0.049 	 1.04337 
0.0491 	 1.0421 
0.0492 	 1.04082 
0.0493 	 1.03953 
0.0494 	 1.03824 
0.0495 	 1.03694 
0.0496 	 1.03563 
0.0497 	 1.03431 
0.0498 	 1.03299 
0.0499 	 1.03166 
0.05 	 1.03033 
0.0501 	 1.02898 
0.0502 	 1.02763 
0.0503 	 1.02628 
0.0504 	 1.02491 
0.0505 	 1.02354 
0.0506 	 1.02216 
0.0507 	 1.02078 
0.0508 	 1.01938 
0.0509 	 1.01798 
0.051 	 1.01657 
0.0511 	 1.01516 
0.0512 	 1.01373 
0.0513 	 1.0123 
0.0514 	 1.01086 
0.0515 	 1.00942 
0.0516 	 1.00796 
0.0517 	 1.0065 
0.0518 	 1.00503 
0.0519 	 1.00355 
0.052 	 1.00207 
0.0521 	 1.00057 
0.0522 	 0.999073 
0.0523 	 0.997564 
0.0524 	 0.996046 
0.0525 	 0.994521 
0.0526 	 0.992987 
0.0527 	 0.991445 
0.0528 	 0.989895 
0.0529 	 0.988336 
0.053 	 0.986769 
0.0531 	 0.985193 
0.0532 	 0.983609 
0.0533 	 0.982017 
0.0534 	 0.980416 
0.0535 	 0.978806 
0.0536 	 0.977188 
0.0537 	 0.975561 
0.0538 	 0.973925 
0.0539 	 0.97228 
0.054 	 0.970626 
0.0541 	 0.968963 
0.0542 	 0.967292 
0.0543 	 0.965611 
0.0544 	 0.963921 
0.0545 	 0.962222 
0.0546 	 0.960513 
0.0547 	 0.958795 
0.0548 	 0.957068 
0.0549 	 0.955332 
0.055 	 0.953585 
0.0551 	 0.95183 
0.0552 	 0.950064 
0.0553 	 0.948289 
0.0554 	 0.946504 
0.0555 	 0.94471 
0.0556 	 0.942905 
0.0557 	 0.94109 
0.0558 	 0.939266 
0.0559 	 0.937431 
0.056 	 0.935586 
0.0561 	 0.933731 
0.0562 	 0.931865 
0.0563 	 0.929989 
0.0564 	 0.928103 
0.0565 	 0.926205 
0.0566 	 0.924298 
0.0567 	 0.922379 
0.0568 	 0.92045 
0.0569 	 0.91851 
0.057 	 0.916559 
0.0571 	 0.914597 
0.0572 	 0.912624 
0.0573 	 0.910639 
0.0574 	 0.908643 
0.0575 	 0.906636 
0.0576 	 0.904618 
0.0577 	 0.902588 
0.0578 	 0.900546 
0.0579 	 0.898492 
0.058 	 0.896427 
0.0581 	 0.89435 
0.0582 	 0.89226 
0.0583 	 0.890159 
0.0584 	 0.888045 
0.0585 	 0.885919 
0.0586 	 0.883781 
0.0587 	 0.88163 
0.0588 	 0.879466 
0.0589 	 0.87729 
0.059 	 0.875101 
0.0591 	 0.872899 
0.0592 	 0.870684 
0.0593 	 0.868455 
0.0594 	 0.866214 
0.0595 	 0.863959 
0.0596 	 0.86169 
0.0597 	 0.859408 
0.0598 	 0.857112 
0.0599 	 0.854802 
0.06 	 0.852478 
0.0601 	 0.85014 
0.0602 	 0.847788 
0.0603 	 0.845422 
0.0604 	 0.84304 
0.0605 	 0.840644 
0.0606 	 0.838234 
0.0607 	 0.835808 
0.0608 	 0.833367 
0.0609 	 0.830911 
0.061 	 0.82844 
0.0611 	 0.825953 
0.0612 	 0.82345 
0.0613 	 0.820932 
0.0614 	 0.818397 
0.0615 	 0.815846 
0.0616 	 0.813279 
0.0617 	 0.810696 
0.0618 	 0.808096 
0.0619 	 0.805478 
0.062 	 0.802844 
0.0621 	 0.800193 
0.0622 	 0.797524 
0.0623 	 0.794838 
0.0624 	 0.792133 
0.0625 	 0.789411 
0.0626 	 0.786671 
0.0627 	 0.783912 
0.0628 	 0.781135 
0.0629 	 0.778339 
0.063 	 0.775523 
0.0631 	 0.772689 
0.0632 	 0.769835 
0.0633 	 0.766961 
0.0634 	 0.764067 
0.0635 	 0.761154 
0.0636 	 0.758219 
0.0637 	 0.755264 
0.0638 	 0.752288 
0.0639 	 0.749291 
0.064 	 0.746273 
0.0641 	 0.743232 
0.0642 	 0.74017 
0.0643 	 0.737085 
0.0644 	 0.733978 
0.0645 	 0.730847 
0.0646 	 0.727694 
0.0647 	 0.724516 
0.0648 	 0.721315 
0.0649 	 0.71809 
0.065 	 0.71484 
0.0651 	 0.711565 
0.0652 	 0.708265 
0.0653 	 0.704939 
0.0654 	 0.701588 
0.0655 	 0.698209 
0.0656 	 0.694804 
0.0657 	 0.691372 
0.0658 	 0.687912 
0.0659 	 0.684424 
0.066 	 0.680907 
0.0661 	 0.677362 
0.0662 	 0.673787 
0.0663 	 0.670182 
0.0664 	 0.666546 
0.0665 	 0.662879 
0.0666 	 0.659181 
0.0667 	 0.655451 
0.0668 	 0.651688 
0.0669 	 0.647892 
0.067 	 0.644062 
0.0671 	 0.640198 
0.0672 	 0.636298 
0.0673 	 0.632363 
0.0674 	 0.628391 
0.0675 	 0.624382 
0.0676 	 0.620336 
0.0677 	 0.61625 
0.0678 	 0.612125 
0.0679 	 0.60796 
0.068 	 0.603753 
0.0681 	 0.599505 
0.0682 	 0.595214 
0.0683 	 0.590878 
0.0684 	 0.586498 
0.0685 	 0.582072 
0.0686 	 0.577599 
0.0687 	 0.573077 
0.0688 	 0.568507 
0.0689 	 0.563886 
0.069 	 0.559213 
0.0691 	 0.554487 
0.0692 	 0.549706 
0.0693 	 0.54487 
0.0694 	 0.539976 
0.0695 	 0.535023 
0.0696 	 0.530009 
0.0697 	 0.524933 
0.0698 	 0.519792 
0.0699 	 0.514585 
0.07 	 0.50931 
0.0701 	 0.503964 
0.0702 	 0.498545 
0.0703 	 0.493051 
0.0704 	 0.487479 
0.0705 	 0.481826 
0.0706 	 0.47609 
0.0707 	 0.470268 
0.0708 	 0.464356 
0.0709 	 0.45835 
0.071 	 0.452248 
0.0711 	 0.446044 
0.0712 	 0.439735 
0.0713 	 0.433316 
0.0714 	 0.426782 
0.0715 	 0.420128 
0.0716 	 0.413347 
0.0717 	 0.406434 
0.0718 	 0.399382 
0.0719 	 0.392182 
0.072 	 0.384828 
0.0721 	 0.377308 
0.0722 	 0.369615 
0.0723 	 0.361736 
0.0724 	 0.353658 
0.0725 	 0.345369 
0.0726 	 0.336852 
0.0727 	 0.32809 
0.0728 	 0.319061 
0.0729 	 0.309744 
0.073 	 0.300111 
0.0731 	 0.290131 
0.0732 	 0.279766 
0.0733 	 0.268972 
0.0734 	 0.257695 
0.0735 	 0.245868 
0.0736 	 0.233408 
0.0737 	 0.220208 
0.0738 	 0.206124 
0.0739 	 0.190963 
0.074 	 0.174441 
0.0741 	 0.15613 
0.0742 	 0.135304 
0.0743 	 0.110549 
0.0744 	 0.0782226 
0.0745 	 0 
