d 	 E02 	 mu2 	 Delta11max 	 Delta12max 	 check2 


0.74 	 0.625718 	 1.08218 	 8.19558e-05 	 0.432927 	 13 
0.7402 	 0.625792 	 1.08206 	 8.30138e-05 	 0.432554 	 13 
0.7404 	 0.625864 	 1.082 	 8.40473e-05 	 0.432161 	 13 
0.7406 	 0.625937 	 1.08188 	 8.51581e-05 	 0.431787 	 13 
0.7408 	 0.62601 	 1.08182 	 8.62248e-05 	 0.431395 	 13 
0.741 	 0.626083 	 1.0817 	 8.73754e-05 	 0.431022 	 13 
0.7412 	 0.626155 	 1.08164 	 8.85157e-05 	 0.43063 	 13 
0.7414 	 0.626228 	 1.08152 	 8.97132e-05 	 0.430258 	 13 
0.7416 	 0.6263 	 1.08146 	 9.08831e-05 	 0.429867 	 13 
0.7418 	 0.626372 	 1.08134 	 9.20989e-05 	 0.429495 	 13 
0.742 	 0.626444 	 1.08128 	 9.34023e-05 	 0.429104 	 13 
0.7422 	 0.626516 	 1.08116 	 9.46785e-05 	 0.428733 	 13 
0.7424 	 0.626588 	 1.0811 	 9.59908e-05 	 0.428343 	 13 
0.7426 	 0.62666 	 1.08098 	 9.73983e-05 	 0.427972 	 13 
0.7428 	 0.626731 	 1.08092 	 9.8798e-05 	 0.427582 	 13 
0.743 	 0.626803 	 1.0808 	 5.02222e-05 	 0.427214 	 14 
0.7432 	 0.626874 	 1.08074 	 5.09994e-05 	 0.426824 	 14 
0.7434 	 0.626946 	 1.08062 	 5.18023e-05 	 0.426455 	 14 
0.7436 	 0.627017 	 1.08056 	 5.26817e-05 	 0.426065 	 14 
0.7438 	 0.627088 	 1.08044 	 5.35423e-05 	 0.425697 	 14 
0.744 	 0.627159 	 1.08038 	 5.44549e-05 	 0.425308 	 14 
0.7442 	 0.62723 	 1.08026 	 5.54076e-05 	 0.42494 	 14 
0.7444 	 0.6273 	 1.0802 	 5.64111e-05 	 0.424551 	 14 
0.7446 	 0.62737 	 1.08014 	 5.74718e-05 	 0.424171 	 14 
0.7448 	 0.627442 	 1.08002 	 5.86038e-05 	 0.423796 	 14 
0.745 	 0.627512 	 1.07996 	 5.98199e-05 	 0.423411 	 14 
0.7452 	 0.627583 	 1.07984 	 6.11353e-05 	 0.423042 	 14 
0.7454 	 0.627653 	 1.07978 	 6.25783e-05 	 0.422655 	 14 
0.7456 	 0.627723 	 1.07966 	 6.41586e-05 	 0.422288 	 14 
0.7458 	 0.627793 	 1.0796 	 6.59395e-05 	 0.421902 	 14 
0.746 	 0.627863 	 1.07948 	 6.78167e-05 	 0.421536 	 14 
0.7462 	 0.627933 	 1.07942 	 7.01143e-05 	 0.42115 	 14 
0.7464 	 0.628003 	 1.0793 	 7.27667e-05 	 0.420784 	 14 
0.7466 	 0.628072 	 1.07924 	 7.58814e-05 	 0.420399 	 14 
0.7468 	 0.628142 	 1.07912 	 7.95129e-05 	 0.420034 	 14 
0.747 	 0.628211 	 1.07906 	 8.38854e-05 	 0.419649 	 14 
0.7472 	 0.62828 	 1.07894 	 8.88095e-05 	 0.419284 	 14 
0.7474 	 0.62835 	 1.07888 	 9.44199e-05 	 0.418899 	 14 
0.7476 	 0.628419 	 1.07876 	 5.12036e-05 	 0.418537 	 15 
0.7478 	 0.628487 	 1.0787 	 5.47733e-05 	 0.418152 	 15 
0.748 	 0.628557 	 1.07858 	 5.87398e-05 	 0.417784 	 15 
0.7482 	 0.628625 	 1.07852 	 6.34307e-05 	 0.417406 	 15 
0.7484 	 0.628781 	 0.97292 	 0.500148 	 7.55972e-05 	 14 
0.7486 	 0.628781 	 0.97292 	 0.500148 	 7.31907e-05 	 14 
0.7488 	 0.62878 	 0.97292 	 0.500149 	 7.09208e-05 	 14 
0.749 	 0.62878 	 0.97292 	 0.50015 	 6.87937e-05 	 14 
0.7492 	 0.62878 	 0.97292 	 0.50015 	 6.68024e-05 	 14 
0.7494 	 0.62878 	 0.97292 	 0.500151 	 6.4948e-05 	 14 
0.7496 	 0.62878 	 0.97292 	 0.500151 	 6.31959e-05 	 14 
0.7498 	 0.62878 	 0.97292 	 0.500152 	 6.15601e-05 	 14 
0.75 	 0.62878 	 0.97292 	 0.500152 	 6.00296e-05 	 14 
