Bdist 	 CS1 	 Deltamax 	 Nmu/N 	 Emin 	 check 
0.001 	 1.51098e-96 	 6.16827e-98 	 0.56 	 0.0185486 	 0 
0.002 	 7.64033e-48 	 3.11902e-49 	 0.56 	 0.0185486 	 0 
0.003 	 1.10149e-31 	 4.49664e-33 	 0.56 	 0.0185486 	 0 
0.004 	 1.21486e-23 	 4.95941e-25 	 0.56 	 0.0185486 	 0 
0.005 	 7.72864e-19 	 3.15507e-20 	 0.56 	 0.0185486 	 0 
0.006 	 1.19101e-15 	 4.86205e-17 	 0.56 	 0.0185486 	 0 
0.007 	 2.20056e-13 	 8.98336e-15 	 0.56 	 0.0185486 	 0 
0.008 	 1.08322e-11 	 4.42203e-13 	 0.56 	 0.0185486 	 0 
0.009 	 2.21213e-10 	 9.03058e-12 	 0.56 	 0.0185486 	 0 
0.01 	 2.44371e-09 	 9.97598e-11 	 0.56 	 0.0185486 	 0 
0.011 	 1.72844e-08 	 7.05604e-10 	 0.56 	 0.0185486 	 0 
0.012 	 8.75723e-08 	 3.57495e-09 	 0.56 	 0.0185486 	 0 
0.013 	 3.43461e-07 	 1.40209e-08 	 0.56 	 0.0185486 	 0 
0.014 	 1.10211e-06 	 4.49891e-08 	 0.56 	 0.0185486 	 0 
0.015 	 3.01311e-06 	 1.22987e-07 	 0.56 	 0.0185486 	 0 
0.016 	 7.23518e-06 	 2.95262e-07 	 0.56 	 0.0185486 	 0 
0.017 	 1.56182e-05 	 6.3711e-07 	 0.56 	 0.0185486 	 0 
0.018 	 3.08622e-05 	 1.25805e-06 	 0.56 	 0.0185486 	 0 
0.019 	 5.66344e-05 	 2.30577e-06 	 0.56 	 0.0185486 	 0 
0.02 	 9.76361e-05 	 3.96733e-06 	 0.56 	 0.0185486 	 0 
0.021 	 0.000159631 	 6.46733e-06 	 0.56 	 0.0185486 	 0 
0.022 	 0.000249453 	 1.00636e-05 	 0.56 	 0.0185486 	 0 
0.023 	 0.000375023 	 1.5041e-05 	 0.56 	 0.0185486 	 0 
0.024 	 0.000545398 	 2.17035e-05 	 0.56 	 0.0185486 	 0 
0.025 	 0.000770879 	 3.03668e-05 	 0.56 	 0.0185486 	 0 
0.026 	 0.00106317 	 4.13503e-05 	 0.56 	 0.0185486 	 0 
0.027 	 0.00143564 	 5.49702e-05 	 0.56 	 0.0185486 	 0 
0.028 	 0.00190359 	 7.15337e-05 	 0.56 	 0.0185487 	 0 
0.029 	 0.00248459 	 9.13346e-05 	 0.560001 	 0.0185487 	 0 
0.03 	 -0.000347527 	 1.27089e-05 	 0.56 	 0.0185486 	 1 
0.031 	 -0.000528988 	 1.93893e-05 	 0.56 	 0.0185486 	 1 
0.032 	 -0.000782761 	 2.87671e-05 	 0.56 	 0.0185486 	 1 
0.033 	 -0.00112893 	 4.16155e-05 	 0.56 	 0.0185486 	 1 
0.034 	 -0.00159059 	 5.88361e-05 	 0.56 	 0.0185486 	 1 
0.035 	 -0.00219367 	 8.14604e-05 	 0.56 	 0.0185486 	 1 
0.036 	 -3.55447e-06 	 7.89767e-06 	 0.56 	 0.0185486 	 2 
0.037 	 -8.51141e-06 	 1.22871e-05 	 0.56 	 0.0185486 	 2 
0.038 	 -1.76828e-05 	 1.8674e-05 	 0.56 	 0.0185486 	 2 
0.039 	 -3.36266e-05 	 2.7777e-05 	 0.56 	 0.0185486 	 2 
0.04 	 -6.00065e-05 	 4.05068e-05 	 0.56 	 0.0185486 	 2 
0.041 	 -0.000101896 	 5.79991e-05 	 0.56 	 0.0185486 	 2 
0.042 	 -0.000166103 	 8.16496e-05 	 0.56 	 0.0185486 	 2 
0.043 	 0.000106922 	 1.52962e-05 	 0.56 	 0.0185486 	 3 
0.044 	 0.00014963 	 2.38263e-05 	 0.56 	 0.0185486 	 3 
0.045 	 0.000203814 	 3.6476e-05 	 0.56 	 0.0185486 	 3 
0.046 	 0.000270196 	 5.49295e-05 	 0.56 	 0.0185486 	 3 
0.047 	 0.000348442 	 8.14445e-05 	 0.56 	 0.0185486 	 3 
0.048 	 0.000134649 	 2.76531e-05 	 0.56 	 0.0185486 	 4 
0.049 	 0.000186543 	 4.4992e-05 	 0.56 	 0.0185486 	 4 
0.05 	 0.000250505 	 7.20103e-05 	 0.56 	 0.0185486 	 4 
0.051 	 0.000105275 	 3.77985e-05 	 0.56 	 0.0185486 	 5 
0.052 	 0.000146435 	 6.5504e-05 	 0.56 	 0.0185486 	 5 
0.053 	 7.90984e-05 	 4.63848e-05 	 0.56 	 0.0185486 	 6 
0.054 	 0.000109947 	 8.61402e-05 	 0.56 	 0.0185487 	 6 
0.055 	 7.20915e-05 	 8.00815e-05 	 0.56 	 0.0185487 	 7 
0.056 	 5.1776e-05 	 8.89174e-05 	 0.56 	 0.0185487 	 8 
0.057 	 2.30671e-05 	 7.24379e-05 	 0.56 	 0.0185487 	 10 
0.058 	 9.05815e-06 	 8.35952e-05 	 0.56 	 0.0185487 	 12 
0.059 	 -3.59346e-06 	 7.44422e-05 	 0.56 	 0.0185487 	 16 
0.06 	 -1.29586e-05 	 8.53495e-05 	 0.56 	 0.0185487 	 22 
0.061 	 -1.97459e-05 	 9.73763e-05 	 0.56 	 0.0185487 	 36 
0.062 	 -2.00954e-05 	 9.97104e-05 	 0.56 	 0.0185487 	 109 
0.063 	 -0.00132248 	 0.0126156 	 0.560263 	 0.0197536 	 77 
0.064 	 -0.000633862 	 0.0228262 	 0.56069 	 0.0222541 	 42 
0.065 	 -3.66507e-05 	 0.0312211 	 0.561052 	 0.025042 	 31 
0.066 	 0.000151147 	 0.0392624 	 0.561382 	 0.0281427 	 27 
0.067 	 5.60449e-05 	 0.0473807 	 0.561706 	 0.0315736 	 24 
0.068 	 -0.000172825 	 0.055781 	 0.562045 	 0.0353495 	 22 
0.069 	 -0.000437308 	 0.0645707 	 0.562415 	 0.0392146 	 21 
0.07 	 -0.000688909 	 0.0737985 	 0.562826 	 0.0432976 	 20 
0.071 	 -0.000911933 	 0.0834801 	 0.563286 	 0.0477169 	 19 
0.072 	 -0.00110758 	 0.0936057 	 0.563799 	 0.0524509 	 18 
0.073 	 -0.00128328 	 0.104156 	 0.564366 	 0.0574767 	 18 
0.074 	 -0.00144679 	 0.115083 	 0.564985 	 0.0627585 	 17 
0.075 	 -0.00160429 	 0.126358 	 0.565655 	 0.0682731 	 17 
0.076 	 -0.0017597 	 0.137929 	 0.566373 	 0.0739865 	 17 
0.077 	 -0.00191524 	 0.149747 	 0.567134 	 0.0798666 	 16 
0.078 	 -0.00207198 	 0.161782 	 0.567935 	 0.0858933 	 16 
0.079 	 -0.00223022 	 0.173976 	 0.56877 	 0.0920328 	 15 
0.08 	 -0.00238994 	 0.186309 	 0.569635 	 0.0982713 	 15 
0.081 	 -0.00255085 	 0.198734 	 0.570526 	 0.104582 	 15 
0.082 	 -0.00271264 	 0.211212 	 0.571436 	 0.11094 	 14 
0.083 	 -0.00287497 	 0.223729 	 0.572364 	 0.11734 	 14 
0.084 	 -0.00303751 	 0.236249 	 0.573302 	 0.123758 	 14 
0.085 	 -0.00319994 	 0.248741 	 0.574247 	 0.130175 	 13 
0.086 	 -0.003362 	 0.261202 	 0.575197 	 0.136593 	 13 
0.087 	 -0.00352343 	 0.2736 	 0.576147 	 0.142991 	 13 
0.088 	 -0.003684 	 0.285919 	 0.577095 	 0.149361 	 13 
0.089 	 -0.00384353 	 0.298132 	 0.578035 	 0.155687 	 12 
0.09 	 -0.00400184 	 0.310251 	 0.578969 	 0.161977 	 12 
0.091 	 -0.00415879 	 0.32225 	 0.579892 	 0.168215 	 12 
0.092 	 -0.00431424 	 0.334122 	 0.580803 	 0.174376 	 12 
0.093 	 -0.00446809 	 0.345856 	 0.581701 	 0.179874 	 12 
0.094 	 -0.00462024 	 0.357447 	 0.582583 	 0.185331 	 12 
0.095 	 -0.00477063 	 0.368879 	 0.583448 	 0.190735 	 11 
0.096 	 -0.00491916 	 0.380167 	 0.584297 	 0.196097 	 11 
0.097 	 -0.0050658 	 0.391297 	 0.585128 	 0.201404 	 11 
0.098 	 -0.00521049 	 0.402266 	 0.585941 	 0.206653 	 11 
0.099 	 -0.00535321 	 0.41307 	 0.586735 	 0.211842 	 11 
0.1 	 -0.00549392 	 0.423707 	 0.58751 	 0.216968 	 11 
0.101 	 -0.00563263 	 0.434166 	 0.588264 	 0.222021 	 10 
0.102 	 -0.00576927 	 0.44447 	 0.589 	 0.227017 	 10 
0.103 	 -0.00590386 	 0.454604 	 0.589717 	 0.231945 	 10 
0.104 	 -0.0060364 	 0.464569 	 0.590414 	 0.236772 	 10 
0.105 	 -0.00616687 	 0.474365 	 0.591092 	 0.241037 	 10 
0.106 	 -0.00629529 	 0.483992 	 0.591752 	 0.245249 	 10 
0.107 	 -0.00642167 	 0.493451 	 0.592393 	 0.249405 	 10 
0.108 	 -0.006546 	 0.502743 	 0.593015 	 0.253507 	 10 
0.109 	 -0.0066683 	 0.511869 	 0.593619 	 0.257552 	 10 
0.11 	 -0.00678859 	 0.52083 	 0.594206 	 0.26154 	 10 
0.111 	 -0.00690691 	 0.529617 	 0.594775 	 0.265463 	 9 
0.112 	 -0.00702321 	 0.538254 	 0.595327 	 0.269337 	 9 
0.113 	 -0.00713754 	 0.54673 	 0.595863 	 0.273153 	 9 
0.114 	 -0.00724993 	 0.555048 	 0.596383 	 0.27691 	 9 
0.115 	 -0.00736039 	 0.563208 	 0.596887 	 0.280479 	 9 
0.116 	 -0.00746894 	 0.571213 	 0.597376 	 0.283691 	 9 
0.117 	 -0.0075756 	 0.579064 	 0.59785 	 0.286858 	 9 
0.118 	 -0.0076804 	 0.586764 	 0.598309 	 0.289977 	 9 
0.119 	 -0.00778336 	 0.594313 	 0.598755 	 0.29305 	 9 
0.12 	 -0.00788451 	 0.601715 	 0.599187 	 0.296077 	 9 
0.121 	 -0.00798386 	 0.608971 	 0.599605 	 0.299057 	 9 
0.122 	 -0.00808143 	 0.616083 	 0.600011 	 0.30199 	 9 
0.123 	 -0.00817726 	 0.623053 	 0.600404 	 0.304877 	 9 
0.124 	 -0.00827137 	 0.629883 	 0.600785 	 0.307718 	 9 
0.125 	 -0.00836378 	 0.636575 	 0.601155 	 0.310513 	 9 
0.126 	 -0.00845451 	 0.643131 	 0.601513 	 0.313029 	 9 
0.127 	 -0.00854363 	 0.649541 	 0.60186 	 0.315383 	 8 
0.128 	 -0.00863108 	 0.655832 	 0.602196 	 0.317707 	 8 
0.129 	 -0.00871693 	 0.661992 	 0.602522 	 0.319994 	 8 
0.13 	 -0.00880119 	 0.668024 	 0.602839 	 0.322245 	 8 
0.131 	 -0.00888389 	 0.67393 	 0.603145 	 0.324459 	 8 
0.132 	 -0.00896507 	 0.679712 	 0.603442 	 0.326637 	 8 
0.133 	 -0.00904473 	 0.685372 	 0.60373 	 0.328778 	 8 
0.134 	 -0.0091229 	 0.69091 	 0.604009 	 0.330884 	 8 
0.135 	 -0.00919961 	 0.696331 	 0.60428 	 0.332954 	 8 
0.136 	 -0.00927488 	 0.701634 	 0.604543 	 0.334989 	 8 
0.137 	 -0.00934872 	 0.706823 	 0.604797 	 0.336818 	 8 
0.138 	 -0.00942117 	 0.711899 	 0.605044 	 0.338513 	 8 
0.139 	 -0.00949225 	 0.716863 	 0.605283 	 0.34018 	 8 
0.14 	 -0.00956196 	 0.721718 	 0.605515 	 0.341818 	 8 
0.141 	 -0.00963035 	 0.726465 	 0.60574 	 0.343429 	 8 
0.142 	 -0.00969743 	 0.731107 	 0.605958 	 0.345012 	 8 
0.143 	 -0.00976321 	 0.735644 	 0.606169 	 0.346568 	 8 
0.144 	 -0.00982772 	 0.740078 	 0.606374 	 0.348096 	 8 
0.145 	 -0.00989099 	 0.744412 	 0.606573 	 0.349598 	 8 
0.146 	 -0.00995302 	 0.748647 	 0.606766 	 0.351073 	 8 
0.147 	 -0.0100138 	 0.752784 	 0.606953 	 0.352521 	 8 
0.148 	 -0.0100735 	 0.756826 	 0.607134 	 0.353944 	 8 
0.149 	 -0.0101319 	 0.760773 	 0.60731 	 0.355189 	 8 
0.15 	 -0.0101892 	 0.764627 	 0.607481 	 0.356355 	 8 
0.151 	 -0.0102454 	 0.76839 	 0.607646 	 0.357499 	 8 
0.152 	 -0.0103005 	 0.772063 	 0.607807 	 0.358624 	 8 
0.153 	 -0.0103544 	 0.775649 	 0.607962 	 0.359727 	 8 
0.154 	 -0.0104073 	 0.779147 	 0.608113 	 0.360811 	 8 
0.155 	 -0.0104591 	 0.78256 	 0.608259 	 0.361874 	 8 
0.156 	 -0.0105099 	 0.785891 	 0.608401 	 0.362918 	 8 
0.157 	 -0.0105597 	 0.789147 	 0.608538 	 0.363942 	 8 
0.158 	 -0.0106084 	 0.792322 	 0.608672 	 0.364947 	 8 
0.159 	 -0.0106561 	 0.795417 	 0.608801 	 0.365932 	 8 
0.16 	 -0.0107029 	 0.798434 	 0.608926 	 0.366899 	 8 
0.161 	 -0.0107487 	 0.801375 	 0.609048 	 0.367847 	 8 
0.162 	 -0.0107936 	 0.804239 	 0.609166 	 0.36872 	 8 
0.163 	 -0.0108375 	 0.80703 	 0.60928 	 0.369481 	 8 
0.164 	 -0.0108805 	 0.809747 	 0.60939 	 0.370228 	 8 
0.165 	 -0.0109226 	 0.812392 	 0.609498 	 0.370961 	 8 
0.166 	 -0.0109639 	 0.814956 	 0.609601 	 0.371674 	 7 
0.167 	 -0.0110042 	 0.817462 	 0.609702 	 0.372378 	 7 
0.168 	 -0.0110437 	 0.819899 	 0.609799 	 0.373068 	 7 
0.169 	 -0.0110824 	 0.82227 	 0.609894 	 0.373744 	 7 
0.17 	 -0.0111202 	 0.824574 	 0.609985 	 0.374405 	 7 
0.171 	 -0.0111572 	 0.826814 	 0.610074 	 0.375054 	 7 
0.172 	 -0.0111934 	 0.828991 	 0.610159 	 0.375689 	 7 
0.173 	 -0.0112288 	 0.831104 	 0.610242 	 0.37631 	 7 
0.174 	 -0.0112634 	 0.833157 	 0.610323 	 0.376919 	 7 
0.175 	 -0.0112973 	 0.835148 	 0.6104 	 0.377514 	 7 
0.176 	 -0.0113304 	 0.837081 	 0.610476 	 0.378097 	 7 
0.177 	 -0.0113628 	 0.838955 	 0.610548 	 0.378667 	 7 
0.178 	 -0.0113945 	 0.840772 	 0.610619 	 0.379175 	 7 
0.179 	 -0.0114254 	 0.842532 	 0.610687 	 0.379622 	 7 
0.18 	 -0.0114556 	 0.844237 	 0.610752 	 0.38006 	 7 
0.181 	 -0.0114852 	 0.845888 	 0.610816 	 0.380487 	 7 
0.182 	 -0.0115141 	 0.847485 	 0.610877 	 0.380906 	 7 
0.183 	 -0.0115422 	 0.849029 	 0.610936 	 0.381314 	 7 
0.184 	 -0.0115698 	 0.850522 	 0.610993 	 0.381714 	 7 
0.185 	 -0.0115967 	 0.851965 	 0.611048 	 0.382104 	 7 
0.186 	 -0.0116229 	 0.853357 	 0.611101 	 0.382485 	 7 
0.187 	 -0.0116485 	 0.8547 	 0.611152 	 0.382857 	 7 
0.188 	 -0.0116735 	 0.855995 	 0.611201 	 0.38322 	 7 
0.189 	 -0.0116979 	 0.857243 	 0.611249 	 0.383575 	 7 
0.19 	 -0.0117217 	 0.858445 	 0.611294 	 0.383921 	 7 
0.191 	 -0.0117449 	 0.859601 	 0.611338 	 0.384258 	 7 
0.192 	 -0.0117676 	 0.860711 	 0.61138 	 0.384588 	 7 
0.193 	 -0.0117896 	 0.861778 	 0.61142 	 0.384908 	 7 
0.194 	 -0.0118111 	 0.862802 	 0.611459 	 0.385221 	 7 
0.195 	 -0.0118321 	 0.863782 	 0.611496 	 0.385526 	 7 
0.196 	 -0.0118525 	 0.864721 	 0.611532 	 0.385822 	 7 
0.197 	 -0.0118724 	 0.865619 	 0.611566 	 0.386111 	 7 
0.198 	 -0.0118918 	 0.866477 	 0.611599 	 0.386392 	 7 
0.199 	 -0.0119106 	 0.867295 	 0.61163 	 0.386657 	 7 
0.2 	 -0.0119289 	 0.868073 	 0.61166 	 0.38687 	 7 
0.201 	 -0.0119468 	 0.868814 	 0.611688 	 0.387077 	 7 
0.202 	 -0.0119641 	 0.869517 	 0.611715 	 0.387279 	 7 
0.203 	 -0.0119809 	 0.870183 	 0.611741 	 0.387475 	 7 
0.204 	 -0.0119973 	 0.870812 	 0.611765 	 0.387665 	 7 
0.205 	 -0.0120132 	 0.871406 	 0.611788 	 0.38785 	 7 
0.206 	 -0.0120287 	 0.871965 	 0.61181 	 0.38803 	 7 
0.207 	 -0.0120437 	 0.87249 	 0.61183 	 0.388204 	 7 
0.208 	 -0.0120582 	 0.87298 	 0.611849 	 0.388372 	 7 
0.209 	 -0.0120723 	 0.873437 	 0.611868 	 0.388536 	 7 
0.21 	 -0.012086 	 0.873862 	 0.611884 	 0.388694 	 7 
0.211 	 -0.0120993 	 0.874254 	 0.6119 	 0.388847 	 7 
0.212 	 -0.0121121 	 0.874615 	 0.611915 	 0.388995 	 7 
0.213 	 -0.0121245 	 0.874945 	 0.611929 	 0.389139 	 7 
0.214 	 -0.0121365 	 0.875245 	 0.611941 	 0.389277 	 7 
0.215 	 -0.0121482 	 0.875515 	 0.611953 	 0.389411 	 7 
0.216 	 -0.0121594 	 0.875755 	 0.611963 	 0.389539 	 7 
0.217 	 -0.0121702 	 0.875967 	 0.611973 	 0.389663 	 7 
0.218 	 -0.0121807 	 0.87615 	 0.611981 	 0.389783 	 7 
0.219 	 -0.0121908 	 0.876305 	 0.611989 	 0.389898 	 7 
0.22 	 -0.0122005 	 0.876433 	 0.611995 	 0.390008 	 7 
0.221 	 -0.0122098 	 0.876534 	 0.612001 	 0.390115 	 7 
0.222 	 -0.0122188 	 0.876609 	 0.612005 	 0.390216 	 7 
0.223 	 -0.0122274 	 0.876658 	 0.612009 	 0.390314 	 7 
0.224 	 -0.0122357 	 0.876681 	 0.612012 	 0.390407 	 7 
0.225 	 -0.0122437 	 0.876679 	 0.612014 	 0.390496 	 7 
0.226 	 -0.0122513 	 0.876653 	 0.612015 	 0.390581 	 7 
0.227 	 -0.0122586 	 0.876603 	 0.612016 	 0.390662 	 7 
0.228 	 -0.0122656 	 0.876528 	 0.612015 	 0.390739 	 7 
0.229 	 -0.0122722 	 0.876431 	 0.612014 	 0.390812 	 7 
0.23 	 -0.0122785 	 0.876311 	 0.612012 	 0.390882 	 7 
0.231 	 -0.0122845 	 0.876168 	 0.612009 	 0.390947 	 7 
0.232 	 -0.0122902 	 0.876004 	 0.612005 	 0.391009 	 7 
0.233 	 -0.0122957 	 0.875817 	 0.612001 	 0.391067 	 7 
0.234 	 -0.0123008 	 0.87561 	 0.611995 	 0.391121 	 7 
0.235 	 -0.0123056 	 0.875381 	 0.611989 	 0.391172 	 7 
0.236 	 -0.0123101 	 0.875132 	 0.611983 	 0.391219 	 7 
0.237 	 -0.0123144 	 0.874863 	 0.611975 	 0.391263 	 7 
0.238 	 -0.0123184 	 0.874574 	 0.611967 	 0.391304 	 7 
0.239 	 -0.0123221 	 0.874265 	 0.611959 	 0.391341 	 7 
0.24 	 -0.0123255 	 0.873938 	 0.611949 	 0.391375 	 7 
0.241 	 -0.0123287 	 0.873592 	 0.611939 	 0.391405 	 7 
0.242 	 -0.0123316 	 0.873227 	 0.611928 	 0.391432 	 7 
0.243 	 -0.0123342 	 0.872844 	 0.611917 	 0.391456 	 7 
0.244 	 -0.0123366 	 0.872444 	 0.611905 	 0.391477 	 7 
0.245 	 -0.0123387 	 0.872026 	 0.611892 	 0.391495 	 7 
0.246 	 -0.0123406 	 0.871591 	 0.611879 	 0.39151 	 7 
0.247 	 -0.0123423 	 0.871139 	 0.611865 	 0.391522 	 7 
0.248 	 -0.0123437 	 0.870671 	 0.611851 	 0.391531 	 7 
0.249 	 -0.0123449 	 0.870187 	 0.611836 	 0.391537 	 7 
0.25 	 -0.0123459 	 0.869687 	 0.61182 	 0.39154 	 7 
0.251 	 -0.0123466 	 0.869171 	 0.611804 	 0.391541 	 7 
0.252 	 -0.0123471 	 0.868639 	 0.611787 	 0.391539 	 7 
0.253 	 -0.0123474 	 0.868093 	 0.61177 	 0.391534 	 7 
0.254 	 -0.0123474 	 0.867532 	 0.611752 	 0.391526 	 7 
0.255 	 -0.0123473 	 0.866957 	 0.611733 	 0.391516 	 7 
0.256 	 -0.0123469 	 0.866367 	 0.611714 	 0.391503 	 7 
0.257 	 -0.0123464 	 0.865763 	 0.611695 	 0.391487 	 7 
0.258 	 -0.0123456 	 0.865146 	 0.611675 	 0.391469 	 7 
0.259 	 -0.0123446 	 0.864515 	 0.611655 	 0.391449 	 7 
0.26 	 -0.0123434 	 0.863871 	 0.611634 	 0.391426 	 7 
0.261 	 -0.0123421 	 0.863214 	 0.611612 	 0.391401 	 7 
0.262 	 -0.0123405 	 0.862545 	 0.61159 	 0.391373 	 7 
0.263 	 -0.0123388 	 0.861863 	 0.611568 	 0.391344 	 7 
0.264 	 -0.0123368 	 0.861168 	 0.611545 	 0.391311 	 7 
0.265 	 -0.0123347 	 0.860462 	 0.611521 	 0.391277 	 7 
0.266 	 -0.0123324 	 0.859744 	 0.611497 	 0.39124 	 7 
0.267 	 -0.0123299 	 0.859014 	 0.611473 	 0.391202 	 7 
0.268 	 -0.0123273 	 0.858273 	 0.611448 	 0.391161 	 7 
0.269 	 -0.0123245 	 0.857521 	 0.611423 	 0.391118 	 7 
0.27 	 -0.0123215 	 0.856758 	 0.611397 	 0.391073 	 7 
0.271 	 -0.0123183 	 0.855984 	 0.611371 	 0.391026 	 7 
0.272 	 -0.012315 	 0.8552 	 0.611345 	 0.390976 	 7 
0.273 	 -0.0123115 	 0.854405 	 0.611318 	 0.390925 	 7 
0.274 	 -0.0123078 	 0.853601 	 0.61129 	 0.390872 	 7 
0.275 	 -0.012304 	 0.852786 	 0.611262 	 0.390817 	 7 
0.276 	 -0.0123001 	 0.851962 	 0.611234 	 0.390761 	 7 
0.277 	 -0.0122959 	 0.851128 	 0.611206 	 0.390702 	 7 
0.278 	 -0.0122917 	 0.850285 	 0.611177 	 0.390642 	 7 
0.279 	 -0.0122873 	 0.849436 	 0.611147 	 0.390579 	 7 
0.28 	 -0.0122827 	 0.848579 	 0.611117 	 0.390515 	 7 
0.281 	 -0.012278 	 0.847713 	 0.611087 	 0.39045 	 7 
0.282 	 -0.0122732 	 0.846838 	 0.611057 	 0.390382 	 7 
0.283 	 -0.0122682 	 0.845955 	 0.611026 	 0.390313 	 7 
0.284 	 -0.0122631 	 0.845063 	 0.610994 	 0.390242 	 7 
0.285 	 -0.0122578 	 0.844164 	 0.610963 	 0.39017 	 7 
0.286 	 -0.0122524 	 0.843256 	 0.610931 	 0.390096 	 7 
0.287 	 -0.0122469 	 0.84234 	 0.610898 	 0.390021 	 7 
0.288 	 -0.0122412 	 0.841417 	 0.610866 	 0.389943 	 7 
0.289 	 -0.0122354 	 0.840486 	 0.610832 	 0.389865 	 7 
0.29 	 -0.0122295 	 0.839548 	 0.610799 	 0.389785 	 7 
0.291 	 -0.0122235 	 0.838603 	 0.610765 	 0.389703 	 7 
0.292 	 -0.0122174 	 0.83765 	 0.610731 	 0.389621 	 7 
0.293 	 -0.0122111 	 0.836691 	 0.610697 	 0.389536 	 7 
0.294 	 -0.0122047 	 0.835724 	 0.610662 	 0.38945 	 7 
0.295 	 -0.0121982 	 0.834751 	 0.610627 	 0.389363 	 7 
0.296 	 -0.0121916 	 0.833772 	 0.610591 	 0.389275 	 7 
0.297 	 -0.0121848 	 0.832786 	 0.610556 	 0.389185 	 7 
0.298 	 -0.012178 	 0.831794 	 0.61052 	 0.389094 	 7 
0.299 	 -0.012171 	 0.830795 	 0.610483 	 0.389002 	 7 
