k 	 Deltak 	 epsilonk 	 site 	 Deltai 	 check 
-3.14159 	 1.67201e-16 	 -0.113 	 0 	 0 	 11 
-3.07876 	 0.0791069 	 -0.107088 	 1 	 0.0397366 	 11 
-3.01593 	 0.152283 	 -0.0894685 	 2 	 0.123357 	 11 
-2.9531 	 0.214833 	 -0.0604892 	 3 	 -0.0580706 	 11 
-2.89027 	 0.263934 	 -0.0207235 	 4 	 0.00827789 	 11 
-2.82743 	 0.298577 	 0.0290395 	 5 	 -0.0234792 	 11 
-2.7646 	 0.319112 	 0.0878079 	 6 	 0.00968906 	 11 
-2.70177 	 0.326767 	 0.154403 	 7 	 0.000274553 	 11 
-2.63894 	 0.323274 	 0.22748 	 8 	 0.00314679 	 11 
-2.57611 	 0.310615 	 0.305549 	 9 	 -0.00147058 	 11 
-2.51327 	 0.290838 	 0.387 	 10 	 -0.000230977 	 11 
-2.45044 	 0.265906 	 0.470132 	 11 	 -0.000553216 	 11 
-2.38761 	 0.237574 	 0.553178 	 12 	 0.000332583 	 11 
-2.32478 	 0.207302 	 0.634338 	 13 	 2.53516e-05 	 11 
-2.26195 	 0.176216 	 0.711805 	 14 	 0.000120447 	 11 
-2.19911 	 0.145103 	 0.783802 	 15 	 -8.22194e-05 	 11 
-2.13628 	 0.114446 	 0.848606 	 16 	 -3.92524e-07 	 11 
-2.07345 	 0.0844737 	 0.90458 	 17 	 -2.56194e-05 	 11 
-2.01062 	 0.0552169 	 0.950203 	 18 	 1.92941e-05 	 11 
-1.94779 	 0.026561 	 0.984093 	 19 	 -5.49157e-07 	 11 
-1.88496 	 -0.00170681 	 1.00503 	 20 	 5.34394e-06 	 11 
-1.82212 	 -0.0298558 	 1.012 	 21 	 -4.5042e-06 	 11 
-1.75929 	 -0.0581741 	 1.00416 	 22 	 2.7912e-07 	 11 
-1.69646 	 -0.0869294 	 0.980916 	 23 	 -1.14597e-06 	 11 
-1.63363 	 -0.116322 	 0.941905 	 24 	 1.07358e-06 	 11 
-1.5708 	 -0.146424 	 0.887 	 25 	 -1.06575e-07 	 11 
-1.50796 	 -0.1771 	 0.816324 	 26 	 2.51659e-07 	 11 
-1.44513 	 -0.207907 	 0.73025 	 27 	 -2.60286e-07 	 11 
-1.3823 	 -0.237982 	 0.629395 	 28 	 3.34204e-08 	 11 
-1.31947 	 -0.265959 	 0.514617 	 29 	 -5.48661e-08 	 11 
-1.25664 	 -0.289984 	 0.387 	 30 	 6.4963e-08 	 11 
-1.19381 	 -0.307914 	 0.247844 	 31 	 -8.71661e-09 	 11 
-1.13097 	 -0.317769 	 0.0986447 	 32 	 1.11305e-08 	 11 
-1.06814 	 -0.318323 	 -0.0589269 	 33 	 -1.74843e-08 	 11 
-1.00531 	 -0.309585 	 -0.223048 	 34 	 1.6169e-09 	 11 
-0.942478 	 -0.292848 	 -0.391768 	 35 	 -1.47739e-09 	 11 
-0.879646 	 -0.270285 	 -0.563043 	 36 	 5.54551e-09 	 11 
-0.816814 	 -0.244317 	 -0.734757 	 37 	 1.23879e-10 	 11 
-0.753982 	 -0.217086 	 -0.904759 	 38 	 -4.74452e-10 	 11 
-0.69115 	 -0.190187 	 -1.07089 	 39 	 -2.23612e-09 	 11 
-0.628319 	 -0.164635 	 -1.23103 	 40 	 -3.94756e-10 	 11 
-0.565487 	 -0.140963 	 -1.38311 	 41 	 6.92214e-10 	 11 
-0.502655 	 -0.119354 	 -1.52513 	 42 	 1.13904e-09 	 11 
-0.439823 	 -0.0997713 	 -1.65525 	 43 	 3.58605e-10 	 11 
-0.376991 	 -0.0820421 	 -1.77175 	 44 	 -5.14987e-10 	 11 
-0.314159 	 -0.0659267 	 -1.87307 	 45 	 -6.69808e-10 	 11 
-0.251327 	 -0.0511549 	 -1.95789 	 46 	 -3.098e-10 	 11 
-0.188496 	 -0.0374485 	 -2.02506 	 47 	 2.6365e-10 	 11 
-0.125664 	 -0.024532 	 -2.0737 	 48 	 4.37504e-10 	 11 
-0.0628319 	 -0.0121366 	 -2.10314 	 49 	 3.2899e-10 	 11 
4.44089e-16 	 9.78788e-17 	 -2.113 	 50 	 1.19427e-16 	 11 
0.0628319 	 0.0121366 	 -2.10314 	 51 	 -3.2899e-10 	 11 
0.125664 	 0.024532 	 -2.0737 	 52 	 -4.37504e-10 	 11 
0.188496 	 0.0374486 	 -2.02506 	 53 	 -2.6365e-10 	 11 
0.251327 	 0.0511551 	 -1.95789 	 54 	 3.098e-10 	 11 
0.314159 	 0.065927 	 -1.87307 	 55 	 6.69808e-10 	 11 
0.376991 	 0.0820426 	 -1.77175 	 56 	 5.14987e-10 	 11 
0.439823 	 0.099772 	 -1.65525 	 57 	 -3.58604e-10 	 11 
0.502655 	 0.119355 	 -1.52513 	 58 	 -1.13904e-09 	 11 
0.565487 	 0.140964 	 -1.38311 	 59 	 -6.92214e-10 	 11 
0.628319 	 0.164637 	 -1.23103 	 60 	 3.94755e-10 	 11 
0.69115 	 0.19019 	 -1.07089 	 61 	 2.23612e-09 	 11 
0.753982 	 0.217089 	 -0.904759 	 62 	 4.74453e-10 	 11 
0.816814 	 0.244321 	 -0.734757 	 63 	 -1.2388e-10 	 11 
0.879646 	 0.27029 	 -0.563043 	 64 	 -5.54551e-09 	 11 
0.942478 	 0.292854 	 -0.391768 	 65 	 1.47739e-09 	 11 
1.00531 	 0.309592 	 -0.223048 	 66 	 -1.6169e-09 	 11 
1.06814 	 0.31833 	 -0.0589269 	 67 	 1.74843e-08 	 11 
1.13097 	 0.317775 	 0.0986447 	 68 	 -1.11305e-08 	 11 
1.19381 	 0.30792 	 0.247844 	 69 	 8.71661e-09 	 11 
1.25664 	 0.289991 	 0.387 	 70 	 -6.4963e-08 	 11 
1.31947 	 0.265968 	 0.514617 	 71 	 5.48661e-08 	 11 
1.3823 	 0.237993 	 0.629395 	 72 	 -3.34204e-08 	 11 
1.44513 	 0.207919 	 0.73025 	 73 	 2.60286e-07 	 11 
1.50796 	 0.177113 	 0.816324 	 74 	 -2.51659e-07 	 11 
1.5708 	 0.146438 	 0.887 	 75 	 1.06575e-07 	 11 
1.63363 	 0.116336 	 0.941905 	 76 	 -1.07358e-06 	 11 
1.69646 	 0.0869444 	 0.980916 	 77 	 1.14597e-06 	 11 
1.75929 	 0.0581894 	 1.00416 	 78 	 -2.7912e-07 	 11 
1.82212 	 0.0298712 	 1.012 	 79 	 4.5042e-06 	 11 
1.88496 	 0.00172237 	 1.00503 	 80 	 -5.34394e-06 	 11 
1.94779 	 -0.0265453 	 0.984093 	 81 	 5.49157e-07 	 11 
2.01062 	 -0.0552011 	 0.950203 	 82 	 -1.92941e-05 	 11 
2.07345 	 -0.0844577 	 0.90458 	 83 	 2.56194e-05 	 11 
2.13628 	 -0.11443 	 0.848606 	 84 	 3.92524e-07 	 11 
2.19911 	 -0.145087 	 0.783802 	 85 	 8.22194e-05 	 11 
2.26195 	 -0.1762 	 0.711805 	 86 	 -0.000120447 	 11 
2.32478 	 -0.207285 	 0.634338 	 87 	 -2.53516e-05 	 11 
2.38761 	 -0.237556 	 0.553178 	 88 	 -0.000332583 	 11 
2.45044 	 -0.265888 	 0.470132 	 89 	 0.000553216 	 11 
2.51327 	 -0.290821 	 0.387 	 90 	 0.000230977 	 11 
2.57611 	 -0.3106 	 0.305549 	 91 	 0.00147058 	 11 
2.63894 	 -0.32326 	 0.22748 	 92 	 -0.00314679 	 11 
2.70177 	 -0.326754 	 0.154403 	 93 	 -0.000274553 	 11 
2.7646 	 -0.319101 	 0.0878079 	 94 	 -0.00968906 	 11 
2.82743 	 -0.298568 	 0.0290395 	 95 	 0.0234792 	 11 
2.89027 	 -0.263928 	 -0.0207235 	 96 	 -0.00827789 	 11 
2.9531 	 -0.214828 	 -0.0604892 	 97 	 0.0580706 	 11 
3.01593 	 -0.15228 	 -0.0894685 	 98 	 -0.123357 	 11 
3.07876 	 -0.0791053 	 -0.107088 	 99 	 -0.0397366 	 11 
