0 	 1.48 	 0.300668 	 0.9831 	 1 	 8 
0.001 	 1.48 	 0.300783 	 0.9831 	 1 	 0 
0.002 	 1.48 	 0.300835 	 0.9831 	 1 	 0 
0.003 	 1.48 	 0.300857 	 0.9831 	 1.00001 	 0 
0.004 	 1.48 	 0.300868 	 0.9831 	 1.00001 	 0 
0.005 	 1.48 	 0.300872 	 0.9831 	 1.00002 	 0 
0.006 	 1.48 	 0.300874 	 0.9831 	 1.00003 	 0 
0.007 	 1.48 	 0.300875 	 0.9831 	 1.00004 	 0 
0.008 	 1.48 	 0.300875 	 0.9831 	 1.00005 	 0 
0.009 	 1.48 	 0.300876 	 0.9831 	 1.00007 	 0 
0.01 	 1.48 	 0.300876 	 0.9831 	 1.00008 	 0 
0.011 	 1.48 	 0.300876 	 0.9831 	 1.0001 	 0 
0.012 	 1.48 	 0.300876 	 0.9831 	 1.00012 	 0 
0.013 	 1.48 	 0.300876 	 0.9831 	 1.00014 	 0 
0.014 	 1.48 	 0.300876 	 0.9831 	 1.00016 	 0 
0.015 	 1.48 	 0.300876 	 0.9831 	 1.00019 	 0 
0.016 	 1.48 	 0.300876 	 0.9831 	 1.00021 	 0 
0.017 	 1.48 	 0.300876 	 0.9831 	 1.00024 	 0 
0.018 	 1.48 	 0.300876 	 0.9831 	 1.00027 	 0 
0.019 	 1.48 	 0.300876 	 0.9831 	 1.0003 	 0 
0.02 	 1.48 	 0.300876 	 0.9831 	 1.00033 	 0 
0.021 	 1.48 	 0.300875 	 0.9831 	 1.00036 	 0 
0.022 	 1.48 	 0.300875 	 0.9831 	 1.0004 	 0 
0.023 	 1.48 	 0.300874 	 0.9831 	 1.00044 	 0 
0.024 	 1.48 	 0.300873 	 0.9831 	 1.00047 	 0 
0.025 	 1.48 	 0.300872 	 0.9831 	 1.00052 	 0 
0.026 	 1.48 	 0.30087 	 0.9831 	 1.00056 	 0 
0.027 	 1.48 	 0.300866 	 0.9831 	 1.0006 	 0 
0.028 	 1.48 	 0.300862 	 0.9831 	 1.00065 	 0 
0.029 	 1.48 	 0.300856 	 0.9831 	 1.00069 	 0 
0.03 	 1.48 	 0.300848 	 0.9831 	 1.00074 	 0 
0.031 	 1.48 	 0.300838 	 0.9831 	 1.00079 	 0 
0.032 	 1.48 	 0.300825 	 0.9831 	 1.00085 	 0 
0.033 	 1.48 	 0.300808 	 0.9831 	 1.0009 	 0 
0.034 	 1.48 	 0.300788 	 0.9831 	 1.00095 	 0 
0.035 	 1.48 	 0.300764 	 0.9831 	 1.00101 	 0 
0.036 	 1.48 	 0.300734 	 0.9831 	 1.00107 	 0 
0.037 	 1.48 	 0.300699 	 0.9831 	 1.00113 	 0 
0.038 	 1.48 	 0.300657 	 0.9831 	 1.00119 	 0 
0.039 	 1.48 	 0.300608 	 0.9831 	 1.00126 	 0 
0.04 	 1.48 	 0.300552 	 0.9831 	 1.00132 	 0 
0.041 	 1.48 	 0.300487 	 0.9831 	 1.00139 	 0 
0.042 	 1.48 	 0.300414 	 0.9831 	 1.00146 	 0 
0.043 	 1.48 	 0.30033 	 0.9832 	 1.00153 	 0 
0.044 	 1.48 	 0.300236 	 0.9832 	 1.0016 	 0 
0.045 	 1.48 	 0.300131 	 0.9832 	 1.00168 	 0 
0.046 	 1.48 	 0.300014 	 0.9832 	 1.00175 	 0 
0.047 	 1.48 	 0.299884 	 0.9832 	 1.00183 	 0 
0.048 	 1.48 	 0.299742 	 0.9832 	 1.00191 	 0 
0.049 	 1.48 	 0.299585 	 0.9833 	 1.00199 	 0 
0.05 	 1.48 	 0.299413 	 0.9833 	 1.00207 	 0 
0.051 	 1.48 	 0.299227 	 0.9833 	 1.00216 	 0 
0.052 	 1.48 	 0.299024 	 0.9834 	 1.00224 	 0 
0.053 	 1.48 	 0.298805 	 0.9834 	 1.00233 	 0 
0.054 	 1.48 	 0.298569 	 0.9834 	 1.00242 	 0 
0.055 	 1.48 	 0.298315 	 0.9835 	 1.00251 	 0 
0.056 	 1.48 	 0.298043 	 0.9835 	 1.00261 	 0 
0.057 	 1.48 	 0.297752 	 0.9835 	 1.0027 	 0 
0.058 	 1.48 	 0.297319 	 0.9836 	 1.0028 	 1 
0.059 	 1.48 	 0.297083 	 0.9836 	 1.0029 	 0 
0.06 	 1.48 	 0.296631 	 0.9837 	 1.003 	 1 
0.061 	 1.48 	 0.296361 	 0.9837 	 1.0031 	 0 
0.062 	 1.48 	 0.295852 	 0.9838 	 1.0032 	 1 
0.063 	 1.48 	 0.295407 	 0.9839 	 1.00331 	 1 
0.064 	 1.48 	 0.294952 	 0.9839 	 1.00342 	 1 
0.065 	 1.48 	 0.29448 	 0.984 	 1.00353 	 1 
0.066 	 1.48 	 0.293987 	 0.9841 	 1.00364 	 1 
0.067 	 1.48 	 0.293471 	 0.9842 	 1.00375 	 1 
0.068 	 1.48 	 0.292925 	 0.9842 	 1.00387 	 1 
0.069 	 1.48 	 0.292354 	 0.9843 	 1.00398 	 1 
0.07 	 1.48 	 0.29176 	 0.9844 	 1.0041 	 1 
0.071 	 1.48 	 0.29114 	 0.9845 	 1.00422 	 1 
0.072 	 1.48 	 0.290494 	 0.9846 	 1.00435 	 1 
0.073 	 1.48 	 0.28982 	 0.9847 	 1.00447 	 1 
0.074 	 1.48 	 0.289118 	 0.9848 	 1.0046 	 1 
0.075 	 1.48 	 0.288387 	 0.9849 	 1.00472 	 1 
0.076 	 1.48 	 0.287628 	 0.9851 	 1.00485 	 1 
0.077 	 1.48 	 0.286845 	 0.9852 	 1.00499 	 1 
0.078 	 1.48 	 0.286031 	 0.9853 	 1.00512 	 1 
0.079 	 1.48 	 0.285031 	 0.9854 	 1.00525 	 2 
0.08 	 1.48 	 0.284266 	 0.9856 	 1.00539 	 1 
0.081 	 1.48 	 0.28323 	 0.9857 	 1.00553 	 2 
0.082 	 1.48 	 0.282416 	 0.9859 	 1.00567 	 1 
0.083 	 1.48 	 0.281305 	 0.986 	 1.00582 	 2 
0.084 	 1.48 	 0.280275 	 0.9862 	 1.00596 	 2 
0.085 	 1.48 	 0.279221 	 0.9863 	 1.00611 	 2 
0.086 	 1.48 	 0.278142 	 0.9865 	 1.00626 	 2 
0.087 	 1.48 	 0.277031 	 0.9867 	 1.00641 	 2 
0.088 	 1.48 	 0.275881 	 0.9869 	 1.00656 	 2 
0.089 	 1.48 	 0.274692 	 0.987 	 1.00672 	 2 
0.09 	 1.48 	 0.27347 	 0.9872 	 1.00688 	 2 
0.091 	 1.48 	 0.272213 	 0.9874 	 1.00704 	 2 
0.092 	 1.48 	 0.270919 	 0.9876 	 1.0072 	 2 
0.093 	 1.48 	 0.269585 	 0.9878 	 1.00736 	 2 
0.094 	 1.48 	 0.268219 	 0.9881 	 1.00753 	 2 
0.095 	 1.48 	 0.266813 	 0.9883 	 1.0077 	 2 
0.096 	 1.48 	 0.26536 	 0.9885 	 1.00787 	 2 
0.097 	 1.48 	 0.263703 	 0.9887 	 1.00804 	 3 
0.098 	 1.48 	 0.2623 	 0.989 	 1.00821 	 2 
0.099 	 1.48 	 0.260577 	 0.9892 	 1.00839 	 3 
0.1 	 1.48 	 0.258932 	 0.9895 	 1.00857 	 3 
0.101 	 1.48 	 0.257252 	 0.9897 	 1.00875 	 3 
0.102 	 1.48 	 0.255536 	 0.99 	 1.00893 	 3 
0.103 	 1.48 	 0.253769 	 0.9903 	 1.00912 	 3 
0.104 	 1.48 	 0.251954 	 0.9905 	 1.00931 	 3 
0.105 	 1.48 	 0.250093 	 0.9908 	 1.0095 	 3 
0.106 	 1.48 	 0.248185 	 0.9911 	 1.00969 	 3 
0.107 	 1.48 	 0.246225 	 0.9914 	 1.00988 	 3 
0.108 	 1.48 	 0.244212 	 0.9917 	 1.01008 	 3 
0.109 	 1.48 	 0.241977 	 0.992 	 1.01028 	 4 
0.11 	 1.48 	 0.239821 	 0.9923 	 1.01048 	 4 
0.111 	 1.48 	 0.237632 	 0.9927 	 1.01068 	 4 
0.112 	 1.48 	 0.235389 	 0.993 	 1.01089 	 4 
0.113 	 1.48 	 0.233079 	 0.9933 	 1.0111 	 4 
0.114 	 1.48 	 0.23071 	 0.9937 	 1.01131 	 4 
0.115 	 1.48 	 0.22828 	 0.994 	 1.01152 	 4 
0.116 	 1.48 	 0.225783 	 0.9944 	 1.01173 	 4 
0.117 	 1.48 	 0.223051 	 0.9947 	 1.01195 	 5 
0.118 	 1.48 	 0.220387 	 0.9951 	 1.01217 	 5 
0.119 	 1.48 	 0.217669 	 0.9955 	 1.01239 	 5 
0.12 	 1.49 	 0.214872 	 0.9959 	 1.01262 	 5 
0.121 	 1.49 	 0.211998 	 0.9963 	 1.01284 	 5 
0.122 	 1.49 	 0.208884 	 0.9967 	 1.01307 	 6 
0.123 	 1.49 	 0.20582 	 0.9971 	 1.0133 	 6 
0.124 	 1.49 	 0.202685 	 0.9975 	 1.01353 	 6 
0.125 	 1.49 	 0.199457 	 0.9979 	 1.01377 	 6 
0.126 	 1.49 	 0.195974 	 0.9983 	 1.01401 	 7 
0.127 	 1.49 	 0.192508 	 0.9987 	 1.01425 	 7 
0.128 	 1.49 	 0.188966 	 0.9992 	 1.01449 	 7 
0.129 	 1.49 	 0.185152 	 0.9996 	 1.01474 	 8 
0.13 	 1.49 	 0.181345 	 1.0001 	 1.01498 	 8 
0.131 	 1.49 	 0.177421 	 1.0005 	 1.01523 	 8 
0.132 	 1.49 	 0.173219 	 1.001 	 1.01549 	 9 
0.133 	 1.49 	 0.168992 	 1.0015 	 1.01574 	 9 
0.134 	 1.49 	 0.164477 	 1.002 	 1.016 	 10 
0.135 	 1.49 	 0.159766 	 1.0025 	 1.01626 	 11 
0.136 	 1.49 	 0.154873 	 1.003 	 1.01652 	 12 
0.137 	 1.49 	 0.149909 	 1.0034 	 1.01678 	 12 
0.138 	 1.49 	 0.144614 	 1.004 	 1.01705 	 13 
0.139 	 1.49 	 0.138926 	 1.0045 	 1.01732 	 15 
0.14 	 1.49 	 0.133065 	 1.005 	 1.01759 	 16 
0.141 	 1.49 	 0.126784 	 1.0055 	 1.01786 	 18 
0.142 	 1.49 	 0.12014 	 1.0061 	 1.01814 	 20 
0.143 	 1.49 	 0.112979 	 1.0066 	 1.01842 	 23 
0.144 	 1.49 	 0.105318 	 1.0072 	 1.0187 	 26 
0.145 	 1.49 	 0.0968834 	 1.0077 	 1.01898 	 31 
0.146 	 1.49 	 0.0875366 	 1.0083 	 1.01927 	 38 
0.147 	 1.49 	 0.0769888 	 1.0089 	 1.01955 	 48 
