0.3 	 0.296639 	 0.94332 	 0 
0.2998 	 0.296845 	 0.94332 	 0 
0.2996 	 0.297018 	 0.94331 	 0 
0.2994 	 0.297175 	 0.94331 	 0 
0.2992 	 0.297326 	 0.94331 	 0 
0.299 	 0.297474 	 0.9433 	 0 
0.2988 	 0.29762 	 0.9433 	 0 
0.2986 	 0.297766 	 0.94329 	 0 
0.2984 	 0.297911 	 0.94329 	 0 
0.2982 	 0.298057 	 0.94329 	 0 
0.298 	 0.298203 	 0.94328 	 0 
0.2978 	 0.298348 	 0.94328 	 0 
0.2976 	 0.298494 	 0.94327 	 0 
0.2974 	 0.29864 	 0.94327 	 0 
0.2972 	 0.298786 	 0.94327 	 0 
0.297 	 0.298932 	 0.94326 	 0 
0.2968 	 0.299078 	 0.94326 	 0 
0.2966 	 0.299225 	 0.94326 	 0 
0.2964 	 0.299371 	 0.94325 	 0 
0.2962 	 0.299518 	 0.94325 	 0 
0.296 	 0.299664 	 0.94324 	 0 
0.2958 	 0.299811 	 0.94324 	 0 
0.2956 	 0.299957 	 0.94324 	 0 
0.2954 	 0.300105 	 0.94323 	 0 
0.2952 	 0.300251 	 0.94323 	 0 
0.295 	 0.300398 	 0.94323 	 0 
0.2948 	 0.300546 	 0.94322 	 0 
0.2946 	 0.300693 	 0.94322 	 0 
0.2944 	 0.30084 	 0.94321 	 0 
0.2942 	 0.300988 	 0.94321 	 0 
0.294 	 0.301135 	 0.94321 	 0 
0.2938 	 0.301283 	 0.9432 	 0 
0.2936 	 0.301431 	 0.9432 	 0 
0.2934 	 0.301578 	 0.94319 	 0 
0.2932 	 0.301726 	 0.94319 	 0 
0.293 	 0.301874 	 0.94319 	 0 
0.2928 	 0.302023 	 0.94318 	 0 
0.2926 	 0.302171 	 0.94318 	 0 
0.2924 	 0.302319 	 0.94318 	 0 
0.2922 	 0.302468 	 0.94317 	 0 
0.292 	 0.302616 	 0.94317 	 0 
0.2918 	 0.302765 	 0.94316 	 0 
0.2916 	 0.302913 	 0.94316 	 0 
0.2914 	 0.303062 	 0.94316 	 0 
0.2912 	 0.303211 	 0.94315 	 0 
0.291 	 0.30336 	 0.94315 	 0 
0.2908 	 0.303509 	 0.94314 	 0 
0.2906 	 0.303658 	 0.94314 	 0 
0.2904 	 0.303808 	 0.94314 	 0 
0.2902 	 0.303957 	 0.94313 	 0 
0.29 	 0.304107 	 0.94313 	 0 
0.2898 	 0.304256 	 0.94313 	 0 
0.2896 	 0.304406 	 0.94312 	 0 
0.2894 	 0.304556 	 0.94312 	 0 
0.2892 	 0.304706 	 0.94311 	 0 
0.289 	 0.304856 	 0.94311 	 0 
0.2888 	 0.305006 	 0.94311 	 0 
0.2886 	 0.305156 	 0.9431 	 0 
0.2884 	 0.305306 	 0.9431 	 0 
0.2882 	 0.305457 	 0.94309 	 0 
0.288 	 0.305607 	 0.94309 	 0 
0.2878 	 0.305758 	 0.94309 	 0 
0.2876 	 0.305909 	 0.94308 	 0 
0.2874 	 0.30606 	 0.94308 	 0 
0.2872 	 0.306211 	 0.94308 	 0 
0.287 	 0.306362 	 0.94307 	 0 
0.2868 	 0.306513 	 0.94307 	 0 
0.2866 	 0.306664 	 0.94306 	 0 
0.2864 	 0.306815 	 0.94306 	 0 
0.2862 	 0.306967 	 0.94306 	 0 
0.286 	 0.307118 	 0.94305 	 0 
0.2858 	 0.30727 	 0.94305 	 0 
0.2856 	 0.307422 	 0.94304 	 0 
0.2854 	 0.307573 	 0.94304 	 0 
0.2852 	 0.307725 	 0.94304 	 0 
0.285 	 0.307878 	 0.94303 	 0 
0.2848 	 0.30803 	 0.94303 	 0 
0.2846 	 0.308182 	 0.94302 	 0 
0.2844 	 0.308334 	 0.94302 	 0 
0.2842 	 0.308487 	 0.94302 	 0 
0.284 	 0.308639 	 0.94301 	 0 
0.2838 	 0.308792 	 0.94301 	 0 
0.2836 	 0.308945 	 0.94301 	 0 
0.2834 	 0.309098 	 0.943 	 0 
0.2832 	 0.309251 	 0.943 	 0 
0.283 	 0.309404 	 0.94299 	 0 
0.2828 	 0.309557 	 0.94299 	 0 
0.2826 	 0.30971 	 0.94299 	 0 
0.2824 	 0.309864 	 0.94298 	 0 
0.2822 	 0.310017 	 0.94298 	 0 
0.282 	 0.310171 	 0.94297 	 0 
0.2818 	 0.310324 	 0.94297 	 0 
0.2816 	 0.310478 	 0.94297 	 0 
0.2814 	 0.310632 	 0.94296 	 0 
0.2812 	 0.310786 	 0.94296 	 0 
0.281 	 0.31094 	 0.94295 	 0 
0.2808 	 0.311094 	 0.94295 	 0 
0.2806 	 0.311248 	 0.94295 	 0 
0.2804 	 0.311403 	 0.94294 	 0 
0.2802 	 0.311558 	 0.94294 	 0 
0.28 	 0.311712 	 0.94293 	 0 
0.2798 	 0.311867 	 0.94293 	 0 
0.2796 	 0.312022 	 0.94293 	 0 
0.2794 	 0.312177 	 0.94292 	 0 
0.2792 	 0.312332 	 0.94292 	 0 
0.279 	 0.312487 	 0.94291 	 0 
0.2788 	 0.312642 	 0.94291 	 0 
0.2786 	 0.312797 	 0.94291 	 0 
0.2784 	 0.312953 	 0.9429 	 0 
0.2782 	 0.313109 	 0.9429 	 0 
0.278 	 0.313264 	 0.9429 	 0 
0.2778 	 0.313421 	 0.94289 	 0 
0.2776 	 0.313576 	 0.94289 	 0 
0.2774 	 0.313732 	 0.94288 	 0 
0.2772 	 0.313888 	 0.94288 	 0 
0.277 	 0.314045 	 0.94288 	 0 
0.2768 	 0.314201 	 0.94287 	 0 
0.2766 	 0.314357 	 0.94287 	 0 
0.2764 	 0.314514 	 0.94286 	 0 
0.2762 	 0.31467 	 0.94286 	 0 
0.276 	 0.314827 	 0.94286 	 0 
0.2758 	 0.314984 	 0.94285 	 0 
0.2756 	 0.315141 	 0.94285 	 0 
0.2754 	 0.315298 	 0.94284 	 0 
0.2752 	 0.315455 	 0.94284 	 0 
0.275 	 0.315613 	 0.94284 	 0 
0.2748 	 0.31577 	 0.94283 	 0 
0.2746 	 0.315928 	 0.94283 	 0 
0.2744 	 0.316086 	 0.94282 	 0 
0.2742 	 0.316243 	 0.94282 	 0 
0.274 	 0.316401 	 0.94282 	 0 
0.2738 	 0.316559 	 0.94281 	 0 
0.2736 	 0.316717 	 0.94281 	 0 
0.2734 	 0.316875 	 0.9428 	 0 
0.2732 	 0.317033 	 0.9428 	 0 
0.273 	 0.317192 	 0.9428 	 0 
0.2728 	 0.317351 	 0.94279 	 0 
0.2726 	 0.317509 	 0.94279 	 0 
0.2724 	 0.317668 	 0.94278 	 0 
0.2722 	 0.317827 	 0.94278 	 0 
0.272 	 0.317986 	 0.94278 	 0 
0.2718 	 0.318145 	 0.94277 	 0 
0.2716 	 0.318304 	 0.94277 	 0 
0.2714 	 0.318463 	 0.94276 	 0 
0.2712 	 0.318622 	 0.94276 	 0 
0.271 	 0.318782 	 0.94276 	 0 
0.2708 	 0.318942 	 0.94275 	 0 
0.2706 	 0.319101 	 0.94275 	 0 
0.2704 	 0.319261 	 0.94274 	 0 
0.2702 	 0.319421 	 0.94274 	 0 
0.27 	 0.319581 	 0.94274 	 0 
0.2698 	 0.319742 	 0.94273 	 0 
0.2696 	 0.319902 	 0.94273 	 0 
0.2694 	 0.320062 	 0.94272 	 0 
0.2692 	 0.320222 	 0.94272 	 0 
0.269 	 0.320383 	 0.94272 	 0 
0.2688 	 0.320544 	 0.94271 	 0 
0.2686 	 0.320705 	 0.94271 	 0 
0.2684 	 0.320866 	 0.9427 	 0 
0.2682 	 0.321027 	 0.9427 	 0 
0.268 	 0.321188 	 0.9427 	 0 
0.2678 	 0.321349 	 0.94269 	 0 
0.2676 	 0.321511 	 0.94269 	 0 
0.2674 	 0.321672 	 0.94268 	 0 
0.2672 	 0.321834 	 0.94268 	 0 
0.267 	 0.321996 	 0.94268 	 0 
0.2668 	 0.322158 	 0.94267 	 0 
0.2666 	 0.322319 	 0.94267 	 0 
0.2664 	 0.322482 	 0.94266 	 0 
0.2662 	 0.322644 	 0.94266 	 0 
0.266 	 0.322806 	 0.94266 	 0 
0.2658 	 0.322969 	 0.94265 	 0 
0.2656 	 0.323131 	 0.94265 	 0 
0.2654 	 0.323294 	 0.94264 	 0 
0.2652 	 0.323456 	 0.94264 	 0 
0.265 	 0.323619 	 0.94263 	 0 
0.2648 	 0.323782 	 0.94263 	 0 
0.2646 	 0.323945 	 0.94263 	 0 
0.2644 	 0.324109 	 0.94262 	 0 
0.2642 	 0.324272 	 0.94262 	 0 
0.264 	 0.324435 	 0.94261 	 0 
0.2638 	 0.324599 	 0.94261 	 0 
0.2636 	 0.324763 	 0.94261 	 0 
0.2634 	 0.324927 	 0.9426 	 0 
0.2632 	 0.32509 	 0.9426 	 0 
0.263 	 0.325255 	 0.94259 	 0 
0.2628 	 0.325418 	 0.94259 	 0 
0.2626 	 0.325583 	 0.94259 	 0 
0.2624 	 0.325747 	 0.94258 	 0 
0.2622 	 0.325912 	 0.94258 	 0 
0.262 	 0.326076 	 0.94257 	 0 
0.2618 	 0.326241 	 0.94257 	 0 
0.2616 	 0.326406 	 0.94257 	 0 
0.2614 	 0.326571 	 0.94256 	 0 
0.2612 	 0.326736 	 0.94256 	 0 
0.261 	 0.326901 	 0.94255 	 0 
0.2608 	 0.327066 	 0.94255 	 0 
0.2606 	 0.327232 	 0.94255 	 0 
0.2604 	 0.327398 	 0.94254 	 0 
0.2602 	 0.327563 	 0.94254 	 0 
0.26 	 0.327729 	 0.94253 	 0 
0.2598 	 0.327895 	 0.94253 	 0 
0.2596 	 0.328061 	 0.94252 	 0 
0.2594 	 0.328227 	 0.94252 	 0 
0.2592 	 0.328393 	 0.94252 	 0 
0.259 	 0.32856 	 0.94251 	 0 
0.2588 	 0.328726 	 0.94251 	 0 
0.2586 	 0.328893 	 0.9425 	 0 
0.2584 	 0.329059 	 0.9425 	 0 
0.2582 	 0.329226 	 0.9425 	 0 
0.258 	 0.329394 	 0.94249 	 0 
0.2578 	 0.329561 	 0.94249 	 0 
0.2576 	 0.329728 	 0.94248 	 0 
0.2574 	 0.329895 	 0.94248 	 0 
0.2572 	 0.330063 	 0.94248 	 0 
0.257 	 0.330231 	 0.94247 	 0 
0.2568 	 0.330398 	 0.94247 	 0 
0.2566 	 0.330566 	 0.94246 	 0 
0.2564 	 0.330734 	 0.94246 	 0 
0.2562 	 0.330902 	 0.94245 	 0 
0.256 	 0.33107 	 0.94245 	 0 
0.2558 	 0.331238 	 0.94245 	 0 
0.2556 	 0.331407 	 0.94244 	 0 
0.2554 	 0.331575 	 0.94244 	 0 
0.2552 	 0.331744 	 0.94243 	 0 
0.255 	 0.331913 	 0.94243 	 0 
0.2548 	 0.332082 	 0.94243 	 0 
0.2546 	 0.332251 	 0.94242 	 0 
0.2544 	 0.33242 	 0.94242 	 0 
0.2542 	 0.332589 	 0.94241 	 0 
0.254 	 0.332758 	 0.94241 	 0 
0.2538 	 0.332928 	 0.9424 	 0 
0.2536 	 0.333097 	 0.9424 	 0 
0.2534 	 0.333267 	 0.9424 	 0 
0.2532 	 0.333438 	 0.94239 	 0 
0.253 	 0.333607 	 0.94239 	 0 
0.2528 	 0.333778 	 0.94238 	 0 
0.2526 	 0.333948 	 0.94238 	 0 
0.2524 	 0.334118 	 0.94238 	 0 
0.2522 	 0.334289 	 0.94237 	 0 
0.252 	 0.334459 	 0.94237 	 0 
0.2518 	 0.33463 	 0.94236 	 0 
0.2516 	 0.334801 	 0.94236 	 0 
0.2514 	 0.334972 	 0.94236 	 0 
0.2512 	 0.335143 	 0.94235 	 0 
0.251 	 0.335315 	 0.94235 	 0 
0.2508 	 0.335486 	 0.94234 	 0 
0.2506 	 0.335657 	 0.94234 	 0 
0.2504 	 0.335829 	 0.94233 	 0 
0.2502 	 0.336001 	 0.94233 	 0 
0.25 	 0.336173 	 0.94233 	 0 
0.2498 	 0.336345 	 0.94232 	 0 
0.2496 	 0.336517 	 0.94232 	 0 
0.2494 	 0.336689 	 0.94231 	 0 
0.2492 	 0.336861 	 0.94231 	 0 
0.249 	 0.337034 	 0.9423 	 0 
0.2488 	 0.337206 	 0.9423 	 0 
0.2486 	 0.337379 	 0.9423 	 0 
0.2484 	 0.337552 	 0.94229 	 0 
0.2482 	 0.337725 	 0.94229 	 0 
0.248 	 0.3379 	 0.94228 	 0 
0.2478 	 0.338075 	 0.94228 	 0 
0.2476 	 0.338251 	 0.94228 	 0 
0.2474 	 0.338426 	 0.94227 	 0 
0.2472 	 0.338602 	 0.94227 	 0 
0.247 	 0.338778 	 0.94226 	 0 
0.2468 	 0.338953 	 0.94226 	 0 
0.2466 	 0.339129 	 0.94225 	 0 
0.2464 	 0.339305 	 0.94225 	 0 
0.2462 	 0.339481 	 0.94225 	 0 
0.246 	 0.339658 	 0.94224 	 0 
0.2458 	 0.339834 	 0.94224 	 0 
0.2456 	 0.340011 	 0.94223 	 0 
0.2454 	 0.340188 	 0.94223 	 0 
0.2452 	 0.340365 	 0.94223 	 0 
0.245 	 0.340542 	 0.94222 	 0 
0.2448 	 0.340719 	 0.94222 	 0 
0.2446 	 0.340896 	 0.94221 	 0 
0.2444 	 0.341073 	 0.94221 	 0 
0.2442 	 0.341251 	 0.9422 	 0 
0.244 	 0.341429 	 0.9422 	 0 
0.2438 	 0.341606 	 0.9422 	 0 
0.2436 	 0.341785 	 0.94219 	 0 
0.2434 	 0.341963 	 0.94219 	 0 
0.2432 	 0.342141 	 0.94218 	 0 
0.243 	 0.342319 	 0.94218 	 0 
0.2428 	 0.342498 	 0.94217 	 0 
0.2426 	 0.342676 	 0.94217 	 0 
0.2424 	 0.342855 	 0.94217 	 0 
0.2422 	 0.343034 	 0.94216 	 0 
0.242 	 0.343213 	 0.94216 	 0 
0.2418 	 0.343392 	 0.94215 	 0 
0.2416 	 0.343571 	 0.94215 	 0 
0.2414 	 0.343751 	 0.94214 	 0 
0.2412 	 0.34393 	 0.94214 	 0 
0.241 	 0.34411 	 0.94214 	 0 
0.2408 	 0.34429 	 0.94213 	 0 
0.2406 	 0.34447 	 0.94213 	 0 
0.2404 	 0.34465 	 0.94212 	 0 
0.2402 	 0.34483 	 0.94212 	 0 
0.24 	 0.345011 	 0.94211 	 0 
0.2398 	 0.345191 	 0.94211 	 0 
0.2396 	 0.345372 	 0.94211 	 0 
0.2394 	 0.345553 	 0.9421 	 0 
0.2392 	 0.345734 	 0.9421 	 0 
0.239 	 0.345915 	 0.94209 	 0 
0.2388 	 0.346096 	 0.94209 	 0 
0.2386 	 0.346277 	 0.94209 	 0 
0.2384 	 0.346459 	 0.94208 	 0 
0.2382 	 0.34664 	 0.94208 	 0 
0.238 	 0.346822 	 0.94207 	 0 
0.2378 	 0.347004 	 0.94207 	 0 
0.2376 	 0.347186 	 0.94206 	 0 
0.2374 	 0.347368 	 0.94206 	 0 
0.2372 	 0.347551 	 0.94206 	 0 
0.237 	 0.347733 	 0.94205 	 0 
0.2368 	 0.347916 	 0.94205 	 0 
0.2366 	 0.348099 	 0.94204 	 0 
0.2364 	 0.348281 	 0.94204 	 0 
0.2362 	 0.348464 	 0.94203 	 0 
0.236 	 0.348647 	 0.94203 	 0 
0.2358 	 0.348831 	 0.94203 	 0 
0.2356 	 0.349015 	 0.94202 	 0 
0.2354 	 0.349198 	 0.94202 	 0 
0.2352 	 0.349382 	 0.94201 	 0 
0.235 	 0.349565 	 0.94201 	 0 
0.2348 	 0.34975 	 0.942 	 0 
0.2346 	 0.349934 	 0.942 	 0 
0.2344 	 0.350118 	 0.942 	 0 
0.2342 	 0.350303 	 0.94199 	 0 
0.234 	 0.350487 	 0.94199 	 0 
0.2338 	 0.350672 	 0.94198 	 0 
0.2336 	 0.350857 	 0.94198 	 0 
0.2334 	 0.351042 	 0.94197 	 0 
0.2332 	 0.351227 	 0.94197 	 0 
0.233 	 0.351412 	 0.94196 	 0 
0.2328 	 0.351597 	 0.94196 	 0 
0.2326 	 0.351783 	 0.94196 	 0 
0.2324 	 0.351969 	 0.94195 	 0 
0.2322 	 0.352155 	 0.94195 	 0 
0.232 	 0.352341 	 0.94194 	 0 
0.2318 	 0.352527 	 0.94194 	 0 
0.2316 	 0.352713 	 0.94193 	 0 
0.2314 	 0.352899 	 0.94193 	 0 
0.2312 	 0.353086 	 0.94193 	 0 
0.231 	 0.353273 	 0.94192 	 0 
0.2308 	 0.35346 	 0.94192 	 0 
0.2306 	 0.353647 	 0.94191 	 0 
0.2304 	 0.353834 	 0.94191 	 0 
0.2302 	 0.354021 	 0.9419 	 0 
0.23 	 0.354209 	 0.9419 	 0 
0.2298 	 0.354396 	 0.9419 	 0 
0.2296 	 0.354584 	 0.94189 	 0 
0.2294 	 0.354772 	 0.94189 	 0 
0.2292 	 0.35496 	 0.94188 	 0 
0.229 	 0.355148 	 0.94188 	 0 
0.2288 	 0.355337 	 0.94187 	 0 
0.2286 	 0.355525 	 0.94187 	 0 
0.2284 	 0.355714 	 0.94187 	 0 
0.2282 	 0.355903 	 0.94186 	 0 
0.228 	 0.356092 	 0.94186 	 0 
0.2278 	 0.356281 	 0.94185 	 0 
0.2276 	 0.35647 	 0.94185 	 0 
0.2274 	 0.35666 	 0.94184 	 0 
0.2272 	 0.356849 	 0.94184 	 0 
0.227 	 0.357039 	 0.94183 	 0 
0.2268 	 0.357228 	 0.94183 	 0 
0.2266 	 0.357418 	 0.94183 	 0 
0.2264 	 0.357609 	 0.94182 	 0 
0.2262 	 0.357799 	 0.94182 	 0 
0.226 	 0.35799 	 0.94181 	 0 
0.2258 	 0.35818 	 0.94181 	 0 
0.2256 	 0.358371 	 0.9418 	 0 
0.2254 	 0.358561 	 0.9418 	 0 
0.2252 	 0.358753 	 0.9418 	 0 
0.225 	 0.358944 	 0.94179 	 0 
0.2248 	 0.359135 	 0.94179 	 0 
0.2246 	 0.359327 	 0.94178 	 0 
0.2244 	 0.359518 	 0.94178 	 0 
0.2242 	 0.35971 	 0.94177 	 0 
0.224 	 0.359902 	 0.94177 	 0 
0.2238 	 0.360094 	 0.94176 	 0 
0.2236 	 0.360286 	 0.94176 	 0 
0.2234 	 0.360479 	 0.94176 	 0 
0.2232 	 0.360672 	 0.94175 	 0 
0.223 	 0.360864 	 0.94175 	 0 
0.2228 	 0.361057 	 0.94174 	 0 
0.2226 	 0.36125 	 0.94174 	 0 
0.2224 	 0.361443 	 0.94173 	 0 
0.2222 	 0.361636 	 0.94173 	 0 
0.222 	 0.36183 	 0.94173 	 0 
0.2218 	 0.362024 	 0.94172 	 0 
0.2216 	 0.362218 	 0.94172 	 0 
0.2214 	 0.362412 	 0.94171 	 0 
0.2212 	 0.362606 	 0.94171 	 0 
0.221 	 0.3628 	 0.9417 	 0 
0.2208 	 0.362994 	 0.9417 	 0 
0.2206 	 0.363189 	 0.94169 	 0 
0.2204 	 0.363383 	 0.94169 	 0 
0.2202 	 0.363578 	 0.94169 	 0 
0.22 	 0.363774 	 0.94168 	 0 
0.2198 	 0.363969 	 0.94168 	 0 
0.2196 	 0.364164 	 0.94167 	 0 
0.2194 	 0.36436 	 0.94167 	 0 
0.2192 	 0.364555 	 0.94166 	 0 
0.219 	 0.364751 	 0.94166 	 0 
0.2188 	 0.364947 	 0.94165 	 0 
0.2186 	 0.365143 	 0.94165 	 0 
0.2184 	 0.36534 	 0.94165 	 0 
0.2182 	 0.365536 	 0.94164 	 0 
0.218 	 0.365733 	 0.94164 	 0 
0.2178 	 0.36593 	 0.94163 	 0 
0.2176 	 0.366126 	 0.94163 	 0 
0.2174 	 0.366324 	 0.94162 	 0 
0.2172 	 0.366521 	 0.94162 	 0 
0.217 	 0.366718 	 0.94161 	 0 
0.2168 	 0.366916 	 0.94161 	 0 
0.2166 	 0.367114 	 0.94161 	 0 
0.2164 	 0.367312 	 0.9416 	 0 
0.2162 	 0.36751 	 0.9416 	 0 
0.216 	 0.367708 	 0.94159 	 0 
0.2158 	 0.367906 	 0.94159 	 0 
0.2156 	 0.368105 	 0.94158 	 0 
0.2154 	 0.368303 	 0.94158 	 0 
0.2152 	 0.368502 	 0.94158 	 0 
0.215 	 0.368702 	 0.94157 	 0 
0.2148 	 0.368901 	 0.94157 	 0 
0.2146 	 0.3691 	 0.94156 	 0 
0.2144 	 0.3693 	 0.94156 	 0 
0.2142 	 0.3695 	 0.94155 	 0 
0.214 	 0.369699 	 0.94155 	 0 
0.2138 	 0.369899 	 0.94154 	 0 
0.2136 	 0.370099 	 0.94154 	 0 
0.2134 	 0.3703 	 0.94153 	 0 
0.2132 	 0.3705 	 0.94153 	 0 
0.213 	 0.370701 	 0.94153 	 0 
0.2128 	 0.370902 	 0.94152 	 0 
0.2126 	 0.371103 	 0.94152 	 0 
0.2124 	 0.371304 	 0.94151 	 0 
0.2122 	 0.371505 	 0.94151 	 0 
0.212 	 0.371707 	 0.9415 	 0 
0.2118 	 0.371908 	 0.9415 	 0 
0.2116 	 0.37211 	 0.94149 	 0 
0.2114 	 0.372312 	 0.94149 	 0 
0.2112 	 0.372514 	 0.94149 	 0 
0.211 	 0.372717 	 0.94148 	 0 
0.2108 	 0.372919 	 0.94148 	 0 
0.2106 	 0.373122 	 0.94147 	 0 
0.2104 	 0.373325 	 0.94147 	 0 
0.2102 	 0.373528 	 0.94146 	 0 
0.21 	 0.373731 	 0.94146 	 0 
0.2098 	 0.373935 	 0.94145 	 0 
0.2096 	 0.374138 	 0.94145 	 0 
0.2094 	 0.374342 	 0.94145 	 0 
0.2092 	 0.374546 	 0.94144 	 0 
0.209 	 0.37475 	 0.94144 	 0 
0.2088 	 0.374954 	 0.94143 	 0 
0.2086 	 0.375158 	 0.94143 	 0 
0.2084 	 0.375363 	 0.94142 	 0 
0.2082 	 0.375567 	 0.94142 	 0 
0.208 	 0.375772 	 0.94141 	 0 
0.2078 	 0.375977 	 0.94141 	 0 
0.2076 	 0.376183 	 0.9414 	 0 
0.2074 	 0.376388 	 0.9414 	 0 
0.2072 	 0.376593 	 0.9414 	 0 
0.207 	 0.3768 	 0.94139 	 0 
0.2068 	 0.377005 	 0.94139 	 0 
0.2066 	 0.377212 	 0.94138 	 0 
0.2064 	 0.377418 	 0.94138 	 0 
0.2062 	 0.377624 	 0.94137 	 0 
0.206 	 0.377831 	 0.94137 	 0 
0.2058 	 0.378037 	 0.94136 	 0 
0.2056 	 0.378244 	 0.94136 	 0 
0.2054 	 0.378451 	 0.94136 	 0 
0.2052 	 0.378659 	 0.94135 	 0 
0.205 	 0.378866 	 0.94135 	 0 
0.2048 	 0.379074 	 0.94134 	 0 
0.2046 	 0.379282 	 0.94134 	 0 
0.2044 	 0.37949 	 0.94133 	 0 
0.2042 	 0.379698 	 0.94133 	 0 
0.204 	 0.379906 	 0.94132 	 0 
0.2038 	 0.380115 	 0.94132 	 0 
0.2036 	 0.380324 	 0.94131 	 0 
0.2034 	 0.380532 	 0.94131 	 0 
0.2032 	 0.380741 	 0.94131 	 0 
0.203 	 0.380951 	 0.9413 	 0 
0.2028 	 0.38116 	 0.9413 	 0 
0.2026 	 0.38137 	 0.94129 	 0 
0.2024 	 0.38158 	 0.94129 	 0 
0.2022 	 0.38179 	 0.94128 	 0 
0.202 	 0.382 	 0.94128 	 0 
0.2018 	 0.38221 	 0.94127 	 0 
0.2016 	 0.38242 	 0.94127 	 0 
0.2014 	 0.382631 	 0.94126 	 0 
0.2012 	 0.382842 	 0.94126 	 0 
0.201 	 0.383053 	 0.94126 	 0 
0.2008 	 0.383265 	 0.94125 	 0 
0.2006 	 0.383476 	 0.94125 	 0 
0.2004 	 0.383688 	 0.94124 	 0 
0.2002 	 0.383899 	 0.94124 	 0 
0.2 	 0.384111 	 0.94123 	 0 
0.1998 	 0.384323 	 0.94123 	 0 
0.1996 	 0.384535 	 0.94122 	 0 
0.1994 	 0.384748 	 0.94122 	 0 
0.1992 	 0.384961 	 0.94121 	 0 
0.199 	 0.385173 	 0.94121 	 0 
0.1988 	 0.385386 	 0.94121 	 0 
0.1986 	 0.3856 	 0.9412 	 0 
0.1984 	 0.385813 	 0.9412 	 0 
0.1982 	 0.386027 	 0.94119 	 0 
0.198 	 0.386241 	 0.94119 	 0 
0.1978 	 0.386455 	 0.94118 	 0 
0.1976 	 0.386669 	 0.94118 	 0 
0.1974 	 0.386883 	 0.94117 	 0 
0.1972 	 0.387097 	 0.94117 	 0 
0.197 	 0.387312 	 0.94116 	 0 
0.1968 	 0.387527 	 0.94116 	 0 
0.1966 	 0.387742 	 0.94116 	 0 
0.1964 	 0.387958 	 0.94115 	 0 
0.1962 	 0.388173 	 0.94115 	 0 
0.196 	 0.388389 	 0.94114 	 0 
0.1958 	 0.388604 	 0.94114 	 0 
0.1956 	 0.388821 	 0.94113 	 0 
0.1954 	 0.389036 	 0.94113 	 0 
0.1952 	 0.389253 	 0.94112 	 0 
0.195 	 0.389469 	 0.94112 	 0 
0.1948 	 0.389686 	 0.94111 	 0 
0.1946 	 0.389903 	 0.94111 	 0 
0.1944 	 0.39012 	 0.9411 	 0 
0.1942 	 0.390337 	 0.9411 	 0 
0.194 	 0.390555 	 0.9411 	 0 
0.1938 	 0.390773 	 0.94109 	 0 
0.1936 	 0.390991 	 0.94109 	 0 
0.1934 	 0.391209 	 0.94108 	 0 
0.1932 	 0.391427 	 0.94108 	 0 
0.193 	 0.391646 	 0.94107 	 0 
0.1928 	 0.391864 	 0.94107 	 0 
0.1926 	 0.392083 	 0.94106 	 0 
0.1924 	 0.392302 	 0.94106 	 0 
0.1922 	 0.392522 	 0.94105 	 0 
0.192 	 0.392741 	 0.94105 	 0 
0.1918 	 0.392961 	 0.94104 	 0 
0.1916 	 0.39318 	 0.94104 	 0 
0.1914 	 0.3934 	 0.94104 	 0 
0.1912 	 0.393621 	 0.94103 	 0 
0.191 	 0.393841 	 0.94103 	 0 
0.1908 	 0.394062 	 0.94102 	 0 
0.1906 	 0.394283 	 0.94102 	 0 
0.1904 	 0.394504 	 0.94101 	 0 
0.1902 	 0.394725 	 0.94101 	 0 
0.19 	 0.394946 	 0.941 	 0 
0.1898 	 0.395168 	 0.941 	 0 
0.1896 	 0.39539 	 0.94099 	 0 
0.1894 	 0.395611 	 0.94099 	 0 
0.1892 	 0.395834 	 0.94098 	 0 
0.189 	 0.396056 	 0.94098 	 0 
0.1888 	 0.396279 	 0.94098 	 0 
0.1886 	 0.396502 	 0.94097 	 0 
0.1884 	 0.396725 	 0.94097 	 0 
0.1882 	 0.396948 	 0.94096 	 0 
0.188 	 0.397171 	 0.94096 	 0 
0.1878 	 0.397395 	 0.94095 	 0 
0.1876 	 0.397619 	 0.94095 	 0 
0.1874 	 0.397844 	 0.94094 	 0 
0.1872 	 0.39807 	 0.94094 	 0 
0.187 	 0.398298 	 0.94093 	 0 
0.1868 	 0.398525 	 0.94093 	 0 
0.1866 	 0.398753 	 0.94092 	 0 
0.1864 	 0.39898 	 0.94092 	 0 
0.1862 	 0.399208 	 0.94092 	 0 
0.186 	 0.399437 	 0.94091 	 0 
0.1858 	 0.399665 	 0.94091 	 0 
0.1856 	 0.399894 	 0.9409 	 0 
0.1854 	 0.400122 	 0.9409 	 0 
0.1852 	 0.400352 	 0.94089 	 0 
0.185 	 0.400581 	 0.94089 	 0 
0.1848 	 0.40081 	 0.94088 	 0 
0.1846 	 0.40104 	 0.94088 	 0 
0.1844 	 0.40127 	 0.94087 	 0 
0.1842 	 0.401499 	 0.94087 	 0 
0.184 	 0.40173 	 0.94086 	 0 
0.1838 	 0.40196 	 0.94086 	 0 
0.1836 	 0.402191 	 0.94085 	 0 
0.1834 	 0.402422 	 0.94085 	 0 
0.1832 	 0.402653 	 0.94085 	 0 
0.183 	 0.402885 	 0.94084 	 0 
0.1828 	 0.403116 	 0.94084 	 0 
0.1826 	 0.403348 	 0.94083 	 0 
0.1824 	 0.40358 	 0.94083 	 0 
0.1822 	 0.403812 	 0.94082 	 0 
0.182 	 0.404044 	 0.94082 	 0 
0.1818 	 0.404277 	 0.94081 	 0 
0.1816 	 0.40451 	 0.94081 	 0 
0.1814 	 0.404743 	 0.9408 	 0 
0.1812 	 0.404976 	 0.9408 	 0 
0.181 	 0.40521 	 0.94079 	 0 
0.1808 	 0.405443 	 0.94079 	 0 
0.1806 	 0.405677 	 0.94078 	 0 
0.1804 	 0.405911 	 0.94078 	 0 
0.1802 	 0.406146 	 0.94078 	 0 
0.18 	 0.406381 	 0.94077 	 0 
0.1798 	 0.406616 	 0.94077 	 0 
0.1796 	 0.406851 	 0.94076 	 0 
0.1794 	 0.407086 	 0.94076 	 0 
0.1792 	 0.407322 	 0.94075 	 0 
0.179 	 0.407557 	 0.94075 	 0 
0.1788 	 0.407793 	 0.94074 	 0 
0.1786 	 0.408029 	 0.94074 	 0 
0.1784 	 0.408266 	 0.94073 	 0 
0.1782 	 0.408502 	 0.94073 	 0 
0.178 	 0.408739 	 0.94072 	 0 
0.1778 	 0.408976 	 0.94072 	 0 
0.1776 	 0.409213 	 0.94071 	 0 
0.1774 	 0.40945 	 0.94071 	 0 
0.1772 	 0.409688 	 0.94071 	 0 
0.177 	 0.409927 	 0.9407 	 0 
0.1768 	 0.410165 	 0.9407 	 0 
0.1766 	 0.410403 	 0.94069 	 0 
0.1764 	 0.410642 	 0.94069 	 0 
0.1762 	 0.410881 	 0.94068 	 0 
0.176 	 0.41112 	 0.94068 	 0 
0.1758 	 0.411359 	 0.94067 	 0 
0.1756 	 0.411598 	 0.94067 	 0 
0.1754 	 0.411838 	 0.94066 	 0 
0.1752 	 0.412078 	 0.94066 	 0 
0.175 	 0.412318 	 0.94065 	 0 
0.1748 	 0.412559 	 0.94065 	 0 
0.1746 	 0.412799 	 0.94064 	 0 
0.1744 	 0.41304 	 0.94064 	 0 
0.1742 	 0.413281 	 0.94063 	 0 
0.174 	 0.413523 	 0.94063 	 0 
0.1738 	 0.413764 	 0.94063 	 0 
0.1736 	 0.414006 	 0.94062 	 0 
0.1734 	 0.414248 	 0.94062 	 0 
0.1732 	 0.414491 	 0.94061 	 0 
0.173 	 0.414733 	 0.94061 	 0 
0.1728 	 0.414976 	 0.9406 	 0 
0.1726 	 0.415219 	 0.9406 	 0 
0.1724 	 0.415462 	 0.94059 	 0 
0.1722 	 0.415706 	 0.94059 	 0 
0.172 	 0.415949 	 0.94058 	 0 
0.1718 	 0.416193 	 0.94058 	 0 
0.1716 	 0.416438 	 0.94057 	 0 
0.1714 	 0.416682 	 0.94057 	 0 
0.1712 	 0.416927 	 0.94056 	 0 
0.171 	 0.417171 	 0.94056 	 0 
0.1708 	 0.417416 	 0.94055 	 0 
0.1706 	 0.417662 	 0.94055 	 0 
0.1704 	 0.417907 	 0.94054 	 0 
0.1702 	 0.418153 	 0.94054 	 0 
0.17 	 0.418399 	 0.94054 	 0 
0.1698 	 0.418646 	 0.94053 	 0 
0.1696 	 0.418892 	 0.94053 	 0 
0.1694 	 0.419139 	 0.94052 	 0 
0.1692 	 0.419386 	 0.94052 	 0 
0.169 	 0.419634 	 0.94051 	 0 
0.1688 	 0.419881 	 0.94051 	 0 
0.1686 	 0.420129 	 0.9405 	 0 
0.1684 	 0.420377 	 0.9405 	 0 
0.1682 	 0.420625 	 0.94049 	 0 
0.168 	 0.420873 	 0.94049 	 0 
0.1678 	 0.421122 	 0.94048 	 0 
0.1676 	 0.421371 	 0.94048 	 0 
0.1674 	 0.421621 	 0.94047 	 0 
0.1672 	 0.42187 	 0.94047 	 0 
0.167 	 0.42212 	 0.94046 	 0 
0.1668 	 0.422369 	 0.94046 	 0 
0.1666 	 0.42262 	 0.94045 	 0 
0.1664 	 0.42287 	 0.94045 	 0 
0.1662 	 0.423121 	 0.94045 	 0 
0.166 	 0.423372 	 0.94044 	 0 
0.1658 	 0.423623 	 0.94044 	 0 
0.1656 	 0.423875 	 0.94043 	 0 
0.1654 	 0.424127 	 0.94043 	 0 
0.1652 	 0.424379 	 0.94042 	 0 
0.165 	 0.424631 	 0.94042 	 0 
0.1648 	 0.424883 	 0.94041 	 0 
0.1646 	 0.425136 	 0.94041 	 0 
0.1644 	 0.425389 	 0.9404 	 0 
0.1642 	 0.425642 	 0.9404 	 0 
0.164 	 0.425896 	 0.94039 	 0 
0.1638 	 0.426149 	 0.94039 	 0 
0.1636 	 0.426403 	 0.94038 	 0 
0.1634 	 0.426657 	 0.94038 	 0 
0.1632 	 0.426912 	 0.94037 	 0 
0.163 	 0.427167 	 0.94037 	 0 
0.1628 	 0.427422 	 0.94036 	 0 
0.1626 	 0.427677 	 0.94036 	 0 
0.1624 	 0.427933 	 0.94035 	 0 
0.1622 	 0.428188 	 0.94035 	 0 
0.162 	 0.428444 	 0.94035 	 0 
0.1618 	 0.428701 	 0.94034 	 0 
0.1616 	 0.428958 	 0.94034 	 0 
0.1614 	 0.429215 	 0.94033 	 0 
0.1612 	 0.429471 	 0.94033 	 0 
0.161 	 0.429729 	 0.94032 	 0 
0.1608 	 0.429986 	 0.94032 	 0 
0.1606 	 0.430244 	 0.94031 	 0 
0.1604 	 0.430502 	 0.94031 	 0 
0.1602 	 0.430761 	 0.9403 	 0 
0.16 	 0.431019 	 0.9403 	 0 
0.1598 	 0.431278 	 0.94029 	 0 
0.1596 	 0.431537 	 0.94029 	 0 
0.1594 	 0.431797 	 0.94028 	 0 
0.1592 	 0.432057 	 0.94028 	 0 
0.159 	 0.432317 	 0.94027 	 0 
0.1588 	 0.432577 	 0.94027 	 0 
0.1586 	 0.432837 	 0.94026 	 0 
0.1584 	 0.433098 	 0.94026 	 0 
0.1582 	 0.433359 	 0.94025 	 0 
0.158 	 0.43362 	 0.94025 	 0 
0.1578 	 0.433882 	 0.94025 	 0 
0.1576 	 0.434144 	 0.94024 	 0 
0.1574 	 0.434406 	 0.94024 	 0 
0.1572 	 0.434669 	 0.94023 	 0 
0.157 	 0.434931 	 0.94023 	 0 
0.1568 	 0.435195 	 0.94022 	 0 
0.1566 	 0.435458 	 0.94022 	 0 
0.1564 	 0.435721 	 0.94021 	 0 
0.1562 	 0.435985 	 0.94021 	 0 
0.156 	 0.436249 	 0.9402 	 0 
0.1558 	 0.436513 	 0.9402 	 0 
0.1556 	 0.436778 	 0.94019 	 0 
0.1554 	 0.437042 	 0.94019 	 0 
0.1552 	 0.437308 	 0.94018 	 0 
0.155 	 0.437573 	 0.94018 	 0 
0.1548 	 0.437839 	 0.94017 	 0 
0.1546 	 0.438105 	 0.94017 	 0 
0.1544 	 0.438371 	 0.94016 	 0 
0.1542 	 0.438637 	 0.94016 	 0 
0.154 	 0.438904 	 0.94015 	 0 
0.1538 	 0.439171 	 0.94015 	 0 
0.1536 	 0.439439 	 0.94014 	 0 
0.1534 	 0.439706 	 0.94014 	 0 
0.1532 	 0.439974 	 0.94013 	 0 
0.153 	 0.440242 	 0.94013 	 0 
0.1528 	 0.440511 	 0.94013 	 0 
0.1526 	 0.44078 	 0.94012 	 0 
0.1524 	 0.441049 	 0.94012 	 0 
0.1522 	 0.441319 	 0.94011 	 0 
0.152 	 0.441588 	 0.94011 	 0 
0.1518 	 0.441858 	 0.9401 	 0 
0.1516 	 0.442128 	 0.9401 	 0 
0.1514 	 0.442399 	 0.94009 	 0 
0.1512 	 0.442669 	 0.94009 	 0 
0.151 	 0.442941 	 0.94008 	 0 
0.1508 	 0.443212 	 0.94008 	 0 
0.1506 	 0.443484 	 0.94007 	 0 
0.1504 	 0.443755 	 0.94007 	 0 
0.1502 	 0.444028 	 0.94006 	 0 
0.15 	 0.4443 	 0.94006 	 0 
0.1498 	 0.444573 	 0.94005 	 0 
0.1496 	 0.444846 	 0.94005 	 0 
0.1494 	 0.445119 	 0.94004 	 0 
0.1492 	 0.445393 	 0.94004 	 0 
0.149 	 0.445667 	 0.94003 	 0 
0.1488 	 0.445941 	 0.94003 	 0 
0.1486 	 0.446216 	 0.94002 	 0 
0.1484 	 0.44649 	 0.94002 	 0 
0.1482 	 0.446766 	 0.94001 	 0 
0.148 	 0.447041 	 0.94001 	 0 
0.1478 	 0.447317 	 0.94001 	 0 
0.1476 	 0.447593 	 0.94 	 0 
0.1474 	 0.44787 	 0.94 	 0 
0.1472 	 0.448147 	 0.93999 	 0 
0.147 	 0.448423 	 0.93999 	 0 
0.1468 	 0.448701 	 0.93998 	 0 
0.1466 	 0.448978 	 0.93998 	 0 
0.1464 	 0.449256 	 0.93997 	 0 
0.1462 	 0.449534 	 0.93997 	 0 
0.146 	 0.449813 	 0.93996 	 0 
0.1458 	 0.450091 	 0.93996 	 0 
0.1456 	 0.450371 	 0.93995 	 0 
0.1454 	 0.45065 	 0.93995 	 0 
0.1452 	 0.45093 	 0.93994 	 0 
0.145 	 0.451209 	 0.93994 	 0 
0.1448 	 0.45149 	 0.93993 	 0 
0.1446 	 0.45177 	 0.93993 	 0 
0.1444 	 0.452051 	 0.93992 	 0 
0.1442 	 0.452332 	 0.93992 	 0 
0.144 	 0.452614 	 0.93991 	 0 
0.1438 	 0.452896 	 0.93991 	 0 
0.1436 	 0.453178 	 0.9399 	 0 
0.1434 	 0.45346 	 0.9399 	 0 
0.1432 	 0.453743 	 0.93989 	 0 
0.143 	 0.454026 	 0.93989 	 0 
0.1428 	 0.45431 	 0.93988 	 0 
0.1426 	 0.454593 	 0.93988 	 0 
0.1424 	 0.454877 	 0.93988 	 0 
0.1422 	 0.455162 	 0.93987 	 0 
0.142 	 0.455447 	 0.93987 	 0 
0.1418 	 0.455732 	 0.93986 	 0 
0.1416 	 0.456017 	 0.93986 	 0 
0.1414 	 0.456303 	 0.93985 	 0 
0.1412 	 0.456589 	 0.93985 	 0 
0.141 	 0.456875 	 0.93984 	 0 
0.1408 	 0.457161 	 0.93984 	 0 
0.1406 	 0.457449 	 0.93983 	 0 
0.1404 	 0.457736 	 0.93983 	 0 
0.1402 	 0.458023 	 0.93982 	 0 
0.14 	 0.458311 	 0.93982 	 0 
0.1398 	 0.458599 	 0.93981 	 0 
0.1396 	 0.458888 	 0.93981 	 0 
0.1394 	 0.459177 	 0.9398 	 0 
0.1392 	 0.459466 	 0.9398 	 0 
0.139 	 0.459755 	 0.93979 	 0 
0.1388 	 0.460045 	 0.93979 	 0 
0.1386 	 0.460335 	 0.93978 	 0 
0.1384 	 0.460626 	 0.93978 	 0 
0.1382 	 0.460917 	 0.93977 	 0 
0.138 	 0.461208 	 0.93977 	 0 
0.1378 	 0.461499 	 0.93976 	 0 
0.1376 	 0.461791 	 0.93976 	 0 
0.1374 	 0.462083 	 0.93975 	 0 
0.1372 	 0.462375 	 0.93975 	 0 
0.137 	 0.462668 	 0.93974 	 0 
0.1368 	 0.462961 	 0.93974 	 0 
0.1366 	 0.463255 	 0.93974 	 0 
0.1364 	 0.463549 	 0.93973 	 0 
0.1362 	 0.463843 	 0.93973 	 0 
0.136 	 0.464138 	 0.93972 	 0 
0.1358 	 0.464433 	 0.93972 	 0 
0.1356 	 0.464728 	 0.93971 	 0 
0.1354 	 0.465023 	 0.93971 	 0 
0.1352 	 0.46532 	 0.9397 	 0 
0.135 	 0.465615 	 0.9397 	 0 
0.1348 	 0.465912 	 0.93969 	 0 
0.1346 	 0.466209 	 0.93969 	 0 
0.1344 	 0.466506 	 0.93968 	 0 
0.1342 	 0.466804 	 0.93968 	 0 
0.134 	 0.467102 	 0.93967 	 0 
0.1338 	 0.4674 	 0.93967 	 0 
0.1336 	 0.467699 	 0.93966 	 0 
0.1334 	 0.467997 	 0.93966 	 0 
0.1332 	 0.468297 	 0.93965 	 0 
0.133 	 0.468596 	 0.93965 	 0 
0.1328 	 0.468897 	 0.93964 	 0 
0.1326 	 0.469197 	 0.93964 	 0 
0.1324 	 0.469498 	 0.93963 	 0 
0.1322 	 0.469799 	 0.93963 	 0 
0.132 	 0.470104 	 0.93962 	 0 
0.1318 	 0.470409 	 0.93962 	 0 
0.1316 	 0.470716 	 0.93961 	 0 
0.1314 	 0.471022 	 0.93961 	 0 
0.1312 	 0.471329 	 0.93961 	 0 
0.131 	 0.471637 	 0.9396 	 0 
0.1308 	 0.471945 	 0.9396 	 0 
0.1306 	 0.472253 	 0.93959 	 0 
0.1304 	 0.472562 	 0.93959 	 0 
0.1302 	 0.472871 	 0.93958 	 0 
0.13 	 0.47318 	 0.93958 	 0 
0.1298 	 0.473489 	 0.93957 	 0 
0.1296 	 0.473799 	 0.93957 	 0 
0.1294 	 0.47411 	 0.93956 	 0 
0.1292 	 0.47442 	 0.93956 	 0 
0.129 	 0.474731 	 0.93955 	 0 
0.1288 	 0.475043 	 0.93955 	 0 
0.1286 	 0.475355 	 0.93954 	 0 
0.1284 	 0.475667 	 0.93954 	 0 
0.1282 	 0.475979 	 0.93953 	 0 
0.128 	 0.476292 	 0.93953 	 0 
0.1278 	 0.476606 	 0.93952 	 0 
0.1276 	 0.476919 	 0.93952 	 0 
0.1274 	 0.477234 	 0.93951 	 0 
0.1272 	 0.477548 	 0.93951 	 0 
0.127 	 0.477863 	 0.9395 	 0 
0.1268 	 0.478178 	 0.9395 	 0 
0.1266 	 0.478494 	 0.93949 	 0 
0.1264 	 0.47881 	 0.93949 	 0 
0.1262 	 0.479127 	 0.93948 	 0 
0.126 	 0.479443 	 0.93948 	 0 
0.1258 	 0.479761 	 0.93948 	 0 
0.1256 	 0.480079 	 0.93947 	 0 
0.1254 	 0.480397 	 0.93947 	 0 
0.1252 	 0.480715 	 0.93946 	 0 
0.125 	 0.481034 	 0.93946 	 0 
0.1248 	 0.481353 	 0.93945 	 0 
0.1246 	 0.481673 	 0.93945 	 0 
0.1244 	 0.481993 	 0.93944 	 0 
0.1242 	 0.482313 	 0.93944 	 0 
0.124 	 0.482634 	 0.93943 	 0 
0.1238 	 0.482955 	 0.93943 	 0 
0.1236 	 0.483277 	 0.93942 	 0 
0.1234 	 0.483599 	 0.93942 	 0 
0.1232 	 0.483922 	 0.93941 	 0 
0.123 	 0.484244 	 0.93941 	 0 
0.1228 	 0.484568 	 0.9394 	 0 
0.1226 	 0.484891 	 0.9394 	 0 
0.1224 	 0.485215 	 0.93939 	 0 
0.1222 	 0.48554 	 0.93939 	 0 
0.122 	 0.485865 	 0.93938 	 0 
0.1218 	 0.48619 	 0.93938 	 0 
0.1216 	 0.486516 	 0.93937 	 0 
0.1214 	 0.486842 	 0.93937 	 0 
0.1212 	 0.487168 	 0.93936 	 0 
0.121 	 0.487495 	 0.93936 	 0 
0.1208 	 0.487823 	 0.93936 	 0 
0.1206 	 0.488151 	 0.93935 	 0 
0.1204 	 0.488479 	 0.93935 	 0 
0.1202 	 0.488808 	 0.93934 	 0 
0.12 	 0.489137 	 0.93934 	 0 
0.1198 	 0.489466 	 0.93933 	 0 
0.1196 	 0.489796 	 0.93933 	 0 
0.1194 	 0.490127 	 0.93932 	 0 
0.1192 	 0.490457 	 0.93932 	 0 
0.119 	 0.490788 	 0.93931 	 0 
0.1188 	 0.49112 	 0.93931 	 0 
0.1186 	 0.491452 	 0.9393 	 0 
0.1184 	 0.491784 	 0.9393 	 0 
0.1182 	 0.492117 	 0.93929 	 0 
0.118 	 0.492451 	 0.93929 	 0 
0.1178 	 0.492784 	 0.93928 	 0 
0.1176 	 0.493119 	 0.93928 	 0 
0.1174 	 0.493453 	 0.93927 	 0 
0.1172 	 0.493788 	 0.93927 	 0 
0.117 	 0.494124 	 0.93926 	 0 
0.1168 	 0.49446 	 0.93926 	 0 
0.1166 	 0.494796 	 0.93925 	 0 
0.1164 	 0.495133 	 0.93925 	 0 
0.1162 	 0.49547 	 0.93925 	 0 
0.116 	 0.495808 	 0.93924 	 0 
0.1158 	 0.496147 	 0.93924 	 0 
0.1156 	 0.496485 	 0.93923 	 0 
0.1154 	 0.496824 	 0.93923 	 0 
0.1152 	 0.497164 	 0.93922 	 0 
0.115 	 0.497504 	 0.93922 	 0 
0.1148 	 0.497844 	 0.93921 	 0 
0.1146 	 0.498185 	 0.93921 	 0 
0.1144 	 0.498526 	 0.9392 	 0 
0.1142 	 0.498868 	 0.9392 	 0 
0.114 	 0.49921 	 0.93919 	 0 
0.1138 	 0.499553 	 0.93919 	 0 
0.1136 	 0.499896 	 0.93918 	 0 
0.1134 	 0.50024 	 0.93918 	 0 
0.1132 	 0.500584 	 0.93917 	 0 
0.113 	 0.500928 	 0.93917 	 0 
0.1128 	 0.501273 	 0.93916 	 0 
0.1126 	 0.501619 	 0.93916 	 0 
0.1124 	 0.501965 	 0.93916 	 0 
0.1122 	 0.502312 	 0.93915 	 0 
0.112 	 0.502658 	 0.93915 	 0 
0.1118 	 0.503006 	 0.93914 	 0 
0.1116 	 0.503354 	 0.93914 	 0 
0.1114 	 0.503702 	 0.93913 	 0 
0.1112 	 0.504051 	 0.93913 	 0 
0.111 	 0.5044 	 0.93912 	 0 
0.1108 	 0.504749 	 0.93912 	 0 
0.1106 	 0.5051 	 0.93911 	 0 
0.1104 	 0.50545 	 0.93911 	 0 
0.1102 	 0.505802 	 0.9391 	 0 
0.11 	 0.506153 	 0.9391 	 0 
0.1098 	 0.506505 	 0.93909 	 0 
0.1096 	 0.506858 	 0.93909 	 0 
0.1094 	 0.507211 	 0.93908 	 0 
0.1092 	 0.507564 	 0.93908 	 0 
0.109 	 0.507919 	 0.93907 	 0 
0.1088 	 0.508273 	 0.93907 	 0 
0.1086 	 0.508628 	 0.93907 	 0 
0.1084 	 0.508984 	 0.93906 	 0 
0.1082 	 0.50934 	 0.93906 	 0 
0.108 	 0.509697 	 0.93905 	 0 
0.1078 	 0.510054 	 0.93905 	 0 
0.1076 	 0.510411 	 0.93904 	 0 
0.1074 	 0.510769 	 0.93904 	 0 
0.1072 	 0.511128 	 0.93903 	 0 
0.107 	 0.511487 	 0.93903 	 0 
0.1068 	 0.511846 	 0.93902 	 0 
0.1066 	 0.512206 	 0.93902 	 0 
0.1064 	 0.512567 	 0.93901 	 0 
0.1062 	 0.512928 	 0.93901 	 0 
0.106 	 0.51329 	 0.939 	 0 
0.1058 	 0.513651 	 0.939 	 0 
0.1056 	 0.514014 	 0.939 	 0 
0.1054 	 0.514378 	 0.93899 	 0 
0.1052 	 0.514741 	 0.93899 	 0 
0.105 	 0.515106 	 0.93898 	 0 
0.1048 	 0.51547 	 0.93898 	 0 
0.1046 	 0.515835 	 0.93897 	 0 
0.1044 	 0.516201 	 0.93897 	 0 
0.1042 	 0.516567 	 0.93896 	 0 
0.104 	 0.516934 	 0.93896 	 0 
0.1038 	 0.517301 	 0.93895 	 0 
0.1036 	 0.517669 	 0.93895 	 0 
0.1034 	 0.518037 	 0.93894 	 0 
0.1032 	 0.518406 	 0.93894 	 0 
0.103 	 0.518776 	 0.93893 	 0 
0.1028 	 0.519145 	 0.93893 	 0 
0.1026 	 0.519516 	 0.93893 	 0 
0.1024 	 0.519888 	 0.93892 	 0 
0.1022 	 0.520259 	 0.93892 	 0 
0.102 	 0.520631 	 0.93891 	 0 
0.1018 	 0.521004 	 0.93891 	 0 
0.1016 	 0.521377 	 0.9389 	 0 
0.1014 	 0.521751 	 0.9389 	 0 
0.1012 	 0.522125 	 0.93889 	 0 
0.101 	 0.5225 	 0.93889 	 0 
0.1008 	 0.522875 	 0.93888 	 0 
0.1006 	 0.523251 	 0.93888 	 0 
0.1004 	 0.523628 	 0.93887 	 0 
0.1002 	 0.524005 	 0.93887 	 0 
0.1 	 0.524382 	 0.93887 	 0 
0.0998 	 0.524761 	 0.93886 	 0 
0.0996 	 0.52514 	 0.93886 	 0 
0.0994 	 0.525519 	 0.93885 	 0 
0.0992 	 0.525899 	 0.93885 	 0 
0.099 	 0.526279 	 0.93884 	 0 
0.0988 	 0.52666 	 0.93884 	 0 
0.0986 	 0.527042 	 0.93883 	 0 
0.0984 	 0.527424 	 0.93883 	 0 
0.0982 	 0.527807 	 0.93882 	 0 
0.098 	 0.52819 	 0.93882 	 0 
0.0978 	 0.528574 	 0.93881 	 0 
0.0976 	 0.528958 	 0.93881 	 0 
0.0974 	 0.529343 	 0.93881 	 0 
0.0972 	 0.529729 	 0.9388 	 0 
0.097 	 0.530115 	 0.9388 	 0 
0.0968 	 0.530502 	 0.93879 	 0 
0.0966 	 0.53089 	 0.93879 	 0 
0.0964 	 0.531278 	 0.93878 	 0 
0.0962 	 0.531666 	 0.93878 	 0 
0.096 	 0.532055 	 0.93877 	 0 
0.0958 	 0.532445 	 0.93877 	 0 
0.0956 	 0.532835 	 0.93876 	 0 
0.0954 	 0.533226 	 0.93876 	 0 
0.0952 	 0.533618 	 0.93876 	 0 
0.095 	 0.534011 	 0.93875 	 0 
0.0948 	 0.534403 	 0.93875 	 0 
0.0946 	 0.534797 	 0.93874 	 0 
0.0944 	 0.535191 	 0.93874 	 0 
0.0942 	 0.535585 	 0.93873 	 0 
0.094 	 0.53598 	 0.93873 	 0 
0.0938 	 0.536376 	 0.93872 	 0 
0.0936 	 0.536772 	 0.93872 	 0 
0.0934 	 0.53717 	 0.93872 	 0 
0.0932 	 0.537568 	 0.93871 	 0 
0.093 	 0.537966 	 0.93871 	 0 
0.0928 	 0.538365 	 0.9387 	 0 
0.0926 	 0.538765 	 0.9387 	 0 
0.0924 	 0.539165 	 0.93869 	 0 
0.0922 	 0.539566 	 0.93869 	 0 
0.092 	 0.539967 	 0.93868 	 0 
0.0918 	 0.540369 	 0.93868 	 0 
0.0916 	 0.540772 	 0.93867 	 0 
0.0914 	 0.541175 	 0.93867 	 0 
0.0912 	 0.541579 	 0.93867 	 0 
0.091 	 0.541984 	 0.93866 	 0 
0.0908 	 0.54239 	 0.93866 	 0 
0.0906 	 0.542796 	 0.93865 	 0 
0.0904 	 0.543202 	 0.93865 	 0 
0.0902 	 0.54361 	 0.93864 	 0 
0.09 	 0.544017 	 0.93864 	 0 
0.0898 	 0.544426 	 0.93863 	 0 
0.0896 	 0.544835 	 0.93863 	 0 
0.0894 	 0.545245 	 0.93863 	 0 
0.0892 	 0.545656 	 0.93862 	 0 
0.089 	 0.546067 	 0.93862 	 0 
0.0888 	 0.54648 	 0.93861 	 0 
0.0886 	 0.546892 	 0.93861 	 0 
0.0884 	 0.547305 	 0.9386 	 0 
0.0882 	 0.547719 	 0.9386 	 0 
0.088 	 0.548134 	 0.9386 	 0 
0.0878 	 0.54855 	 0.93859 	 0 
0.0876 	 0.548965 	 0.93859 	 0 
0.0874 	 0.549382 	 0.93858 	 0 
0.0872 	 0.549799 	 0.93858 	 0 
0.087 	 0.550218 	 0.93857 	 0 
0.0868 	 0.550636 	 0.93857 	 0 
0.0866 	 0.551056 	 0.93856 	 0 
0.0864 	 0.551476 	 0.93856 	 0 
0.0862 	 0.551897 	 0.93856 	 0 
0.086 	 0.552319 	 0.93855 	 0 
0.0858 	 0.552741 	 0.93855 	 0 
0.0856 	 0.553164 	 0.93854 	 0 
0.0854 	 0.553588 	 0.93854 	 0 
0.0852 	 0.554012 	 0.93853 	 0 
0.085 	 0.554437 	 0.93853 	 0 
0.0848 	 0.554863 	 0.93853 	 0 
0.0846 	 0.55529 	 0.93852 	 0 
0.0844 	 0.555717 	 0.93852 	 0 
0.0842 	 0.556145 	 0.93851 	 0 
0.084 	 0.556574 	 0.93851 	 0 
0.0838 	 0.557003 	 0.9385 	 0 
0.0836 	 0.557433 	 0.9385 	 0 
0.0834 	 0.557865 	 0.9385 	 0 
0.0832 	 0.558297 	 0.93849 	 0 
0.083 	 0.55873 	 0.93849 	 0 
0.0828 	 0.55917 	 0.93848 	 0 
0.0826 	 0.55961 	 0.93848 	 0 
0.0824 	 0.560051 	 0.93847 	 0 
0.0822 	 0.560493 	 0.93847 	 0 
0.082 	 0.560936 	 0.93847 	 0 
0.0818 	 0.56138 	 0.93846 	 0 
0.0816 	 0.561824 	 0.93846 	 0 
0.0814 	 0.562269 	 0.93845 	 0 
0.0812 	 0.562715 	 0.93845 	 0 
0.081 	 0.563161 	 0.93845 	 0 
0.0808 	 0.563609 	 0.93844 	 0 
0.0806 	 0.564057 	 0.93844 	 0 
0.0804 	 0.564507 	 0.93843 	 0 
0.0802 	 0.564956 	 0.93843 	 0 
0.08 	 0.565407 	 0.93842 	 0 
0.0798 	 0.565858 	 0.93842 	 0 
0.0796 	 0.566311 	 0.93842 	 0 
0.0794 	 0.566764 	 0.93841 	 0 
0.0792 	 0.567218 	 0.93841 	 0 
0.079 	 0.567673 	 0.9384 	 0 
0.0788 	 0.568128 	 0.9384 	 0 
0.0786 	 0.568585 	 0.9384 	 0 
0.0784 	 0.569042 	 0.93839 	 0 
0.0782 	 0.5695 	 0.93839 	 0 
0.078 	 0.569959 	 0.93838 	 0 
0.0778 	 0.570419 	 0.93838 	 0 
0.0776 	 0.57088 	 0.93838 	 0 
0.0774 	 0.571341 	 0.93837 	 0 
0.0772 	 0.571804 	 0.93837 	 0 
0.077 	 0.572267 	 0.93836 	 0 
0.0768 	 0.572731 	 0.93836 	 0 
0.0766 	 0.573196 	 0.93836 	 0 
0.0764 	 0.573662 	 0.93835 	 0 
0.0762 	 0.574128 	 0.93835 	 0 
0.076 	 0.574596 	 0.93834 	 0 
0.0758 	 0.575064 	 0.93834 	 0 
0.0756 	 0.575533 	 0.93834 	 0 
0.0754 	 0.576004 	 0.93833 	 0 
0.0752 	 0.576475 	 0.93833 	 0 
0.075 	 0.576947 	 0.93832 	 0 
0.0748 	 0.577419 	 0.93832 	 0 
0.0746 	 0.577893 	 0.93832 	 0 
0.0744 	 0.578368 	 0.93831 	 0 
0.0742 	 0.578844 	 0.93831 	 0 
0.074 	 0.57932 	 0.9383 	 0 
0.0738 	 0.579797 	 0.9383 	 0 
0.0736 	 0.580276 	 0.9383 	 0 
0.0734 	 0.580755 	 0.93829 	 0 
0.0732 	 0.581235 	 0.93829 	 0 
0.073 	 0.581716 	 0.93828 	 0 
0.0728 	 0.582198 	 0.93828 	 0 
0.0726 	 0.582681 	 0.93828 	 0 
0.0724 	 0.583165 	 0.93827 	 0 
0.0722 	 0.58365 	 0.93827 	 0 
0.072 	 0.584136 	 0.93826 	 0 
0.0718 	 0.584622 	 0.93826 	 0 
0.0716 	 0.58511 	 0.93826 	 0 
0.0714 	 0.585599 	 0.93825 	 0 
0.0712 	 0.586088 	 0.93825 	 0 
0.071 	 0.586579 	 0.93825 	 0 
0.0708 	 0.587071 	 0.93824 	 0 
0.0706 	 0.587563 	 0.93824 	 0 
0.0704 	 0.588057 	 0.93823 	 0 
0.0702 	 0.588551 	 0.93823 	 0 
0.07 	 0.589047 	 0.93823 	 0 
0.0698 	 0.589544 	 0.93822 	 0 
0.0696 	 0.590041 	 0.93822 	 0 
0.0694 	 0.59054 	 0.93822 	 0 
0.0692 	 0.591039 	 0.93821 	 0 
0.069 	 0.59154 	 0.93821 	 0 
0.0688 	 0.592041 	 0.9382 	 0 
0.0686 	 0.592544 	 0.9382 	 0 
0.0684 	 0.593047 	 0.9382 	 0 
0.0682 	 0.593552 	 0.93819 	 0 
0.068 	 0.594058 	 0.93819 	 0 
0.0678 	 0.594564 	 0.93819 	 0 
0.0676 	 0.595073 	 0.93818 	 0 
0.0674 	 0.595581 	 0.93818 	 0 
0.0672 	 0.596091 	 0.93818 	 0 
0.067 	 0.596602 	 0.93817 	 0 
0.0668 	 0.597114 	 0.93817 	 0 
0.0666 	 0.597627 	 0.93816 	 0 
0.0664 	 0.598141 	 0.93816 	 0 
0.0662 	 0.598656 	 0.93816 	 0 
0.066 	 0.599173 	 0.93815 	 0 
0.0658 	 0.59969 	 0.93815 	 0 
0.0656 	 0.600208 	 0.93815 	 0 
0.0654 	 0.600728 	 0.93814 	 0 
0.0652 	 0.601249 	 0.93814 	 0 
0.065 	 0.601771 	 0.93814 	 0 
0.0648 	 0.602294 	 0.93813 	 0 
0.0646 	 0.602818 	 0.93813 	 0 
0.0644 	 0.603343 	 0.93813 	 0 
0.0642 	 0.60387 	 0.93812 	 0 
0.064 	 0.604397 	 0.93812 	 0 
0.0638 	 0.604925 	 0.93812 	 0 
0.0636 	 0.605455 	 0.93811 	 0 
0.0634 	 0.605986 	 0.93811 	 0 
0.0632 	 0.606518 	 0.93811 	 0 
0.063 	 0.607052 	 0.9381 	 0 
0.0628 	 0.607586 	 0.9381 	 0 
0.0626 	 0.608121 	 0.9381 	 0 
0.0624 	 0.608658 	 0.93809 	 0 
0.0622 	 0.609196 	 0.93809 	 0 
0.062 	 0.609735 	 0.93809 	 0 
0.0618 	 0.610276 	 0.93808 	 0 
0.0616 	 0.610817 	 0.93808 	 0 
0.0614 	 0.61136 	 0.93808 	 0 
0.0612 	 0.611904 	 0.93807 	 0 
0.061 	 0.612449 	 0.93807 	 0 
0.0608 	 0.612995 	 0.93807 	 0 
0.0606 	 0.613543 	 0.93806 	 0 
0.0604 	 0.614092 	 0.93806 	 0 
0.0602 	 0.614642 	 0.93806 	 0 
0.06 	 0.615194 	 0.93805 	 0 
0.0598 	 0.615746 	 0.93805 	 0 
0.0596 	 0.6163 	 0.93805 	 0 
0.0594 	 0.616855 	 0.93804 	 0 
0.0592 	 0.617412 	 0.93804 	 0 
0.059 	 0.617969 	 0.93804 	 0 
0.0588 	 0.618529 	 0.93804 	 0 
0.0586 	 0.619089 	 0.93803 	 0 
0.0584 	 0.619651 	 0.93803 	 0 
0.0582 	 0.620214 	 0.93803 	 0 
0.058 	 0.620778 	 0.93802 	 0 
0.0578 	 0.621344 	 0.93802 	 0 
0.0576 	 0.621911 	 0.93802 	 0 
0.0574 	 0.622479 	 0.93801 	 0 
0.0572 	 0.623049 	 0.93801 	 0 
0.057 	 0.62362 	 0.93801 	 0 
0.0568 	 0.624192 	 0.93801 	 0 
0.0566 	 0.624766 	 0.938 	 0 
0.0564 	 0.625341 	 0.938 	 0 
0.0562 	 0.625918 	 0.938 	 0 
0.056 	 0.626496 	 0.93799 	 0 
0.0558 	 0.627075 	 0.93799 	 0 
0.0556 	 0.627656 	 0.93799 	 0 
0.0554 	 0.628238 	 0.93799 	 0 
0.0552 	 0.628822 	 0.93798 	 0 
0.055 	 0.629407 	 0.93798 	 0 
0.0548 	 0.629993 	 0.93798 	 0 
0.0546 	 0.630581 	 0.93798 	 0 
0.0544 	 0.631171 	 0.93797 	 0 
0.0542 	 0.631761 	 0.93797 	 0 
0.054 	 0.632354 	 0.93797 	 0 
0.0538 	 0.632948 	 0.93796 	 0 
0.0536 	 0.633543 	 0.93796 	 0 
0.0534 	 0.634139 	 0.93796 	 0 
0.0532 	 0.634738 	 0.93796 	 0 
0.053 	 0.635338 	 0.93795 	 0 
0.0528 	 0.635939 	 0.93795 	 0 
0.0526 	 0.636542 	 0.93795 	 0 
0.0524 	 0.637146 	 0.93795 	 0 
0.0522 	 0.637753 	 0.93794 	 0 
0.052 	 0.63836 	 0.93794 	 0 
0.0518 	 0.638969 	 0.93794 	 0 
0.0516 	 0.63958 	 0.93794 	 0 
0.0514 	 0.640192 	 0.93794 	 0 
0.0512 	 0.640807 	 0.93793 	 0 
0.051 	 0.641422 	 0.93793 	 0 
0.0508 	 0.642039 	 0.93793 	 0 
0.0506 	 0.642658 	 0.93793 	 0 
0.0504 	 0.643278 	 0.93792 	 0 
0.0502 	 0.6439 	 0.93792 	 0 
0.05 	 0.644523 	 0.93792 	 0 
0.0498 	 0.645149 	 0.93792 	 0 
0.0496 	 0.645776 	 0.93791 	 0 
0.0494 	 0.646404 	 0.93791 	 0 
0.0492 	 0.647035 	 0.93791 	 0 
0.049 	 0.647667 	 0.93791 	 0 
0.0488 	 0.648301 	 0.93791 	 0 
0.0486 	 0.648937 	 0.9379 	 0 
0.0484 	 0.649574 	 0.9379 	 0 
0.0482 	 0.650213 	 0.9379 	 0 
0.048 	 0.650854 	 0.9379 	 0 
0.0478 	 0.651497 	 0.9379 	 0 
0.0476 	 0.652141 	 0.93789 	 0 
0.0474 	 0.652787 	 0.93789 	 0 
0.0472 	 0.653435 	 0.93789 	 0 
0.047 	 0.654085 	 0.93789 	 0 
0.0468 	 0.654737 	 0.93789 	 0 
0.0466 	 0.655391 	 0.93789 	 0 
0.0464 	 0.656269 	 0.93788 	 0 
0.0462 	 0.65678 	 0.93788 	 0 
0.046 	 0.657389 	 0.93788 	 0 
0.0458 	 0.658032 	 0.93788 	 0 
0.0456 	 0.658689 	 0.93788 	 0 
0.0454 	 0.659577 	 0.93787 	 0 
0.0452 	 0.660095 	 0.93787 	 0 
0.045 	 0.660713 	 0.93787 	 0 
0.0448 	 0.661366 	 0.93787 	 0 
0.0446 	 0.662259 	 0.93787 	 0 
0.0444 	 0.662784 	 0.93787 	 0 
0.0442 	 0.663409 	 0.93787 	 0 
0.044 	 0.66407 	 0.93786 	 0 
0.0438 	 0.664972 	 0.93786 	 0 
0.0436 	 0.665503 	 0.93786 	 0 
0.0434 	 0.666135 	 0.93786 	 0 
0.0432 	 0.667031 	 0.93786 	 0 
0.043 	 0.667565 	 0.93786 	 0 
0.0428 	 0.668203 	 0.93786 	 0 
0.0426 	 0.669106 	 0.93785 	 0 
0.0424 	 0.669645 	 0.93785 	 0 
0.0422 	 0.670289 	 0.93785 	 0 
0.042 	 0.671199 	 0.93785 	 0 
0.0418 	 0.671744 	 0.93785 	 0 
0.0416 	 0.672394 	 0.93785 	 0 
0.0414 	 0.673314 	 0.93785 	 0 
0.0412 	 0.67387 	 0.93785 	 0 
0.041 	 0.674538 	 0.93785 	 0 
0.0408 	 0.675477 	 0.93784 	 0 
0.0406 	 0.676043 	 0.93784 	 0 
0.0404 	 0.676717 	 0.93784 	 0 
0.0402 	 0.677665 	 0.93784 	 0 
0.04 	 0.678237 	 0.93784 	 0 
0.0398 	 0.679142 	 0.93784 	 0 
0.0396 	 0.679714 	 0.93784 	 0 
0.0394 	 0.680623 	 0.93784 	 0 
0.0392 	 0.681199 	 0.93784 	 0 
0.039 	 0.682114 	 0.93784 	 0 
0.0388 	 0.682694 	 0.93784 	 0 
0.0386 	 0.683615 	 0.93784 	 0 
0.0384 	 0.684198 	 0.93784 	 0 
0.0382 	 0.685125 	 0.93783 	 0 
0.038 	 0.685712 	 0.93784 	 0 
0.0378 	 0.686646 	 0.93783 	 0 
0.0376 	 0.687238 	 0.93784 	 0 
0.0374 	 0.688178 	 0.93783 	 0 
0.0372 	 0.688773 	 0.93784 	 0 
0.037 	 0.68972 	 0.93783 	 0 
0.0368 	 0.69032 	 0.93784 	 0 
0.0366 	 0.691273 	 0.93783 	 0 
0.0364 	 0.691877 	 0.93784 	 0 
0.0362 	 0.692837 	 0.93783 	 0 
0.036 	 0.693446 	 0.93784 	 0 
0.0358 	 0.694412 	 0.93783 	 0 
0.0356 	 0.695025 	 0.93784 	 0 
0.0354 	 0.695998 	 0.93783 	 0 
0.0352 	 0.696616 	 0.93784 	 0 
0.035 	 0.697596 	 0.93783 	 0 
0.0348 	 0.698219 	 0.93784 	 0 
0.0346 	 0.699206 	 0.93783 	 0 
0.0344 	 0.699834 	 0.93784 	 0 
0.0342 	 0.700828 	 0.93784 	 0 
0.034 	 0.701461 	 0.93784 	 0 
0.0338 	 0.702462 	 0.93784 	 0 
0.0336 	 0.7031 	 0.93784 	 0 
0.0334 	 0.704108 	 0.93784 	 0 
0.0332 	 0.704752 	 0.93784 	 0 
0.033 	 0.705767 	 0.93784 	 0 
0.0328 	 0.706416 	 0.93784 	 0 
0.0326 	 0.70744 	 0.93784 	 0 
0.0324 	 0.708094 	 0.93785 	 0 
0.0322 	 0.709126 	 0.93784 	 0 
0.032 	 0.709784 	 0.93785 	 0 
0.0318 	 0.710824 	 0.93785 	 0 
0.0316 	 0.711489 	 0.93785 	 0 
0.0314 	 0.712536 	 0.93785 	 0 
0.0312 	 0.713206 	 0.93785 	 0 
0.031 	 0.714263 	 0.93785 	 0 
0.0308 	 0.714938 	 0.93786 	 0 
0.0306 	 0.716003 	 0.93785 	 0 
0.0304 	 0.716684 	 0.93786 	 0 
0.0302 	 0.717758 	 0.93786 	 0 
0.03 	 0.718445 	 0.93786 	 0 
0.0298 	 0.719528 	 0.93786 	 0 
0.0296 	 0.720221 	 0.93787 	 0 
0.0294 	 0.721312 	 0.93787 	 0 
0.0292 	 0.722012 	 0.93787 	 0 
0.029 	 0.723112 	 0.93787 	 0 
0.0288 	 0.723818 	 0.93787 	 0 
0.0286 	 0.724928 	 0.93787 	 0 
0.0284 	 0.72564 	 0.93788 	 0 
0.0282 	 0.72676 	 0.93788 	 0 
0.028 	 0.727479 	 0.93788 	 0 
0.0278 	 0.728608 	 0.93788 	 0 
0.0276 	 0.729334 	 0.93789 	 0 
0.0274 	 0.730473 	 0.93789 	 0 
0.0272 	 0.731435 	 0.93789 	 0 
0.027 	 0.732156 	 0.9379 	 0 
0.0268 	 0.733304 	 0.9379 	 0 
0.0266 	 0.734278 	 0.9379 	 0 
0.0264 	 0.73501 	 0.93791 	 0 
0.0262 	 0.736173 	 0.93791 	 0 
0.026 	 0.737161 	 0.93791 	 0 
0.0258 	 0.738135 	 0.93791 	 0 
0.0256 	 0.73911 	 0.93792 	 0 
0.0254 	 0.740089 	 0.93792 	 0 
0.0252 	 0.741074 	 0.93792 	 0 
0.025 	 0.742063 	 0.93793 	 0 
0.0248 	 0.743058 	 0.93793 	 0 
0.0246 	 0.744057 	 0.93794 	 0 
0.0244 	 0.745062 	 0.93794 	 0 
0.0242 	 0.746071 	 0.93794 	 0 
0.024 	 0.747085 	 0.93795 	 0 
0.0238 	 0.748106 	 0.93795 	 0 
0.0236 	 0.749131 	 0.93796 	 0 
0.0234 	 0.750161 	 0.93796 	 0 
0.0232 	 0.751197 	 0.93797 	 0 
0.023 	 0.752239 	 0.93797 	 0 
0.0228 	 0.753286 	 0.93798 	 0 
0.0226 	 0.754338 	 0.93798 	 0 
0.0224 	 0.755397 	 0.93799 	 0 
0.0222 	 0.756461 	 0.93799 	 0 
0.022 	 0.757531 	 0.938 	 0 
0.0218 	 0.758608 	 0.938 	 0 
0.0216 	 0.75969 	 0.93801 	 0 
0.0214 	 0.760779 	 0.93801 	 0 
0.0212 	 0.761873 	 0.93802 	 0 
0.021 	 0.762974 	 0.93803 	 0 
0.0208 	 0.764082 	 0.93803 	 0 
0.0206 	 0.765195 	 0.93804 	 0 
0.0204 	 0.766316 	 0.93804 	 0 
0.0202 	 0.767443 	 0.93805 	 0 
0.02 	 0.768576 	 0.93806 	 0 
0.0198 	 0.769717 	 0.93806 	 0 
0.0196 	 0.770865 	 0.93807 	 0 
0.0194 	 0.77202 	 0.93808 	 0 
0.0192 	 0.773182 	 0.93809 	 0 
0.019 	 0.774352 	 0.93809 	 0 
0.0188 	 0.775529 	 0.9381 	 0 
0.0186 	 0.776713 	 0.93811 	 0 
0.0184 	 0.777905 	 0.93812 	 0 
0.0182 	 0.779106 	 0.93812 	 0 
0.018 	 0.780314 	 0.93813 	 0 
0.0178 	 0.78153 	 0.93814 	 0 
0.0176 	 0.782754 	 0.93815 	 0 
0.0174 	 0.783986 	 0.93816 	 0 
0.0172 	 0.785228 	 0.93817 	 0 
0.017 	 0.786478 	 0.93818 	 0 
0.0168 	 0.787737 	 0.93819 	 0 
0.0166 	 0.789005 	 0.9382 	 0 
0.0164 	 0.790282 	 0.93821 	 0 
0.0162 	 0.791568 	 0.93822 	 0 
0.016 	 0.792864 	 0.93823 	 0 
0.0158 	 0.794169 	 0.93824 	 0 
0.0156 	 0.795484 	 0.93825 	 0 
0.0154 	 0.796809 	 0.93826 	 0 
0.0152 	 0.798145 	 0.93827 	 0 
0.015 	 0.799491 	 0.93828 	 0 
0.0148 	 0.800848 	 0.93829 	 0 
0.0146 	 0.802215 	 0.9383 	 0 
0.0144 	 0.803594 	 0.93832 	 0 
0.0142 	 0.804984 	 0.93833 	 0 
0.014 	 0.806386 	 0.93834 	 0 
0.0138 	 0.807799 	 0.93835 	 0 
0.0136 	 0.809224 	 0.93837 	 0 
0.0134 	 0.810663 	 0.93838 	 0 
0.0132 	 0.812113 	 0.93839 	 0 
0.013 	 0.813576 	 0.93841 	 0 
0.0128 	 0.815054 	 0.93842 	 0 
0.0126 	 0.816544 	 0.93844 	 0 
0.0124 	 0.818048 	 0.93845 	 0 
0.0122 	 0.819566 	 0.93847 	 0 
0.012 	 0.8211 	 0.93848 	 0 
0.0118 	 0.822648 	 0.9385 	 0 
0.0116 	 0.824211 	 0.93852 	 0 
0.0114 	 0.82579 	 0.93853 	 0 
0.0112 	 0.827385 	 0.93855 	 0 
0.011 	 0.828996 	 0.93857 	 0 
0.0108 	 0.830625 	 0.93859 	 0 
0.0106 	 0.832272 	 0.9386 	 0 
0.0104 	 0.833936 	 0.93862 	 0 
0.0102 	 0.835619 	 0.93864 	 0 
0.01 	 0.837321 	 0.93866 	 0 
0.0098 	 0.839042 	 0.93868 	 0 
0.0096 	 0.840806 	 0.9387 	 0 
0.0094 	 0.842594 	 0.93873 	 0 
0.0092 	 0.844405 	 0.93875 	 0 
0.009 	 0.846239 	 0.93877 	 0 
0.0088 	 0.848096 	 0.93879 	 0 
0.0086 	 0.849977 	 0.93882 	 0 
0.0084 	 0.851884 	 0.93884 	 0 
0.0082 	 0.853815 	 0.93887 	 0 
0.008 	 0.855775 	 0.93889 	 0 
0.0078 	 0.857761 	 0.93892 	 0 
0.0076 	 0.859778 	 0.93894 	 0 
0.0074 	 0.861824 	 0.93897 	 0 
0.0072 	 0.863902 	 0.939 	 0 
0.007 	 0.866013 	 0.93903 	 0 
0.0068 	 0.868158 	 0.93906 	 0 
0.0066 	 0.870338 	 0.93909 	 0 
0.0064 	 0.872556 	 0.93912 	 0 
0.0062 	 0.874813 	 0.93916 	 0 
0.006 	 0.877111 	 0.93919 	 0 
0.0058 	 0.879452 	 0.93923 	 0 
0.0056 	 0.881838 	 0.93926 	 0 
0.0054 	 0.884273 	 0.9393 	 0 
0.0052 	 0.886758 	 0.93934 	 0 
0.005 	 0.889296 	 0.93938 	 0 
0.0048 	 0.89189 	 0.93942 	 0 
0.0046 	 0.894546 	 0.93947 	 0 
0.0044 	 0.897265 	 0.93951 	 0 
0.0042 	 0.900053 	 0.93956 	 0 
0.004 	 0.902915 	 0.93961 	 0 
0.0038 	 0.905856 	 0.93966 	 0 
0.0036 	 0.908883 	 0.93972 	 0 
0.0034 	 0.912002 	 0.93977 	 0 
0.0032 	 0.915223 	 0.93983 	 0 
0.003 	 0.918555 	 0.93989 	 0 
0.0028 	 0.922008 	 0.93996 	 0 
0.0026 	 0.925598 	 0.94003 	 0 
0.0024 	 0.92934 	 0.9401 	 0 
0.0022 	 0.933253 	 0.94018 	 0 
0.002 	 0.937361 	 0.94027 	 0 
0.0018 	 0.941697 	 0.94036 	 0 
0.0016 	 0.946299 	 0.94046 	 0 
0.0014 	 0.951518 	 0.94056 	 0 
0.0012 	 0.956868 	 0.94067 	 0 
0.001 	 0.962722 	 0.94081 	 0 
0.0008 	 0.969272 	 0.94096 	 0 
0.0006 	 0.97684 	 0.94115 	 0 
0.0004 	 0.98613 	 0.94139 	 0 
0.0002 	 0.999303 	 0.94174 	 0 
