0.59 	 0.000998852 	 0.269047 
0.59008 	 0.000993014 	 0.268886 
0.59016 	 0.000987052 	 0.268725 
0.59024 	 0.000983756 	 0.268564 
0.59032 	 0.000997557 	 0.268403 
0.5904 	 0.000988117 	 0.268279 
0.59048 	 0.000992898 	 0.268168 
0.59056 	 0.000993202 	 0.268007 
0.59064 	 0.00099854 	 0.267847 
0.59072 	 0.000994676 	 0.267686 
0.5908 	 0.000995043 	 0.267525 
0.59088 	 0.00098705 	 0.267365 
0.59096 	 0.00099668 	 0.267204 
0.59104 	 0.000995832 	 0.267044 
0.59112 	 0.000997812 	 0.266942 
0.5912 	 0.000998207 	 0.266811 
0.59128 	 0.000998203 	 0.26665 
0.59136 	 0.000993302 	 0.26649 
0.59144 	 0.000996732 	 0.26633 
0.59152 	 0.000998176 	 0.26617 
0.5916 	 0.000997271 	 0.26601 
0.59168 	 0.000994492 	 0.26585 
0.59176 	 0.000996997 	 0.26569 
0.59184 	 0.000991403 	 0.265554 
0.59192 	 0.000994293 	 0.265458 
0.592 	 0.00099908 	 0.265298 
0.59208 	 0.000993096 	 0.265139 
0.59216 	 0.000993786 	 0.264979 
0.59224 	 0.000995573 	 0.26482 
0.59232 	 0.000998212 	 0.26466 
0.5924 	 0.000998535 	 0.264501 
0.59248 	 0.000994719 	 0.264342 
0.59256 	 0.000996036 	 0.264182 
0.59264 	 0.000994729 	 0.26411 
0.59272 	 0.000996653 	 0.263951 
0.5928 	 0.000998945 	 0.263792 
0.59288 	 0.000998586 	 0.263633 
0.59296 	 0.00099902 	 0.263474 
0.59304 	 0.00116448 	 0.263315 
0.59312 	 0.00161632 	 0.263154 
0.5932 	 0.00220792 	 0.262992 
0.59328 	 0.00291917 	 0.262829 
0.59336 	 0.00366533 	 0.26275 
0.59344 	 0.00503923 	 0.262574 
0.59352 	 0.00683895 	 0.262384 
0.5936 	 0.00911157 	 0.262173 
0.59368 	 0.011813 	 0.261933 
0.59376 	 0.0168338 	 0.261608 
0.59384 	 0.027255 	 0.260823 
0.59392 	 0.0305948 	 0.260469 
0.594 	 0.0358122 	 0.259846 
0.59408 	 0.0425618 	 0.258997 
0.59416 	 0.0482541 	 0.258151 
0.59424 	 0.0524427 	 0.257424 
0.59432 	 0.0542615 	 0.257065 
0.5944 	 0.0577654 	 0.256367 
0.59448 	 0.0621708 	 0.255507 
0.59456 	 0.0661175 	 0.254666 
0.59464 	 0.068863 	 0.254007 
0.59472 	 0.0702668 	 0.253642 
0.5948 	 0.0733342 	 0.252864 
0.59488 	 0.0768875 	 0.251984 
0.59496 	 0.0800402 	 0.251149 
0.59504 	 0.0820045 	 0.250562 
0.59512 	 0.0831173 	 0.25021 
0.5952 	 0.0861184 	 0.24932 
0.59528 	 0.0891305 	 0.248436 
0.59536 	 0.0917516 	 0.247596 
0.59544 	 0.0932074 	 0.247103 
0.59552 	 0.094523 	 0.246611 
0.5956 	 0.0972299 	 0.24573 
0.59568 	 0.0998711 	 0.244844 
0.59576 	 0.102066 	 0.244041 
0.59584 	 0.103224 	 0.243593 
0.59592 	 0.104732 	 0.24299 
0.596 	 0.107146 	 0.242108 
0.59608 	 0.109493 	 0.241227 
0.59616 	 0.111319 	 0.240475 
0.59624 	 0.112162 	 0.240103 
0.59632 	 0.113896 	 0.239367 
0.5964 	 0.116183 	 0.238447 
0.59648 	 0.118156 	 0.237599 
0.59656 	 0.119744 	 0.236906 
0.59664 	 0.12044 	 0.236564 
0.59672 	 0.122448 	 0.235663 
0.5968 	 0.124605 	 0.234717 
0.59688 	 0.126369 	 0.233889 
0.59696 	 0.127505 	 0.233334 
0.59704 	 0.128471 	 0.232822 
0.59712 	 0.130383 	 0.231928 
0.5972 	 0.132345 	 0.230995 
0.59728 	 0.133791 	 0.230248 
0.59736 	 0.134804 	 0.229717 
0.59744 	 0.13603 	 0.229055 
0.59752 	 0.137899 	 0.228117 
0.5976 	 0.139671 	 0.22721 
0.59768 	 0.140864 	 0.226535 
0.59776 	 0.141721 	 0.226049 
0.59784 	 0.143118 	 0.225265 
0.59792 	 0.144899 	 0.224309 
0.598 	 0.146456 	 0.223435 
0.59808 	 0.147654 	 0.222736 
0.59816 	 0.148307 	 0.222301 
0.59824 	 0.149908 	 0.221394 
0.59832 	 0.151518 	 0.22047 
0.5984 	 0.152945 	 0.219606 
0.59848 	 0.153783 	 0.219074 
0.59856 	 0.154787 	 0.218426 
0.59864 	 0.15616 	 0.217594 
0.59872 	 0.156438 	 0.217367 
0.5988 	 0.156607 	 0.217174 
0.59888 	 0.156843 	 0.21698 
0.59896 	 0.157002 	 0.216768 
0.59904 	 0.157131 	 0.216589 
0.59912 	 0.157291 	 0.216377 
0.5992 	 0.157451 	 0.216165 
0.59928 	 0.157493 	 0.216148 
0.59936 	 0.157575 	 0.215988 
0.59944 	 0.157694 	 0.215803 
0.59952 	 0.157813 	 0.215618 
0.5996 	 0.157899 	 0.21546 
0.59968 	 0.158018 	 0.215275 
0.59976 	 0.158105 	 0.215134 
0.59984 	 0.158187 	 0.214975 
0.59992 	 0.158306 	 0.21479 
0.6 	 0.167888 	 0.208971 
0.60008 	 0.168441 	 0.208554 
0.60016 	 0.169458 	 0.207819 
0.60024 	 0.171008 	 0.206763 
0.60032 	 0.172191 	 0.205908 
0.6004 	 0.172713 	 0.205493 
0.60048 	 0.17374 	 0.204729 
0.60056 	 0.175191 	 0.203697 
0.60064 	 0.176347 	 0.202829 
0.60072 	 0.176867 	 0.202403 
0.6008 	 0.17799 	 0.201545 
0.60088 	 0.179372 	 0.200521 
0.60096 	 0.18022 	 0.199839 
0.60104 	 0.180977 	 0.199225 
0.60112 	 0.182027 	 0.198396 
0.6012 	 0.183449 	 0.197304 
0.60128 	 0.184144 	 0.19671 
0.60136 	 0.184638 	 0.196255 
0.60144 	 0.186142 	 0.195076 
0.60152 	 0.187306 	 0.194135 
0.6016 	 0.187844 	 0.193641 
0.60168 	 0.188737 	 0.192871 
0.60176 	 0.189964 	 0.191859 
0.60184 	 0.191059 	 0.190922 
0.60192 	 0.191694 	 0.190353 
0.602 	 0.192395 	 0.189709 
0.60208 	 0.193789 	 0.188528 
0.60216 	 0.194675 	 0.187727 
0.60224 	 0.195305 	 0.187141 
0.60232 	 0.196159 	 0.186354 
0.6024 	 0.197422 	 0.185238 
0.60248 	 0.198093 	 0.18459 
0.60256 	 0.198716 	 0.183977 
0.60264 	 0.199948 	 0.182858 
0.60272 	 0.200975 	 0.181891 
0.6028 	 0.201414 	 0.181436 
0.60288 	 0.202279 	 0.180594 
0.60296 	 0.203432 	 0.179506 
0.60304 	 0.204456 	 0.178509 
0.60312 	 0.204705 	 0.178196 
0.6032 	 0.205931 	 0.177014 
0.60328 	 0.207096 	 0.175872 
0.60336 	 0.208243 	 0.174734 
0.60344 	 0.20888 	 0.174056 
0.60352 	 0.209298 	 0.173572 
0.6036 	 0.210469 	 0.172384 
0.60368 	 0.211642 	 0.171179 
0.60376 	 0.212744 	 0.170028 
0.60384 	 0.212655 	 0.170021 
0.60392 	 0.213814 	 0.1688 
0.604 	 0.214889 	 0.167651 
0.60408 	 0.215992 	 0.166456 
0.60416 	 0.217089 	 0.165249 
0.60424 	 0.217222 	 0.165025 
0.60432 	 0.218331 	 0.163793 
0.6044 	 0.219366 	 0.162625 
0.60448 	 0.220408 	 0.161434 
0.60456 	 0.2209 	 0.160825 
0.60464 	 0.221472 	 0.160117 
0.60472 	 0.222541 	 0.158868 
0.6048 	 0.223676 	 0.157527 
0.60488 	 0.224561 	 0.156452 
0.60496 	 0.224737 	 0.156166 
0.60504 	 0.225749 	 0.154932 
0.60512 	 0.226726 	 0.153723 
0.6052 	 0.227797 	 0.152387 
0.60528 	 0.228131 	 0.151916 
0.60536 	 0.228897 	 0.150916 
0.60544 	 0.229869 	 0.149662 
0.60552 	 0.230931 	 0.148283 
0.6056 	 0.231493 	 0.147512 
0.60568 	 0.23183 	 0.147007 
0.60576 	 0.232906 	 0.145573 
0.60584 	 0.233927 	 0.144188 
0.60592 	 0.234729 	 0.143076 
0.606 	 0.234956 	 0.142696 
0.60608 	 0.235871 	 0.141413 
0.60616 	 0.236858 	 0.140014 
0.60624 	 0.23783 	 0.138616 
0.60632 	 0.238025 	 0.138276 
0.6064 	 0.238896 	 0.136993 
0.60648 	 0.239844 	 0.135586 
0.60656 	 0.240763 	 0.1342 
0.60664 	 0.241156 	 0.133567 
0.60672 	 0.241728 	 0.132656 
0.6068 	 0.24273 	 0.131105 
0.60688 	 0.243642 	 0.129665 
0.60696 	 0.244122 	 0.128874 
0.60704 	 0.244594 	 0.128073 
0.60712 	 0.24556 	 0.126503 
0.6072 	 0.246503 	 0.124944 
0.60728 	 0.247054 	 0.124003 
0.60736 	 0.24748 	 0.123237 
0.60744 	 0.248401 	 0.12166 
0.60752 	 0.249285 	 0.120116 
0.6076 	 0.249896 	 0.119027 
0.60768 	 0.25026 	 0.11833 
0.60776 	 0.251161 	 0.116702 
0.60784 	 0.252058 	 0.115052 
0.60792 	 0.252709 	 0.113832 
0.608 	 0.253005 	 0.113218 
0.60808 	 0.253857 	 0.111589 
0.60816 	 0.254763 	 0.109826 
0.60824 	 0.255433 	 0.108501 
0.60832 	 0.255756 	 0.107799 
0.6084 	 0.256566 	 0.106153 
0.60848 	 0.257459 	 0.104304 
0.60856 	 0.258129 	 0.102897 
0.60864 	 0.258394 	 0.102269 
0.60872 	 0.259227 	 0.100467 
0.6088 	 0.260096 	 0.0985425 
0.60888 	 0.260747 	 0.0970792 
0.60896 	 0.26104 	 0.0963502 
0.60904 	 0.261866 	 0.0944318 
0.60912 	 0.262722 	 0.0923898 
0.6092 	 0.263327 	 0.0909232 
0.60928 	 0.263604 	 0.0901766 
0.60936 	 0.264459 	 0.0880335 
0.60944 	 0.265322 	 0.0858 
0.60952 	 0.265835 	 0.0844415 
0.6096 	 0.266206 	 0.0833888 
0.60968 	 0.267018 	 0.0811601 
0.60976 	 0.26786 	 0.0787647 
0.60984 	 0.268325 	 0.0774049 
0.60992 	 0.268732 	 0.0761458 
0.61 	 0.269526 	 0.0737304 
0.61008 	 0.270373 	 0.0710453 
0.61016 	 0.270741 	 0.069829 
0.61024 	 0.271198 	 0.0682795 
0.61032 	 0.272023 	 0.0654243 
0.6104 	 0.272856 	 0.0624016 
0.61048 	 0.273138 	 0.0613187 
0.61056 	 0.273686 	 0.0591977 
0.61064 	 0.274488 	 0.0559407 
0.61072 	 0.275312 	 0.0523786 
0.6108 	 0.275477 	 0.0515855 
0.61088 	 0.27613 	 0.0485451 
0.61096 	 0.276932 	 0.0444779 
0.61104 	 0.277652 	 0.0405682 
0.61112 	 0.277778 	 0.0396353 
0.6112 	 0.278543 	 0.0348396 
0.61128 	 0.279342 	 0.0288708 
0.61136 	 0.279923 	 0.0236958 
0.61144 	 0.280138 	 0.021146 
0.61152 	 0.280847 	 0.0110332 
0.6116 	 0.28093 	 0.00828494 
0.61168 	 0.280985 	 0.00642933 
0.61176 	 0.281024 	 0.0048475 
0.61184 	 0.281047 	 0.00357988 
0.61192 	 0.281061 	 0.00260505 
0.612 	 0.281068 	 0.00187604 
0.61208 	 0.281072 	 0.00133907 
0.61216 	 0.281073 	 0.000996102 
0.61224 	 0.281073 	 0.000997935 
0.61232 	 0.281073 	 0.000998917 
0.6124 	 0.281073 	 0.000996843 
0.61248 	 0.281073 	 0.000997935 
0.61256 	 0.281073 	 0.000998671 
0.61264 	 0.281073 	 0.000999093 
0.61272 	 0.281073 	 0.000994604 
0.6128 	 0.281073 	 0.000992849 
0.61288 	 0.281073 	 0.000997513 
0.61296 	 0.281073 	 0.000999079 
0.61304 	 0.281073 	 0.000994327 
0.61312 	 0.281073 	 0.00099794 
0.6132 	 0.281073 	 0.000997153 
0.61328 	 0.281073 	 0.000992259 
0.61336 	 0.281073 	 0.000999604 
0.61344 	 0.281073 	 0.000998675 
0.61352 	 0.281073 	 0.000998827 
0.6136 	 0.281073 	 0.000997995 
0.61368 	 0.281073 	 0.000994918 
0.61376 	 0.281073 	 0.000988445 
0.61384 	 0.281073 	 0.000991449 
0.61392 	 0.281073 	 0.000987535 
0.614 	 0.281073 	 0.000993868 
0.61408 	 0.281073 	 0.000992639 
0.61416 	 0.281073 	 0.000998204 
0.61424 	 0.281073 	 0.000995761 
0.61432 	 0.281073 	 0.00099996 
0.6144 	 0.281073 	 0.000994671 
0.61448 	 0.281073 	 0.000993625 
0.61456 	 0.281073 	 0.00099938 
0.61464 	 0.281073 	 0.00099295 
0.61472 	 0.281073 	 0.000990656 
0.6148 	 0.281073 	 0.000994698 
0.61488 	 0.281073 	 0.000983393 
0.61496 	 0.281073 	 0.000994927 
