fill 	 mu 	 CS1 	 Deltamax 
0.5 	 0.172 	 0 	 0.545403 
0.496 	 0.163 	 0 	 0.542981 
0.492 	 0.154 	 0 	 0.540516 
0.488 	 0.145 	 0 	 0.537988 
0.484 	 0.136 	 0 	 0.535402 
0.48 	 0.127 	 0 	 0.532752 
0.476 	 0.118 	 0 	 0.530063 
0.472 	 0.109 	 0 	 0.527299 
0.468 	 0.1 	 0 	 0.524569 
0.464 	 0.092 	 0 	 0.522751 
0.46 	 0.083 	 0 	 0.520666 
0.456 	 0.074 	 0 	 0.5187 
0.452 	 0.066 	 0 	 0.516569 
0.448 	 0.057 	 0 	 0.514509 
0.444 	 0.049 	 0 	 0.512282 
0.44 	 0.041 	 0 	 0.510182 
0.436 	 0.033 	 0 	 0.508039 
0.432 	 0.024 	 0 	 0.5056 
0.428 	 0.016 	 0 	 0.503367 
0.424 	 0.008 	 0 	 0.50109 
0.42 	 0.001 	 0 	 0.499063 
0.416 	 0 	 -1 	 0.498758 
0.412 	 -0.001 	 -1 	 0.498468 
0.408 	 -0.004 	 -1 	 0.497589 
0.404 	 -0.012 	 -1 	 0.495272 
0.4 	 -0.02 	 -1 	 0.493612 
0.396 	 -0.029 	 -1 	 0.491713 
0.392 	 -0.037 	 -1 	 0.489927 
0.388 	 -0.045 	 -1 	 0.488134 
0.384 	 -0.054 	 -1 	 0.486149 
0.38 	 -0.062 	 -1 	 0.484155 
0.376 	 -0.071 	 -1 	 0.481957 
0.372 	 -0.08 	 -1 	 0.479818 
0.368 	 -0.088 	 -1 	 0.477659 
0.364 	 -0.097 	 -1 	 0.475277 
0.36 	 -0.107 	 -1 	 0.472662 
0.356 	 -0.116 	 -1 	 0.470117 
0.352 	 -0.126 	 -1 	 0.467353 
0.348 	 -0.135 	 -1 	 0.464945 
0.344 	 -0.145 	 -1 	 0.462956 
0.34 	 -0.155 	 -1 	 0.460878 
0.336 	 -0.166 	 -1 	 0.458615 
0.332 	 -0.176 	 -1 	 0.456273 
0.328 	 -0.187 	 -1 	 0.453651 
0.324 	 -0.199 	 -1 	 0.450831 
0.32 	 -0.211 	 -1 	 0.447795 
0.316 	 -0.224 	 -1 	 0.444409 
0.312 	 -0.239 	 -1 	 0.440561 
0.308 	 -0.257 	 -1 	 0.436153 
0.304 	 -0.279 	 -1 	 0.433082 
0.3 	 -0.305 	 -1 	 0.430183 
0.296 	 -0.334 	 -1 	 0.427194 
0.292 	 -0.365 	 -1 	 0.423988 
0.288 	 -0.397 	 -1 	 0.420533 
0.284 	 -0.429 	 -1 	 0.418441 
0.28 	 -0.461 	 -1 	 0.417172 
0.276 	 -0.494 	 -1 	 0.415501 
0.272 	 -0.527 	 -1 	 0.413435 
0.268 	 -0.56 	 -1 	 0.410957 
0.264 	 -0.593 	 -1 	 0.409925 
0.26 	 -0.626 	 -1 	 0.409396 
0.256 	 -0.66 	 -1 	 0.40842 
0.252 	 -0.693 	 -1 	 0.407011 
0.248 	 -0.726 	 -1 	 0.40514 
0.244 	 -0.759 	 -1 	 0.404789 
0.24 	 -0.792 	 -1 	 0.404784 
0.236 	 -0.824 	 -1 	 0.404294 
0.232 	 -0.857 	 -1 	 0.403328 
0.228 	 -0.889 	 -1 	 0.401918 
0.224 	 -0.922 	 -1 	 0.401742 
0.22 	 -0.954 	 -1 	 0.402086 
0.216 	 -0.986 	 -1 	 0.401932 
0.212 	 -1.018 	 -1 	 0.40127 
0.208 	 -1.049 	 -1 	 0.400133 
0.204 	 -1.08 	 -1 	 0.399639 
0.2 	 -1.111 	 -1 	 0.400178 
0.196 	 -1.142 	 -1 	 0.400195 
0.192 	 -1.173 	 -1 	 0.399666 
0.188 	 -1.203 	 -1 	 0.398627 
0.184 	 -1.233 	 -1 	 0.397141 
0.18 	 -1.262 	 -1 	 0.397647 
0.176 	 -1.292 	 -1 	 0.397625 
0.172 	 -1.321 	 -1 	 0.397039 
0.168 	 -1.349 	 -1 	 0.395936 
0.164 	 -1.377 	 -1 	 0.39426 
0.16 	 -1.406 	 -1 	 0.392754 
0.156 	 -1.433 	 -1 	 0.392456 
0.152 	 -1.46 	 -1 	 0.391614 
0.148 	 -1.487 	 -1 	 0.390192 
0.144 	 -1.513 	 -1 	 0.388213 
0.14 	 -1.54 	 -1 	 0.385621 
0.136 	 -1.565 	 -1 	 0.382634 
0.132 	 -1.59 	 -1 	 0.381133 
0.128 	 -1.615 	 -1 	 0.379247 
0.124 	 -1.64 	 -1 	 0.376681 
0.12 	 -1.664 	 -1 	 0.37361 
0.116 	 -1.687 	 -1 	 0.370083 
0.112 	 -1.71 	 -1 	 0.365966 
0.108 	 -1.732 	 -1 	 0.361427 
0.104 	 -1.754 	 -1 	 0.35734 
0.1 	 -1.776 	 -1 	 0.353514 
0.096 	 -1.797 	 -1 	 0.349224 
0.092 	 -1.817 	 -1 	 0.344523 
0.088 	 -1.836 	 -1 	 0.339462 
0.084 	 -1.855 	 -1 	 0.333807 
0.08 	 -1.873 	 -1 	 0.327577 
0.076 	 -1.891 	 -1 	 0.321267 
0.072 	 -1.908 	 -1 	 0.314403 
0.068 	 -1.924 	 -1 	 0.307294 
0.064 	 -1.939 	 -1 	 0.300164 
0.06 	 -1.953 	 -1 	 0.293617 
0.056 	 -1.967 	 -1 	 0.286186 
0.052 	 -1.98 	 -1 	 0.278324 
0.048 	 -1.993 	 1 	 0.269904 
0.044 	 -1.999 	 1 	 0.264775 
0.04 	 -2 	 0 	 0.263978 
0.036 	 -2.001 	 0 	 0.263177 
0.032 	 -2.011 	 0 	 0.254703 
0.028 	 -2.023 	 0 	 0.243199 
0.024 	 -2.036 	 0 	 0.229755 
0.02 	 -2.048 	 0 	 0.213745 
0.016 	 -2.061 	 0 	 0.194744 
0.012 	 -2.074 	 0 	 0.172304 
0.008 	 -2.087 	 0 	 0.143337 
0.004 	 -2.102 	 0 	 0.103745 

0.5 	 0.172 	 0 	 0.545403 
0.504 	 0.182 	 0 	 0.548612 
0.508 	 0.191 	 0 	 0.551977 
0.512 	 0.2 	 0 	 0.555661 
0.516 	 0.21 	 0 	 0.559522 
0.52 	 0.219 	 0 	 0.563554 
0.524 	 0.228 	 0 	 0.56712 
0.528 	 0.238 	 0 	 0.570767 
0.532 	 0.247 	 0 	 0.574221 
0.536 	 0.257 	 0 	 0.577744 
0.54 	 0.266 	 0 	 0.580792 
0.544 	 0.276 	 0 	 0.584037 
0.548 	 0.285 	 0 	 0.587071 
0.552 	 0.295 	 0 	 0.5908 
0.556 	 0.305 	 0 	 0.594049 
0.56 	 0.314 	 0 	 0.597498 
0.564 	 0.324 	 0 	 0.600766 
0.568 	 0.333 	 0 	 0.603702 
0.572 	 0.343 	 0 	 0.606722 
0.576 	 0.353 	 0 	 0.609655 
0.58 	 0.363 	 0 	 0.61266 
0.584 	 0.372 	 0 	 0.615706 
0.588 	 0.382 	 0 	 0.618964 
0.592 	 0.392 	 0 	 0.622088 
0.596 	 0.402 	 0 	 0.625081 
0.6 	 0.412 	 0 	 0.62794 
0.604 	 0.422 	 0 	 0.630669 
0.608 	 0.431 	 0 	 0.633276 
0.612 	 0.442 	 0 	 0.636136 
0.616 	 0.452 	 0 	 0.639159 
0.62 	 0.462 	 0 	 0.642056 
0.624 	 0.471 	 0 	 0.64508 
0.628 	 0.482 	 0 	 0.647717 
0.632 	 0.492 	 0 	 0.650217 
0.636 	 0.502 	 0 	 0.652952 
0.64 	 0.512 	 0 	 0.655823 
0.644 	 0.522 	 0 	 0.658571 
0.648 	 0.532 	 0 	 0.661196 
0.652 	 0.543 	 0 	 0.66394 
0.656 	 0.553 	 0 	 0.666306 
0.66 	 0.563 	 0 	 0.669024 
0.664 	 0.574 	 0 	 0.671957 
0.668 	 0.584 	 0 	 0.674497 
0.672 	 0.594 	 0 	 0.676913 
0.676 	 0.605 	 0 	 0.679442 
0.68 	 0.615 	 0 	 0.682034 
0.684 	 0.626 	 0 	 0.684808 
0.688 	 0.637 	 0 	 0.687198 
0.692 	 0.647 	 0 	 0.689696 
0.696 	 0.658 	 0 	 0.692312 
0.7 	 0.668 	 0 	 0.694732 
0.704 	 0.679 	 0 	 0.697264 
0.708 	 0.69 	 0 	 0.699655 
0.712 	 0.701 	 0 	 0.702184 
0.716 	 0.712 	 0 	 0.704641 
0.72 	 0.722 	 0 	 0.706961 
0.724 	 0.733 	 0 	 0.709 
0.728 	 0.744 	 0 	 0.711304 
0.732 	 0.755 	 0 	 0.713661 
0.736 	 0.767 	 0 	 0.715669 
0.74 	 0.778 	 0 	 0.717549 
0.744 	 0.789 	 0 	 0.719381 
0.748 	 0.8 	 0 	 0.721122 
0.752 	 0.811 	 0 	 0.722722 
0.756 	 0.823 	 0 	 0.724319 
0.76 	 0.834 	 0 	 0.725629 
0.764 	 0.846 	 0 	 0.726903 
0.768 	 0.857 	 0 	 0.72792 
0.772 	 0.869 	 0 	 0.728869 
0.776 	 0.88 	 0 	 0.72959 
0.78 	 0.892 	 0 	 0.730213 
0.784 	 0.904 	 0 	 0.730664 
0.788 	 0.915 	 0 	 0.73091 
0.792 	 0.927 	 0 	 0.731039 
0.796 	 0.939 	 0 	 0.730981 
0.8 	 0.951 	 0 	 0.730744 
0.804 	 0.963 	 0 	 0.73033 
0.808 	 0.975 	 0 	 0.729719 
0.812 	 0.987 	 0 	 0.728895 
0.816 	 1 	 0 	 0.727905 
0.82 	 1.012 	 0 	 0.72676 
0.824 	 1.024 	 0 	 0.72538 
0.828 	 1.037 	 0 	 0.723731 
0.832 	 1.049 	 0 	 0.721994 
0.836 	 1.062 	 0 	 0.719965 
0.84 	 1.075 	 0 	 0.717672 
0.844 	 1.087 	 0 	 0.715302 
0.848 	 1.1 	 0 	 0.712556 
0.852 	 1.113 	 0 	 0.709559 
0.856 	 1.126 	 0 	 0.706315 
0.86 	 1.139 	 0 	 0.702818 
0.864 	 1.152 	 0 	 0.699054 
0.868 	 1.165 	 0 	 0.694752 
0.872 	 1.179 	 0 	 0.690424 
0.876 	 1.192 	 0 	 0.685841 
0.88 	 1.206 	 0 	 0.680602 
0.884 	 1.219 	 0 	 0.675412 
0.888 	 1.233 	 0 	 0.669522 
0.892 	 1.247 	 0 	 0.663272 
0.896 	 1.261 	 0 	 0.656658 
0.9 	 1.275 	 0 	 0.649665 
0.904 	 1.289 	 0 	 0.642268 
0.908 	 1.303 	 0 	 0.634472 
0.912 	 1.317 	 0 	 0.625721 
0.916 	 1.332 	 0 	 0.616971 
0.92 	 1.346 	 0 	 0.607236 
0.924 	 1.361 	 0 	 0.597476 
0.928 	 1.376 	 0 	 0.586572 
0.932 	 1.391 	 0 	 0.575045 
0.936 	 1.406 	 0 	 0.562859 
0.94 	 1.421 	 0 	 0.549981 
0.944 	 1.436 	 0 	 0.536156 
0.948 	 1.452 	 0 	 0.52091 
0.952 	 1.468 	 0 	 0.505274 
0.956 	 1.483 	 0 	 0.488027 
0.96 	 1.499 	 0 	 0.469339 
0.964 	 1.515 	 0 	 0.449261 
0.968 	 1.532 	 0 	 0.427491 
0.972 	 1.548 	 0 	 0.403101 
0.976 	 1.564 	 0 	 0.376712 
0.98 	 1.581 	 0 	 0.346741 
0.984 	 1.598 	 0 	 0.312911 
0.988 	 1.615 	 0 	 0.273547 
0.992 	 1.632 	 0 	 0.225259 
0.996 	 1.65 	 0 	 0.160656 
