rBF 	 Delta 	 mu 	 aB 	 retneg 

 
0.04 	 5.055 	 0.8 	 0.001131 	 791.5 
0.03995 	 4.991 	 0.8 	 0.001131 	 791.5 
0.0399 	 4.906 	 0.8 	 0.001131 	 791.5 
0.03985 	 4.821 	 0.8 	 0.001131 	 791.5 
0.0398 	 4.738 	 0.8 	 0.001131 	 791.5 
0.03975 	 4.656 	 0.8 	 0.001131 	 791.5 
0.0397 	 4.574 	 0.8 	 0.001131 	 791.5 
0.03965 	 4.494 	 0.8 	 0.001131 	 791.5 
0.0396 	 4.414 	 0.8 	 0.001131 	 791.5 
0.03955 	 4.336 	 0.8 	 0.001131 	 791.5 
0.0395 	 4.258 	 0.8 	 0.001131 	 791.5 
0.03945 	 4.182 	 0.8 	 0.001131 	 791.5 
0.0394 	 4.106 	 0.8 	 0.001131 	 791.5 
0.03935 	 4.032 	 0.8 	 0.001131 	 791.5 
0.0393 	 3.958 	 0.8 	 0.001131 	 791.5 
0.03925 	 3.885 	 0.8 	 0.001131 	 791.5 
0.0392 	 3.813 	 0.8 	 0.001131 	 791.5 
0.03915 	 3.742 	 0.8 	 0.001131 	 791.5 
0.0391 	 3.672 	 0.8 	 0.001131 	 791.5 
0.03905 	 3.603 	 0.8 	 0.001131 	 791.5 
0.039 	 3.535 	 0.8 	 0.001131 	 791.5 
0.03895 	 3.467 	 0.8 	 0.001131 	 791.5 
0.0389 	 3.401 	 0.8 	 0.001131 	 791.5 
0.03885 	 3.336 	 0.8 	 0.001131 	 791.5 
0.0388 	 3.271 	 0.8 	 0.001131 	 791.5 
0.03875 	 3.205 	 0.8 	 0.001131 	 791.5 
0.0387 	 3.144 	 0.8 	 0.001131 	 791.5 
0.03865 	 3.08 	 0.8 	 0.001131 	 791.5 
0.0386 	 3.019 	 0.8 	 0.001131 	 791.5 
0.03855 	 2.959 	 0.8 	 0.001131 	 791.5 
0.0385 	 2.9 	 0.8 	 0.001131 	 791.5 
0.03845 	 2.841 	 0.8 	 0.001131 	 791.5 
0.0384 	 2.787 	 0.8015 	 0.001131 	 791.5 
0.03835 	 2.736 	 0.805 	 0.001131 	 791.5 
0.0383 	 2.687 	 0.809 	 0.001131 	 791.5 
0.03825 	 2.638 	 0.8125 	 0.001131 	 791.5 
0.0382 	 2.59 	 0.816 	 0.001131 	 791.5 
0.03815 	 2.543 	 0.8195 	 0.001131 	 791.5 
0.0381 	 2.497 	 0.823 	 0.001131 	 791.5 
0.03805 	 2.451 	 0.8265 	 0.001131 	 791.5 
0.038 	 2.405 	 0.8295 	 0.001131 	 791.5 
0.03795 	 2.36 	 0.833 	 0.001131 	 791.5 
0.0379 	 2.317 	 0.836 	 0.001131 	 791.5 
0.03785 	 2.273 	 0.839 	 0.001131 	 791.5 
0.0378 	 2.23 	 0.842 	 0.001131 	 791.5 
0.03775 	 2.188 	 0.845 	 0.001131 	 791.5 
0.0377 	 2.146 	 0.848 	 0.001131 	 791.5 
0.03765 	 2.105 	 0.851 	 0.001131 	 791.5 
0.0376 	 2.064 	 0.854 	 0.001131 	 791.5 
0.03755 	 2.024 	 0.8565 	 0.001131 	 791.5 
0.0375 	 1.985 	 0.859 	 0.001131 	 791.5 
0.03745 	 1.946 	 0.862 	 0.001131 	 791.5 
0.0374 	 1.906 	 0.8645 	 0.001131 	 791.5 
0.03735 	 1.87 	 0.867 	 0.001131 	 791.5 
0.0373 	 1.832 	 0.8695 	 0.001131 	 791.5 
0.03725 	 1.796 	 0.872 	 0.001131 	 791.5 
0.0372 	 1.76 	 0.874 	 0.001131 	 791.5 
0.03715 	 1.725 	 0.8765 	 0.001131 	 791.5 
0.0371 	 1.689 	 0.8785 	 0.001131 	 791.5 
0.03705 	 1.654 	 0.881 	 0.001131 	 791.5 
0.037 	 1.621 	 0.883 	 0.001131 	 791.5 
0.03695 	 1.587 	 0.885 	 0.001131 	 791.5 
0.0369 	 1.554 	 0.887 	 0.001131 	 791.5 
0.03685 	 1.522 	 0.889 	 0.001131 	 791.5 
0.0368 	 1.49 	 0.891 	 0.001131 	 791.5 
0.03675 	 1.46 	 0.893 	 0.001131 	 791.5 
0.0367 	 1.428 	 0.895 	 0.001131 	 791.5 
0.03665 	 1.398 	 0.8965 	 0.001131 	 791.5 
0.0366 	 1.368 	 0.8985 	 0.001131 	 791.5 
0.03655 	 1.339 	 0.9 	 0.001131 	 791.5 
0.0365 	 1.31 	 0.9015 	 0.001131 	 791.5 
0.03645 	 1.282 	 0.9035 	 0.001131 	 791.5 
0.0364 	 1.254 	 0.905 	 0.001131 	 791.5 
0.03635 	 1.227 	 0.9065 	 0.001131 	 791.5 
0.0363 	 1.2 	 0.908 	 0.001131 	 791.5 
0.03625 	 1.173 	 0.9095 	 0.001131 	 791.5 
0.0362 	 1.147 	 0.911 	 0.001131 	 791.5 
0.03615 	 1.122 	 0.912 	 0.001131 	 791.5 
0.0361 	 1.097 	 0.9135 	 0.001131 	 791.5 
0.03605 	 1.072 	 0.9145 	 0.001131 	 791.5 
0.036 	 1.048 	 0.916 	 0.001131 	 791.5 
0.03595 	 1.024 	 0.917 	 0.001131 	 791.5 
0.0359 	 1.001 	 0.9185 	 0.001131 	 791.5 
0.03585 	 0.9782 	 0.9195 	 0.001131 	 791.5 
0.0358 	 0.9557 	 0.9205 	 0.001131 	 791.5 
0.03575 	 0.9329 	 0.922 	 0.001131 	 791.5 
0.0357 	 0.9118 	 0.923 	 0.001131 	 791.5 
0.03565 	 0.8908 	 0.924 	 0.001131 	 791.5 
0.0356 	 0.8693 	 0.925 	 0.001131 	 791.5 
0.03555 	 0.8487 	 0.926 	 0.001131 	 791.5 
0.0355 	 0.8288 	 0.9265 	 0.001131 	 791.5 
0.03545 	 0.8098 	 0.9275 	 0.001131 	 791.5 
0.0354 	 0.79 	 0.9285 	 0.001131 	 791.5 
0.03535 	 0.771 	 0.9295 	 0.001131 	 791.5 
0.0353 	 0.7525 	 0.93 	 0.001131 	 791.5 
0.03525 	 0.735 	 0.931 	 0.001131 	 791.5 
0.0352 	 0.7166 	 0.9315 	 0.001131 	 791.5 
0.03515 	 0.6997 	 0.9325 	 0.001131 	 791.5 
0.0351 	 0.6821 	 0.933 	 0.001131 	 791.5 
0.03505 	 0.6653 	 0.934 	 0.001131 	 791.5 
0.035 	 0.6489 	 0.9345 	 0.001131 	 791.5 
0.03495 	 0.6328 	 0.935 	 0.001131 	 791.5 
0.0349 	 0.617 	 0.9355 	 0.001131 	 791.5 
0.03485 	 0.6022 	 0.9365 	 0.001131 	 791.5 
0.0348 	 0.5867 	 0.937 	 0.001131 	 791.5 
0.03475 	 0.5719 	 0.9375 	 0.001131 	 791.5 
0.0347 	 0.5574 	 0.938 	 0.001131 	 791.5 
0.03465 	 0.5432 	 0.9385 	 0.001131 	 791.5 
0.0346 	 0.5293 	 0.939 	 0.001131 	 791.5 
0.03455 	 0.5157 	 0.9395 	 0.001131 	 791.5 
0.0345 	 0.5024 	 0.94 	 0.001131 	 791.5 
0.03445 	 0.4894 	 0.9405 	 0.001131 	 791.5 
0.0344 	 0.4766 	 0.941 	 0.001131 	 791.5 
0.03435 	 0.4641 	 0.941 	 0.001131 	 791.5 
0.0343 	 0.4519 	 0.9415 	 0.001131 	 791.5 
0.03425 	 0.44 	 0.942 	 0.001131 	 791.5 
0.0342 	 0.4283 	 0.9425 	 0.001131 	 791.5 
0.03415 	 0.4164 	 0.9425 	 0.001131 	 791.5 
0.0341 	 0.4055 	 0.943 	 0.001131 	 791.5 
0.03405 	 0.3946 	 0.9435 	 0.001131 	 791.5 
0.034 	 0.3835 	 0.9435 	 0.001131 	 791.5 
0.03395 	 0.373 	 0.944 	 0.001131 	 791.5 
0.0339 	 0.3626 	 0.944 	 0.001131 	 791.5 
0.03385 	 0.3526 	 0.9445 	 0.001131 	 791.5 
0.0338 	 0.3426 	 0.9445 	 0.001131 	 791.5 
0.03375 	 0.3329 	 0.945 	 0.001131 	 791.5 
0.0337 	 0.3233 	 0.945 	 0.001131 	 791.5 
0.03365 	 0.3141 	 0.9455 	 0.001131 	 791.5 
0.0336 	 0.3049 	 0.9455 	 0.001131 	 791.5 
0.03355 	 0.296 	 0.946 	 0.001131 	 791.5 
0.0335 	 0.2871 	 0.946 	 0.001131 	 791.5 
0.03345 	 0.2782 	 0.946 	 0.001131 	 791.5 
0.0334 	 0.2697 	 0.9465 	 0.001131 	 791.5 
0.03335 	 0.2613 	 0.9465 	 0.001131 	 791.5 
0.0333 	 0.253 	 0.9465 	 0.001131 	 791.5 
0.03325 	 0.245 	 0.947 	 0.001131 	 791.5 
0.0332 	 0.237 	 0.947 	 0.001131 	 791.5 
0.03315 	 0.2289 	 0.947 	 0.001131 	 791.5 
0.0331 	 0.2214 	 0.9475 	 0.001131 	 791.5 
0.03305 	 0.2136 	 0.9475 	 0.001131 	 791.5 
0.033 	 0.2059 	 0.9475 	 0.001131 	 791.5 
0.03295 	 0.1983 	 0.9475 	 0.001131 	 791.5 
0.0329 	 0.1908 	 0.9475 	 0.001131 	 791.5 
0.03285 	 0.1835 	 0.948 	 0.001131 	 791.5 
0.0328 	 0.176 	 0.948 	 0.001131 	 791.5 
0.03275 	 0.1687 	 0.948 	 0.001131 	 791.5 
0.0327 	 0.1613 	 0.948 	 0.001131 	 791.5 
0.03265 	 0.1539 	 0.948 	 0.001131 	 791.5 
0.0326 	 0.1467 	 0.9485 	 0.001131 	 791.5 
0.03255 	 0.1393 	 0.9485 	 0.001131 	 791.5 
0.0325 	 0.1319 	 0.9485 	 0.001131 	 791.5 
0.03245 	 0.1242 	 0.9485 	 0.001131 	 791.5 
0.0324 	 0.1166 	 0.9485 	 0.001131 	 791.5 
0.03235 	 0.1087 	 0.9485 	 0.001131 	 791.5 
0.0323 	 0.1006 	 0.9485 	 0.001131 	 791.5 
0.03225 	 0.09227 	 0.949 	 0.001131 	 791.5 
0.0322 	 0.08342 	 0.949 	 0.001131 	 791.5 
0.03215 	 0.07402 	 0.949 	 0.001131 	 791.5 
0.0321 	 0.06365 	 0.949 	 0.001131 	 791.5 
0.03205 	 0.05186 	 0.949 	 0.001131 	 791.5 
0.032 	 0.03714 	 0.949 	 0.001131 	 791.5 
0.03195 	 0.01194 	 0.949 	 0.001131 	 791.5 
0.0319 	 0.0004493 	 0.949 	 0.001131 	 791.5 
