-20 	 -0.028593 	 1.57389e-06 	 0 	 38 
-19.9 	 -0.0287438 	 1.67524e-06 	 0 	 38 
-19.8 	 -0.0288961 	 1.78314e-06 	 0 	 38 
-19.7 	 -0.0290498 	 1.89799e-06 	 0 	 38 
-19.6 	 -0.029205 	 2.02026e-06 	 0 	 38 
-19.5 	 -0.0293617 	 2.15041e-06 	 0 	 38 
-19.4 	 -0.0295198 	 2.28898e-06 	 0 	 38 
-19.3 	 -0.0296794 	 2.43649e-06 	 0 	 38 
-19.2 	 -0.0298405 	 2.59353e-06 	 0 	 38 
-19.1 	 -0.030003 	 2.76071e-06 	 0 	 38 
-19 	 -0.0301671 	 2.9387e-06 	 0 	 38 
-18.9 	 -0.0303327 	 3.12819e-06 	 0 	 38 
-18.8 	 -0.0304999 	 3.32993e-06 	 0 	 38 
-18.7 	 -0.0306687 	 3.54472e-06 	 0 	 38 
-18.6 	 -0.0308391 	 3.7734e-06 	 0 	 38 
-18.5 	 -0.0310112 	 4.01687e-06 	 0 	 38 
-18.4 	 -0.0311849 	 4.2761e-06 	 0 	 38 
-18.3 	 -0.0313603 	 4.55211e-06 	 0 	 38 
-18.2 	 -0.0315374 	 4.84598e-06 	 0 	 38 
-18.1 	 -0.0317163 	 5.15889e-06 	 0 	 38 
-18 	 -0.0318971 	 5.49206e-06 	 0 	 38 
-17.9 	 -0.0320796 	 5.84682e-06 	 0 	 38 
-17.8 	 -0.032264 	 6.22457e-06 	 0 	 38 
-17.7 	 -0.0324503 	 6.62681e-06 	 0 	 38 
-17.6 	 -0.0326385 	 7.05513e-06 	 0 	 38 
-17.5 	 -0.0328288 	 7.51122e-06 	 0 	 38 
-17.4 	 -0.033021 	 7.99691e-06 	 0 	 38 
-17.3 	 -0.0332152 	 8.5141e-06 	 0 	 38 
-17.2 	 -0.0334115 	 9.06487e-06 	 0 	 38 
-17.1 	 -0.03361 	 9.65139e-06 	 0 	 38 
-17 	 -0.0338106 	 1.0276e-05 	 0 	 38 
-16.9 	 -0.0340134 	 1.09412e-05 	 0 	 38 
-16.8 	 -0.0342184 	 1.16496e-05 	 0 	 38 
-16.7 	 -0.0344257 	 1.2404e-05 	 0 	 38 
-16.6 	 -0.0346353 	 1.32075e-05 	 0 	 38 
-16.5 	 -0.0348473 	 1.40632e-05 	 0 	 38 
-16.4 	 -0.0350617 	 1.49746e-05 	 0 	 38 
-16.3 	 -0.0352785 	 1.59452e-05 	 0 	 38 
-16.2 	 -0.0354978 	 1.6979e-05 	 0 	 38 
-16.1 	 -0.0357197 	 1.80802e-05 	 0 	 38 
-16 	 -0.0359441 	 1.9253e-05 	 0 	 38 
-15.9 	 -0.0361712 	 2.05022e-05 	 0 	 38 
-15.8 	 -0.036401 	 2.18328e-05 	 0 	 38 
-15.7 	 -0.0366334 	 2.32501e-05 	 0 	 38 
-15.6 	 -0.0368687 	 2.47598e-05 	 0 	 38 
-15.5 	 -0.0371068 	 2.6368e-05 	 0 	 38 
-15.4 	 -0.0373478 	 2.8081e-05 	 0 	 38 
-15.3 	 -0.0375918 	 2.99058e-05 	 0 	 38 
-15.2 	 -0.0378388 	 3.18497e-05 	 0 	 38 
-15.1 	 -0.0380888 	 3.39205e-05 	 0 	 38 
-15 	 -0.0383419 	 3.61265e-05 	 0 	 38 
-14.9 	 -0.0385982 	 3.84767e-05 	 0 	 38 
-14.8 	 -0.0388578 	 4.09804e-05 	 0 	 38 
-14.7 	 -0.0391207 	 4.36477e-05 	 0 	 38 
-14.6 	 -0.0393869 	 4.64895e-05 	 0 	 38 
-14.5 	 -0.0396566 	 4.95172e-05 	 0 	 38 
-14.4 	 -0.0399298 	 5.27429e-05 	 0 	 38 
-14.3 	 -0.0402065 	 5.61798e-05 	 0 	 38 
-14.2 	 -0.0404869 	 5.98417e-05 	 0 	 38 
-14.1 	 -0.0407711 	 6.37434e-05 	 0 	 38 
-14 	 -0.041059 	 6.79008e-05 	 0 	 38 
-13.9 	 -0.0413508 	 7.23306e-05 	 0 	 38 
-13.8 	 -0.0416466 	 7.70508e-05 	 0 	 38 
-13.7 	 -0.0419464 	 8.20806e-05 	 0 	 38 
-13.6 	 -0.0422503 	 8.74404e-05 	 0 	 38 
-13.5 	 -0.0425584 	 9.3152e-05 	 0 	 38 
-13.4 	 -0.0428708 	 9.92385e-05 	 0 	 38 
-13.3 	 -0.0431876 	 0.000105725 	 0 	 38 
-13.2 	 -0.0435089 	 0.000112637 	 0 	 38 
-13.1 	 -0.0438348 	 0.000120004 	 0 	 38 
-13 	 -0.0441653 	 0.000127855 	 0 	 38 
-12.9 	 -0.0445007 	 0.000136222 	 0 	 38 
-12.8 	 -0.0448409 	 0.00014514 	 0 	 38 
-12.7 	 -0.045186 	 0.000154645 	 0 	 38 
-12.6 	 -0.0455363 	 0.000164776 	 0 	 38 
-12.5 	 -0.0458918 	 0.000175575 	 0 	 38 
-12.4 	 -0.0462526 	 0.000187085 	 0 	 38 
-12.3 	 -0.0466189 	 0.000199353 	 0 	 38 
-12.2 	 -0.0469907 	 0.000212431 	 0 	 38 
-12.1 	 -0.0473682 	 0.000226371 	 0 	 38 
-12 	 -0.0477516 	 0.000241232 	 0 	 38 
-11.9 	 -0.0481409 	 0.000257074 	 0 	 38 
-11.8 	 -0.0485363 	 0.000273962 	 0 	 38 
-11.7 	 -0.0489379 	 0.000291967 	 0 	 38 
-11.6 	 -0.049346 	 0.000311161 	 0 	 38 
-11.5 	 -0.0497605 	 0.000331626 	 0 	 38 
-11.4 	 -0.0501818 	 0.000353444 	 0 	 38 
-11.3 	 -0.05061 	 0.000376706 	 0 	 38 
-11.2 	 -0.0510451 	 0.000401509 	 0 	 38 
-11.1 	 -0.0514874 	 0.000427955 	 0 	 38 
-11 	 -0.0519372 	 0.000456154 	 0 	 38 
-10.9 	 -0.0523944 	 0.000486223 	 0 	 38 
-10.8 	 -0.0528594 	 0.000518286 	 0 	 38 
-10.7 	 -0.0533324 	 0.000552477 	 0 	 38 
-10.6 	 -0.0538134 	 0.000588938 	 0 	 38 
-10.5 	 -0.0543028 	 0.000627821 	 0 	 38 
-10.4 	 -0.0548008 	 0.000669287 	 0 	 38 
-10.3 	 -0.0553075 	 0.000713511 	 0 	 38 
-10.2 	 -0.0558233 	 0.000760675 	 0 	 38 
-10.1 	 -0.0563482 	 0.000810978 	 0 	 38 
-10 	 -0.0568826 	 0.00086463 	 0 	 38 
-9.9 	 -0.0574268 	 0.000921854 	 0 	 38 
-9.8 	 -0.057981 	 0.000982891 	 0 	 38 
-9.7 	 -0.0585453 	 0.001048 	 0 	 38 
-9.6 	 -0.0591203 	 0.00111744 	 0 	 38 
-9.5 	 -0.059706 	 0.00119152 	 0 	 38 
-9.4 	 -0.0603029 	 0.00127055 	 0 	 38 
-9.3 	 -0.0609111 	 0.00135485 	 0 	 38 
-9.2 	 -0.0615312 	 0.00144478 	 0 	 38 
-9.1 	 -0.0621632 	 0.00154073 	 0 	 38 
-9 	 -0.0628077 	 0.00164309 	 0 	 38 
-8.9 	 -0.0634649 	 0.00175229 	 0 	 38 
-8.8 	 -0.0641353 	 0.0018688 	 0 	 38 
-8.7 	 -0.0648191 	 0.00199311 	 0 	 38 
-8.6 	 -0.0655169 	 0.00212575 	 0 	 38 
-8.5 	 -0.0662289 	 0.00226727 	 0 	 38 
-8.4 	 -0.0669556 	 0.00241827 	 0 	 38 
-8.3 	 -0.0676975 	 0.0025794 	 0 	 38 
-8.2 	 -0.068455 	 0.00275134 	 0 	 38 
-8.1 	 -0.0692286 	 0.00293481 	 0 	 38 
-8 	 -0.0700187 	 0.00313059 	 0 	 38 
-7.9 	 -0.0708258 	 0.00333952 	 0 	 38 
-7.8 	 -0.0716505 	 0.00356248 	 0 	 38 
-7.7 	 -0.0724933 	 0.00380041 	 0 	 38 
-7.6 	 -0.0733548 	 0.00405432 	 0 	 38 
-7.5 	 -0.0742355 	 0.0043253 	 0 	 38 
-7.4 	 -0.0751361 	 0.0046145 	 0 	 38 
-7.3 	 -0.0760571 	 0.00492313 	 0 	 38 
-7.2 	 -0.0769992 	 0.00525251 	 0 	 38 
-7.1 	 -0.0779631 	 0.00560404 	 0 	 38 
-7 	 -0.0789494 	 0.0059792 	 0 	 38 
-6.9 	 -0.079959 	 0.00637958 	 0 	 38 
-6.8 	 -0.0809924 	 0.00680689 	 0 	 38 
-6.7 	 -0.0820505 	 0.00726292 	 0 	 38 
-6.6 	 -0.0831341 	 0.0077496 	 0 	 38 
-6.5 	 -0.084244 	 0.00826899 	 0 	 38 
-6.4 	 -0.085381 	 0.00882326 	 0 	 38 
-6.3 	 -0.086546 	 0.00941475 	 0 	 38 
-6.2 	 -0.0877399 	 0.0100459 	 0 	 38 
-6.1 	 -0.0889636 	 0.0107195 	 0 	 38 
-6 	 -0.0902181 	 0.0114381 	 0 	 38 
-5.9 	 -0.0915044 	 0.0122049 	 0 	 38 
-5.8 	 -0.0928234 	 0.013023 	 0 	 38 
-5.7 	 -0.0941762 	 0.0138958 	 0 	 38 
-5.6 	 -0.0955638 	 0.0148268 	 0 	 38 
-5.5 	 -0.0969873 	 0.0158198 	 0 	 38 
-5.4 	 -0.0984478 	 0.016879 	 0 	 38 
-5.3 	 -0.0999464 	 0.0180084 	 0 	 38 
-5.2 	 -0.101484 	 0.0192127 	 0 	 38 
-5.1 	 -0.103062 	 0.0204966 	 0 	 38 
-5 	 -0.104681 	 0.0218652 	 0 	 38 
-4.9 	 -0.106343 	 0.0233236 	 0 	 38 
-4.8 	 -0.108048 	 0.0248776 	 0 	 38 
-4.7 	 -0.109797 	 0.026533 	 0 	 38 
-4.6 	 -0.111592 	 0.0282958 	 0 	 38 
-4.5 	 -0.113433 	 0.0301726 	 0 	 38 
-4.4 	 -0.115321 	 0.0321701 	 0 	 38 
-4.3 	 -0.117256 	 0.034295 	 0 	 38 
-4.2 	 -0.119239 	 0.0365548 	 0 	 38 
-4.1 	 -0.121271 	 0.0389567 	 0 	 38 
-4 	 -0.12335 	 0.0415083 	 0 	 38 
-3.9 	 -0.125476 	 0.0442175 	 0 	 38 
-3.8 	 -0.127649 	 0.0470919 	 0 	 38 
-3.7 	 -0.129867 	 0.0501395 	 0 	 38 
-3.6 	 -0.132128 	 0.0533679 	 0 	 38 
-3.5 	 -0.134429 	 0.0567847 	 0 	 38 
-3.4 	 -0.136766 	 0.060397 	 0 	 38 
-3.3 	 -0.139135 	 0.0642115 	 0 	 38 
-3.2 	 -0.141529 	 0.0682341 	 0 	 38 
-3.1 	 -0.143939 	 0.0724698 	 0 	 38 
-3 	 -0.146357 	 0.0769223 	 0 	 38 
-2.9 	 -0.148768 	 0.0815937 	 0 	 38 
-2.8 	 -0.151158 	 0.0864841 	 0 	 38 
-2.7 	 -0.153508 	 0.0915913 	 0 	 38 
-2.6 	 -0.155794 	 0.0969101 	 0 	 38 
-2.5 	 -0.157988 	 0.102432 	 0 	 38 
-2.4 	 -0.160055 	 0.108144 	 0 	 38 
-2.3 	 -0.161954 	 0.11403 	 0 	 38 
-2.2 	 -0.163635 	 0.120067 	 0 	 38 
-2.1 	 -0.165039 	 0.126228 	 0 	 38 
-2 	 -0.166096 	 0.132478 	 0 	 38 
-1.9 	 -0.166727 	 0.13878 	 0 	 38 
-1.8 	 -0.166837 	 0.145088 	 0 	 38 
-1.7 	 -0.166324 	 0.151351 	 0 	 38 
-1.6 	 -0.165073 	 0.157515 	 0 	 38 
-1.5 	 -0.162965 	 0.163524 	 0 	 38 
-1.4 	 -0.159879 	 0.169319 	 0 	 38 
-1.3 	 -0.155701 	 0.174845 	 0 	 38 
-1.2 	 -0.150331 	 0.180048 	 0 	 38 
-1.1 	 -0.143696 	 0.184884 	 0 	 38 
-1 	 -0.135755 	 0.189312 	 0 	 38 
-0.9 	 -0.126503 	 0.193306 	 0 	 38 
-0.8 	 -0.115976 	 0.196856 	 0 	 38 
-0.7 	 -0.104251 	 0.199952 	 0 	 38 
-0.6 	 -0.0914393 	 0.202597 	 0 	 38 
-0.5 	 -0.0776741 	 0.204797 	 0 	 38 
-0.4 	 -0.0631057 	 0.206568 	 0 	 38 
-0.3 	 -0.0478924 	 0.207923 	 0 	 38 
-0.2 	 -0.0321958 	 0.208879 	 0 	 38 
-0.1 	 -0.016178 	 0.209446 	 0 	 38 
0 	 0 	 0.209633 	 0 	 38 
0.1 	 0.016178 	 0.209443 	 0 	 38 
0.2 	 0.0321959 	 0.208873 	 0 	 38 
0.3 	 0.0478927 	 0.207915 	 0 	 38 
0.4 	 0.0631067 	 0.206557 	 0 	 38 
0.5 	 0.0776765 	 0.204783 	 0 	 38 
0.6 	 0.0914442 	 0.202578 	 0 	 38 
0.7 	 0.104261 	 0.199928 	 0 	 38 
0.8 	 0.115992 	 0.196825 	 0 	 38 
0.9 	 0.126531 	 0.193266 	 0 	 38 
1 	 0.1358 	 0.189257 	 0 	 38 
1.1 	 0.143763 	 0.184813 	 0 	 38 
1.2 	 0.150415 	 0.179968 	 0 	 38 
1.3 	 0.155798 	 0.174759 	 0 	 38 
1.4 	 0.159986 	 0.169231 	 0 	 38 
1.5 	 0.16308 	 0.163435 	 0 	 38 
1.6 	 0.165193 	 0.157427 	 0 	 38 
1.7 	 0.166449 	 0.151263 	 0 	 38 
1.8 	 0.166965 	 0.145002 	 0 	 38 
1.9 	 0.166858 	 0.138697 	 0 	 38 
2 	 0.166229 	 0.132397 	 0 	 38 
2.1 	 0.165173 	 0.126149 	 0 	 38 
2.2 	 0.163769 	 0.119992 	 0 	 38 
2.3 	 0.162088 	 0.113958 	 0 	 38 
2.4 	 0.160189 	 0.108075 	 0 	 38 
2.5 	 0.158121 	 0.102366 	 0 	 38 
2.6 	 0.155927 	 0.0968469 	 0 	 38 
2.7 	 0.15364 	 0.0915311 	 0 	 38 
2.8 	 0.151289 	 0.0864268 	 0 	 38 
2.9 	 0.148897 	 0.0815393 	 0 	 38 
3 	 0.146484 	 0.0768707 	 0 	 38 
3.1 	 0.144065 	 0.0724209 	 0 	 38 
3.2 	 0.141653 	 0.0681879 	 0 	 38 
3.3 	 0.139258 	 0.0641678 	 0 	 38 
3.4 	 0.136887 	 0.0603557 	 0 	 38 
3.5 	 0.134548 	 0.0567457 	 0 	 38 
3.6 	 0.132246 	 0.0533312 	 0 	 38 
3.7 	 0.129983 	 0.0501049 	 0 	 38 
3.8 	 0.127763 	 0.0470593 	 0 	 38 
3.9 	 0.125589 	 0.0441867 	 0 	 38 
4 	 0.123461 	 0.0414794 	 0 	 38 
4.1 	 0.12138 	 0.0389295 	 0 	 38 
4.2 	 0.119348 	 0.0365292 	 0 	 38 
4.3 	 0.117363 	 0.034271 	 0 	 38 
4.4 	 0.115426 	 0.0321474 	 0 	 38 
4.5 	 0.113537 	 0.0301514 	 0 	 38 
4.6 	 0.111694 	 0.0282759 	 0 	 38 
4.7 	 0.109898 	 0.0265142 	 0 	 38 
4.8 	 0.108147 	 0.02486 	 0 	 38 
4.9 	 0.106441 	 0.0233071 	 0 	 38 
5 	 0.104778 	 0.0218496 	 0 	 38 
5.1 	 0.103157 	 0.020482 	 0 	 38 
5.2 	 0.101578 	 0.019199 	 0 	 38 
5.3 	 0.100039 	 0.0179956 	 0 	 38 
5.4 	 0.098539 	 0.0168669 	 0 	 38 
5.5 	 0.0970773 	 0.0158085 	 0 	 38 
5.6 	 0.0956526 	 0.0148162 	 0 	 38 
5.7 	 0.0942638 	 0.0138858 	 0 	 38 
5.8 	 0.0929098 	 0.0130137 	 0 	 38 
5.9 	 0.0915897 	 0.0121962 	 0 	 38 
6 	 0.0903023 	 0.0114299 	 0 	 38 
6.1 	 0.0890467 	 0.0107118 	 0 	 38 
6.2 	 0.0878219 	 0.0100387 	 0 	 38 
6.3 	 0.086627 	 0.00940798 	 0 	 38 
6.4 	 0.085461 	 0.00881691 	 0 	 38 
6.5 	 0.084323 	 0.00826303 	 0 	 38 
6.6 	 0.0832122 	 0.00774402 	 0 	 38 
6.7 	 0.0821276 	 0.00725768 	 0 	 38 
6.8 	 0.0810686 	 0.00680198 	 0 	 38 
6.9 	 0.0800342 	 0.00637498 	 0 	 38 
7 	 0.0790238 	 0.00597488 	 0 	 38 
7.1 	 0.0780366 	 0.00559999 	 0 	 38 
7.2 	 0.0770719 	 0.00524871 	 0 	 38 
7.3 	 0.0761289 	 0.00491957 	 0 	 38 
7.4 	 0.0752071 	 0.00461116 	 0 	 38 
7.5 	 0.0743058 	 0.00432217 	 0 	 38 
7.6 	 0.0734243 	 0.00405139 	 0 	 38 
7.7 	 0.072562 	 0.00379765 	 0 	 38 
7.8 	 0.0717185 	 0.00355989 	 0 	 38 
7.9 	 0.070893 	 0.0033371 	 0 	 38 
8 	 0.0700852 	 0.00312832 	 0 	 38 
8.1 	 0.0692944 	 0.00293268 	 0 	 38 
8.2 	 0.0685201 	 0.00274934 	 0 	 38 
8.3 	 0.067762 	 0.00257753 	 0 	 38 
8.4 	 0.0670194 	 0.00241652 	 0 	 38 
8.5 	 0.066292 	 0.00226562 	 0 	 38 
8.6 	 0.0655793 	 0.0021242 	 0 	 38 
8.7 	 0.064881 	 0.00199166 	 0 	 38 
8.8 	 0.0641965 	 0.00186744 	 0 	 38 
8.9 	 0.0635255 	 0.00175102 	 0 	 38 
9 	 0.0628677 	 0.00164189 	 0 	 38 
9.1 	 0.0622227 	 0.00153961 	 0 	 38 
9.2 	 0.06159 	 0.00144373 	 0 	 38 
9.3 	 0.0609694 	 0.00135387 	 0 	 38 
9.4 	 0.0603606 	 0.00126963 	 0 	 38 
9.5 	 0.0597632 	 0.00119066 	 0 	 38 
9.6 	 0.059177 	 0.00111663 	 0 	 38 
9.7 	 0.0586015 	 0.00104723 	 0 	 38 
9.8 	 0.0580366 	 0.000982176 	 0 	 38 
9.9 	 0.0574819 	 0.000921183 	 0 	 38 
10 	 0.0569373 	 0.000864 	 0 	 38 
10.1 	 0.0564024 	 0.000810388 	 0 	 38 
10.2 	 0.0558769 	 0.000760122 	 0 	 38 
10.3 	 0.0553607 	 0.000712991 	 0 	 38 
10.4 	 0.0548535 	 0.0006688 	 0 	 38 
10.5 	 0.0543551 	 0.000627364 	 0 	 38 
10.6 	 0.0538653 	 0.000588509 	 0 	 38 
10.7 	 0.0533838 	 0.000552074 	 0 	 38 
10.8 	 0.0529104 	 0.000517908 	 0 	 38 
10.9 	 0.052445 	 0.000485868 	 0 	 38 
11 	 0.0519873 	 0.000455822 	 0 	 38 
11.1 	 0.0515372 	 0.000427643 	 0 	 38 
11.2 	 0.0510944 	 0.000401217 	 0 	 38 
11.3 	 0.0506589 	 0.000376432 	 0 	 38 
11.4 	 0.0502303 	 0.000353186 	 0 	 38 
11.5 	 0.0498087 	 0.000331384 	 0 	 38 
11.6 	 0.0493937 	 0.000310935 	 0 	 38 
11.7 	 0.0489853 	 0.000291754 	 0 	 38 
11.8 	 0.0485833 	 0.000273763 	 0 	 38 
11.9 	 0.0481875 	 0.000256887 	 0 	 38 
12 	 0.0477978 	 0.000241056 	 0 	 38 
12.1 	 0.0474141 	 0.000226206 	 0 	 38 
12.2 	 0.0470363 	 0.000212276 	 0 	 38 
12.3 	 0.0466641 	 0.000199208 	 0 	 38 
12.4 	 0.0462975 	 0.000186948 	 0 	 38 
12.5 	 0.0459364 	 0.000175447 	 0 	 38 
12.6 	 0.0455805 	 0.000164656 	 0 	 38 
12.7 	 0.0452299 	 0.000154533 	 0 	 38 
12.8 	 0.0448844 	 0.000145035 	 0 	 38 
12.9 	 0.0445439 	 0.000136123 	 0 	 38 
13 	 0.0442083 	 0.000127762 	 0 	 38 
13.1 	 0.0438775 	 0.000119916 	 0 	 38 
13.2 	 0.0435513 	 0.000112555 	 0 	 38 
13.3 	 0.0432297 	 0.000105648 	 0 	 38 
13.4 	 0.0429126 	 9.91662e-05 	 0 	 38 
13.5 	 0.0425999 	 9.30841e-05 	 0 	 38 
13.6 	 0.0422915 	 8.73767e-05 	 0 	 38 
13.7 	 0.0419873 	 8.20208e-05 	 0 	 38 
13.8 	 0.0416872 	 7.69947e-05 	 0 	 38 
13.9 	 0.0413912 	 7.22779e-05 	 0 	 38 
14 	 0.0410991 	 6.78513e-05 	 0 	 38 
14.1 	 0.0408109 	 6.3697e-05 	 0 	 38 
14.2 	 0.0405265 	 5.97981e-05 	 0 	 38 
14.3 	 0.0402458 	 5.61388e-05 	 0 	 38 
14.4 	 0.0399688 	 5.27045e-05 	 0 	 38 
14.5 	 0.0396954 	 4.94811e-05 	 0 	 38 
14.6 	 0.0394254 	 4.64556e-05 	 0 	 38 
14.7 	 0.0391589 	 4.36159e-05 	 0 	 38 
14.8 	 0.0388958 	 4.09505e-05 	 0 	 38 
14.9 	 0.038636 	 3.84486e-05 	 0 	 38 
15 	 0.0383795 	 3.61002e-05 	 0 	 38 
15.1 	 0.0381261 	 3.38958e-05 	 0 	 38 
15.2 	 0.0378758 	 3.18265e-05 	 0 	 38 
15.3 	 0.0376287 	 2.9884e-05 	 0 	 38 
15.4 	 0.0373845 	 2.80605e-05 	 0 	 38 
15.5 	 0.0371432 	 2.63487e-05 	 0 	 38 
15.6 	 0.0369049 	 2.47418e-05 	 0 	 38 
15.7 	 0.0366694 	 2.32332e-05 	 0 	 38 
15.8 	 0.0364367 	 2.18169e-05 	 0 	 38 
15.9 	 0.0362067 	 2.04873e-05 	 0 	 38 
16 	 0.0359794 	 1.9239e-05 	 0 	 38 
16.1 	 0.0357548 	 1.8067e-05 	 0 	 38 
16.2 	 0.0355327 	 1.69667e-05 	 0 	 38 
16.3 	 0.0353132 	 1.59336e-05 	 0 	 38 
16.4 	 0.0350962 	 1.49636e-05 	 0 	 38 
16.5 	 0.0348816 	 1.40529e-05 	 0 	 38 
16.6 	 0.0346694 	 1.31978e-05 	 0 	 38 
16.7 	 0.0344596 	 1.23949e-05 	 0 	 38 
16.8 	 0.0342521 	 1.16411e-05 	 0 	 38 
16.9 	 0.0340469 	 1.09332e-05 	 0 	 38 
17 	 0.0338439 	 1.02685e-05 	 0 	 38 
17.1 	 0.0336431 	 9.64434e-06 	 0 	 38 
17.2 	 0.0334445 	 9.05824e-06 	 0 	 38 
17.3 	 0.033248 	 8.50788e-06 	 0 	 38 
17.4 	 0.0330536 	 7.99106e-06 	 0 	 38 
17.5 	 0.0328612 	 7.50573e-06 	 0 	 38 
17.6 	 0.0326708 	 7.04996e-06 	 0 	 38 
17.7 	 0.0324824 	 6.62195e-06 	 0 	 38 
17.8 	 0.0322959 	 6.22001e-06 	 0 	 38 
17.9 	 0.0321113 	 5.84253e-06 	 0 	 38 
18 	 0.0319286 	 5.48803e-06 	 0 	 38 
18.1 	 0.0317478 	 5.15509e-06 	 0 	 38 
18.2 	 0.0315687 	 4.84241e-06 	 0 	 38 
18.3 	 0.0313914 	 4.54874e-06 	 0 	 38 
18.4 	 0.0312158 	 4.27294e-06 	 0 	 38 
18.5 	 0.0310419 	 4.01389e-06 	 0 	 38 
18.6 	 0.0308697 	 3.77059e-06 	 0 	 38 
18.7 	 0.0306992 	 3.54208e-06 	 0 	 38 
18.8 	 0.0305302 	 3.32744e-06 	 0 	 38 
18.9 	 0.0303629 	 3.12585e-06 	 0 	 38 
19 	 0.0301971 	 2.93649e-06 	 0 	 38 
19.1 	 0.0300329 	 2.75863e-06 	 0 	 38 
19.2 	 0.0298701 	 2.59156e-06 	 0 	 38 
19.3 	 0.0297089 	 2.43464e-06 	 0 	 38 
19.4 	 0.0295492 	 2.28723e-06 	 0 	 38 
19.5 	 0.0293909 	 2.14876e-06 	 0 	 38 
19.6 	 0.0292341 	 2.0187e-06 	 0 	 38 
19.7 	 0.0290788 	 1.89652e-06 	 0 	 38 
19.8 	 0.0289249 	 1.78175e-06 	 0 	 38 
19.9 	 0.0287725 	 1.67393e-06 	 0 	 38 


