0 	 1.45 	 0.296647 	 0.9433 	 1 	 8 
0.001 	 1.45 	 0.29677 	 0.9433 	 1 	 0 
0.002 	 1.45 	 0.296825 	 0.9433 	 1 	 0 
0.003 	 1.45 	 0.29685 	 0.9433 	 1.00001 	 0 
0.004 	 1.45 	 0.296861 	 0.9433 	 1.00001 	 0 
0.005 	 1.45 	 0.296866 	 0.9433 	 1.00002 	 0 
0.006 	 1.45 	 0.296869 	 0.9433 	 1.00003 	 0 
0.007 	 1.45 	 0.29687 	 0.9433 	 1.00004 	 0 
0.008 	 1.45 	 0.29687 	 0.9433 	 1.00005 	 0 
0.009 	 1.45 	 0.29687 	 0.9433 	 1.00007 	 0 
0.01 	 1.45 	 0.29687 	 0.9433 	 1.00008 	 0 
0.011 	 1.45 	 0.29687 	 0.9433 	 1.0001 	 0 
0.012 	 1.45 	 0.29687 	 0.9433 	 1.00012 	 0 
0.013 	 1.45 	 0.29687 	 0.9433 	 1.00014 	 0 
0.014 	 1.45 	 0.29687 	 0.9433 	 1.00016 	 0 
0.015 	 1.45 	 0.29687 	 0.9433 	 1.00019 	 0 
0.016 	 1.45 	 0.29687 	 0.9433 	 1.00021 	 0 
0.017 	 1.45 	 0.29687 	 0.9433 	 1.00024 	 0 
0.018 	 1.45 	 0.29687 	 0.9433 	 1.00027 	 0 
0.019 	 1.45 	 0.29687 	 0.9433 	 1.0003 	 0 
0.02 	 1.45 	 0.29687 	 0.9433 	 1.00033 	 0 
0.021 	 1.45 	 0.29687 	 0.9433 	 1.00036 	 0 
0.022 	 1.45 	 0.296869 	 0.9433 	 1.0004 	 0 
0.023 	 1.45 	 0.296869 	 0.9433 	 1.00044 	 0 
0.024 	 1.45 	 0.296867 	 0.9433 	 1.00047 	 0 
0.025 	 1.45 	 0.296866 	 0.9433 	 1.00052 	 0 
0.026 	 1.45 	 0.296863 	 0.9433 	 1.00056 	 0 
0.027 	 1.45 	 0.296859 	 0.9433 	 1.0006 	 0 
0.028 	 1.45 	 0.296854 	 0.9433 	 1.00065 	 0 
0.029 	 1.45 	 0.296847 	 0.9433 	 1.00069 	 0 
0.03 	 1.45 	 0.296838 	 0.9433 	 1.00074 	 0 
0.031 	 1.45 	 0.296826 	 0.9433 	 1.00079 	 0 
0.032 	 1.45 	 0.296811 	 0.9433 	 1.00085 	 0 
0.033 	 1.45 	 0.296793 	 0.9433 	 1.0009 	 0 
0.034 	 1.45 	 0.29677 	 0.9433 	 1.00095 	 0 
0.035 	 1.45 	 0.296742 	 0.9433 	 1.00101 	 0 
0.036 	 1.45 	 0.296709 	 0.9433 	 1.00107 	 0 
0.037 	 1.45 	 0.296669 	 0.9434 	 1.00113 	 0 
0.038 	 1.45 	 0.296623 	 0.9434 	 1.00119 	 0 
0.039 	 1.45 	 0.296569 	 0.9434 	 1.00126 	 0 
0.04 	 1.45 	 0.296506 	 0.9434 	 1.00132 	 0 
0.041 	 1.45 	 0.296435 	 0.9434 	 1.00139 	 0 
0.042 	 1.45 	 0.296353 	 0.9434 	 1.00146 	 0 
0.043 	 1.45 	 0.296261 	 0.9434 	 1.00153 	 0 
0.044 	 1.45 	 0.296158 	 0.9434 	 1.0016 	 0 
0.045 	 1.45 	 0.296043 	 0.9434 	 1.00168 	 0 
0.046 	 1.45 	 0.295915 	 0.9435 	 1.00175 	 0 
0.047 	 1.45 	 0.295774 	 0.9435 	 1.00183 	 0 
0.048 	 1.45 	 0.295618 	 0.9435 	 1.00191 	 0 
0.049 	 1.45 	 0.295448 	 0.9435 	 1.00199 	 0 
0.05 	 1.45 	 0.295262 	 0.9436 	 1.00207 	 0 
0.051 	 1.45 	 0.29506 	 0.9436 	 1.00216 	 0 
0.052 	 1.45 	 0.294841 	 0.9436 	 1.00224 	 0 
0.053 	 1.45 	 0.294605 	 0.9437 	 1.00233 	 0 
0.054 	 1.45 	 0.294351 	 0.9437 	 1.00242 	 0 
0.055 	 1.45 	 0.294077 	 0.9438 	 1.00251 	 0 
0.056 	 1.45 	 0.293785 	 0.9438 	 1.00261 	 0 
0.057 	 1.45 	 0.293347 	 0.9438 	 1.0027 	 1 
0.058 	 1.45 	 0.293109 	 0.9439 	 1.0028 	 0 
0.059 	 1.45 	 0.292652 	 0.9439 	 1.0029 	 1 
0.06 	 1.45 	 0.292381 	 0.944 	 1.003 	 0 
0.061 	 1.45 	 0.29187 	 0.9441 	 1.0031 	 1 
0.062 	 1.45 	 0.291418 	 0.9441 	 1.0032 	 1 
0.063 	 1.45 	 0.290959 	 0.9442 	 1.00331 	 1 
0.064 	 1.45 	 0.290484 	 0.9443 	 1.00342 	 1 
0.065 	 1.45 	 0.289985 	 0.9444 	 1.00353 	 1 
0.066 	 1.45 	 0.289456 	 0.9444 	 1.00364 	 1 
0.067 	 1.45 	 0.288903 	 0.9445 	 1.00375 	 1 
0.068 	 1.45 	 0.288326 	 0.9446 	 1.00387 	 1 
0.069 	 1.45 	 0.287723 	 0.9447 	 1.00398 	 1 
0.07 	 1.45 	 0.287093 	 0.9448 	 1.0041 	 1 
0.071 	 1.45 	 0.286436 	 0.9449 	 1.00422 	 1 
0.072 	 1.45 	 0.28575 	 0.945 	 1.00435 	 1 
0.073 	 1.45 	 0.285035 	 0.9451 	 1.00447 	 1 
0.074 	 1.45 	 0.284297 	 0.9453 	 1.0046 	 1 
0.075 	 1.45 	 0.283528 	 0.9454 	 1.00472 	 1 
0.076 	 1.45 	 0.282725 	 0.9455 	 1.00485 	 1 
0.077 	 1.45 	 0.281745 	 0.9457 	 1.00499 	 2 
0.078 	 1.45 	 0.280992 	 0.9458 	 1.00512 	 1 
0.079 	 1.45 	 0.279965 	 0.9459 	 1.00525 	 2 
0.08 	 1.45 	 0.279163 	 0.9461 	 1.00539 	 1 
0.081 	 1.45 	 0.278065 	 0.9462 	 1.00553 	 2 
0.082 	 1.45 	 0.277047 	 0.9464 	 1.00567 	 2 
0.083 	 1.45 	 0.276014 	 0.9466 	 1.00582 	 2 
0.084 	 1.45 	 0.27494 	 0.9467 	 1.00596 	 2 
0.085 	 1.45 	 0.273836 	 0.9469 	 1.00611 	 2 
0.086 	 1.45 	 0.2727 	 0.9471 	 1.00626 	 2 
0.087 	 1.45 	 0.271528 	 0.9473 	 1.00641 	 2 
0.088 	 1.45 	 0.270318 	 0.9475 	 1.00656 	 2 
0.089 	 1.45 	 0.26907 	 0.9477 	 1.00672 	 2 
0.09 	 1.45 	 0.267784 	 0.9479 	 1.00688 	 2 
0.091 	 1.45 	 0.266458 	 0.9481 	 1.00704 	 2 
0.092 	 1.45 	 0.265092 	 0.9483 	 1.0072 	 2 
0.093 	 1.45 	 0.263691 	 0.9486 	 1.00736 	 2 
0.094 	 1.45 	 0.262251 	 0.9488 	 1.00753 	 2 
0.095 	 1.45 	 0.260597 	 0.949 	 1.0077 	 3 
0.096 	 1.45 	 0.2592 	 0.9493 	 1.00787 	 2 
0.097 	 1.45 	 0.257479 	 0.9495 	 1.00804 	 3 
0.098 	 1.45 	 0.255838 	 0.9498 	 1.00821 	 3 
0.099 	 1.45 	 0.254168 	 0.9501 	 1.00839 	 3 
0.1 	 1.45 	 0.252446 	 0.9503 	 1.00857 	 3 
0.101 	 1.45 	 0.250684 	 0.9506 	 1.00875 	 3 
0.102 	 1.45 	 0.248875 	 0.9509 	 1.00893 	 3 
0.103 	 1.45 	 0.247017 	 0.9512 	 1.00912 	 3 
0.104 	 1.45 	 0.245107 	 0.9515 	 1.00931 	 3 
0.105 	 1.45 	 0.243145 	 0.9518 	 1.0095 	 3 
0.106 	 1.45 	 0.240965 	 0.9521 	 1.00969 	 4 
0.107 	 1.45 	 0.239023 	 0.9524 	 1.00988 	 3 
0.108 	 1.45 	 0.236756 	 0.9528 	 1.01008 	 4 
0.109 	 1.45 	 0.234541 	 0.9531 	 1.01028 	 4 
0.11 	 1.45 	 0.232285 	 0.9535 	 1.01048 	 4 
0.111 	 1.45 	 0.229972 	 0.9538 	 1.01068 	 4 
0.112 	 1.45 	 0.227596 	 0.9542 	 1.01089 	 4 
0.113 	 1.45 	 0.225157 	 0.9545 	 1.0111 	 4 
0.114 	 1.45 	 0.222491 	 0.9549 	 1.01131 	 5 
0.115 	 1.45 	 0.219885 	 0.9553 	 1.01152 	 5 
0.116 	 1.45 	 0.21722 	 0.9557 	 1.01173 	 5 
0.117 	 1.45 	 0.214483 	 0.9561 	 1.01195 	 5 
0.118 	 1.45 	 0.211674 	 0.9565 	 1.01217 	 5 
0.119 	 1.45 	 0.208786 	 0.9569 	 1.01239 	 5 
0.12 	 1.45 	 0.205659 	 0.9573 	 1.01262 	 6 
0.121 	 1.45 	 0.202568 	 0.9577 	 1.01284 	 6 
0.122 	 1.45 	 0.199402 	 0.9581 	 1.01307 	 6 
0.123 	 1.45 	 0.196149 	 0.9586 	 1.0133 	 6 
0.124 	 1.45 	 0.192634 	 0.959 	 1.01353 	 7 
0.125 	 1.45 	 0.189134 	 0.9595 	 1.01377 	 7 
0.126 	 1.5 	 0.185559 	 0.9599 	 1.01401 	 7 
0.127 	 1.5 	 0.181709 	 0.9604 	 1.01425 	 8 
0.128 	 1.5 	 0.177851 	 0.9609 	 1.01449 	 8 
0.129 	 1.5 	 0.173739 	 0.9613 	 1.01474 	 9 
0.13 	 1.5 	 0.169609 	 0.9618 	 1.01498 	 9 
0.131 	 1.5 	 0.165198 	 0.9623 	 1.01523 	 10 
0.132 	 1.5 	 0.160605 	 0.9628 	 1.01549 	 11 
0.133 	 1.5 	 0.155961 	 0.9633 	 1.01574 	 11 
0.134 	 1.5 	 0.151004 	 0.9638 	 1.016 	 12 
0.135 	 1.5 	 0.145823 	 0.9644 	 1.01626 	 13 
0.136 	 1.5 	 0.140404 	 0.9649 	 1.01652 	 14 
0.137 	 1.5 	 0.134589 	 0.9654 	 1.01678 	 16 
0.138 	 1.5 	 0.128593 	 0.966 	 1.01705 	 17 
0.139 	 1.5 	 0.122153 	 0.9665 	 1.01732 	 19 
0.14 	 1.5 	 0.115215 	 0.9671 	 1.01759 	 22 
0.141 	 1.5 	 0.107908 	 0.9677 	 1.01786 	 24 
0.142 	 1.5 	 0.0997842 	 0.9682 	 1.01814 	 29 
0.143 	 1.5 	 0.0908897 	 0.9688 	 1.01842 	 35 
0.144 	 1.5 	 0.0809113 	 0.9694 	 1.0187 	 44 
0.145 	 1.5 	 0.0693694 	 0.97 	 1.01898 	 59 
0.146 	 1.5 	 0.0553526 	 0.9706 	 1.01927 	 88 
0.147 	 1.5 	 0.0359641 	 0.9712 	 1.01955 	 178 
0.148 	 0 	 0 	 1.01984 	 1.01984 	 178 
0.149 	 0 	 0 	 1.02013 	 1.02013 	 178 
0.15 	 0 	 0 	 1.02043 	 1.02043 	 178 
0.151 	 0 	 0 	 1.02072 	 1.02072 	 178 
0.152 	 0 	 0 	 1.02102 	 1.02102 	 178 
0.153 	 0 	 0 	 1.02132 	 1.02132 	 178 
0.154 	 0 	 0 	 1.02163 	 1.02163 	 178 
0.155 	 0 	 0 	 1.02193 	 1.02193 	 178 
0.156 	 0 	 0 	 1.02224 	 1.02224 	 178 
0.157 	 0 	 0 	 1.02255 	 1.02255 	 178 
0.158 	 0 	 0 	 1.02286 	 1.02286 	 178 
0.159 	 0 	 0 	 1.02317 	 1.02317 	 178 
0.16 	 0 	 0 	 1.02349 	 1.02349 	 178 
0.161 	 0 	 0 	 1.02381 	 1.02381 	 178 
0.162 	 0 	 0 	 1.02413 	 1.02413 	 178 
0.163 	 0 	 0 	 1.02445 	 1.02445 	 178 
0.164 	 0 	 0 	 1.02478 	 1.02478 	 178 
0.165 	 0 	 0 	 1.0251 	 1.0251 	 178 
0.166 	 0 	 0 	 1.02543 	 1.02543 	 178 
0.167 	 0 	 0 	 1.02576 	 1.02576 	 178 
0.168 	 0 	 0 	 1.0261 	 1.0261 	 178 
0.169 	 0 	 0 	 1.02643 	 1.02643 	 178 
0.17 	 0 	 0 	 1.02677 	 1.02677 	 178 
0.171 	 0 	 0 	 1.02711 	 1.02711 	 178 
0.172 	 0 	 0 	 1.02745 	 1.02745 	 178 
0.173 	 0 	 0 	 1.02779 	 1.02779 	 178 
0.174 	 0 	 0 	 1.02814 	 1.02814 	 178 
0.175 	 0 	 0 	 1.02848 	 1.02848 	 178 
0.176 	 0 	 0 	 1.02883 	 1.02883 	 178 
0.177 	 0 	 0 	 1.02918 	 1.02918 	 178 
0.178 	 0 	 0 	 1.02953 	 1.02953 	 178 
0.179 	 0 	 0 	 1.02989 	 1.02989 	 178 
0.18 	 0 	 0 	 1.03024 	 1.03024 	 178 
0.181 	 0 	 0 	 1.0306 	 1.0306 	 178 
0.182 	 0 	 0 	 1.03096 	 1.03096 	 178 
0.183 	 0 	 0 	 1.03132 	 1.03132 	 178 
0.184 	 0 	 0 	 1.03169 	 1.03169 	 178 
0.185 	 0 	 0 	 1.03205 	 1.03205 	 178 
0.186 	 0 	 0 	 1.03242 	 1.03242 	 178 
0.187 	 0 	 0 	 1.03279 	 1.03279 	 178 
0.188 	 0 	 0 	 1.03316 	 1.03316 	 178 
0.189 	 0 	 0 	 1.03353 	 1.03353 	 178 
0.19 	 0 	 0 	 1.0339 	 1.0339 	 178 
0.191 	 0 	 0 	 1.03428 	 1.03428 	 178 
0.192 	 0 	 0 	 1.03465 	 1.03465 	 178 
0.193 	 0 	 0 	 1.03503 	 1.03503 	 178 
0.194 	 0 	 0 	 1.03541 	 1.03541 	 178 
0.195 	 0 	 0 	 1.03579 	 1.03579 	 178 
0.196 	 0 	 0 	 1.03618 	 1.03618 	 178 
0.197 	 0 	 0 	 1.03656 	 1.03656 	 178 
0.198 	 0 	 0 	 1.03695 	 1.03695 	 178 
0.199 	 0 	 0 	 1.03734 	 1.03734 	 178 


0 	 0.296375 
0.001 	 0.296375 
0.002 	 0.296375 
0.003 	 0.296374 
0.004 	 0.296372 
0.005 	 0.296369 
0.006 	 0.296365 
0.007 	 0.296359 
0.008 	 0.296352 
0.009 	 0.296342 
0.01 	 0.296329 
0.011 	 0.296314 
0.012 	 0.296296 
0.013 	 0.296275 
0.014 	 0.296249 
0.015 	 0.296221 
0.016 	 0.296188 
0.017 	 0.29615 
0.018 	 0.296108 
0.019 	 0.296061 
0.02 	 0.296009 
0.021 	 0.295951 
0.022 	 0.295888 
0.023 	 0.295818 
0.024 	 0.295742 
0.025 	 0.29566 
0.026 	 0.29557 
0.027 	 0.295474 
0.028 	 0.29537 
0.029 	 0.295258 
0.03 	 0.295138 
0.031 	 0.29501 
0.032 	 0.294873 
0.033 	 0.294728 
0.034 	 0.294573 
0.035 	 0.294409 
0.036 	 0.294234 
0.037 	 0.29405 
0.038 	 0.293856 
0.039 	 0.293651 
0.04 	 0.293435 
0.041 	 0.293208 
0.042 	 0.292969 
0.043 	 0.292718 
0.044 	 0.292455 
0.045 	 0.29218 
0.046 	 0.291892 
0.047 	 0.29159 
0.048 	 0.291276 
0.049 	 0.290947 
0.05 	 0.290605 
0.051 	 0.290248 
0.052 	 0.289876 
0.053 	 0.28949 
0.054 	 0.289087 
0.055 	 0.28867 
0.056 	 0.288235 
0.057 	 0.287785 
0.058 	 0.287318 
0.059 	 0.286833 
0.06 	 0.286331 
0.061 	 0.285811 
0.062 	 0.285273 
0.063 	 0.284716 
0.064 	 0.284139 
0.065 	 0.283544 
0.066 	 0.282928 
0.067 	 0.282292 
0.068 	 0.281635 
0.069 	 0.280957 
0.07 	 0.280258 
0.071 	 0.279536 
0.072 	 0.278792 
0.073 	 0.278024 
0.074 	 0.277233 
0.075 	 0.276418 
0.076 	 0.275579 
0.077 	 0.274715 
0.078 	 0.273825 
0.079 	 0.272908 
0.08 	 0.271965 
0.081 	 0.270995 
0.082 	 0.269997 
0.083 	 0.268971 
0.084 	 0.267915 
0.085 	 0.26683 
0.086 	 0.265714 
0.087 	 0.264567 
0.088 	 0.263388 
0.089 	 0.262177 
0.09 	 0.260932 
0.091 	 0.259653 
0.092 	 0.258339 
0.093 	 0.25699 
0.094 	 0.255603 
0.095 	 0.254179 
0.096 	 0.252717 
0.097 	 0.251215 
0.098 	 0.249672 
0.099 	 0.248087 
0.1 	 0.24646 
0.101 	 0.244789 
0.102 	 0.243072 
0.103 	 0.241309 
0.104 	 0.239498 
0.105 	 0.237638 
0.106 	 0.235726 
0.107 	 0.233763 
0.108 	 0.231745 
0.109 	 0.229671 
0.11 	 0.227539 
0.111 	 0.225347 
0.112 	 0.223094 
0.113 	 0.220776 
0.114 	 0.218392 
0.115 	 0.215938 
0.116 	 0.213412 
0.117 	 0.210812 
0.118 	 0.208133 
0.119 	 0.205372 
0.12 	 0.202527 
0.121 	 0.199591 
0.122 	 0.196562 
0.123 	 0.193435 
0.124 	 0.190203 
0.125 	 0.186861 
0.126 	 0.183403 
0.127 	 0.179822 
0.128 	 0.17611 
0.129 	 0.172257 
0.13 	 0.168253 
0.131 	 0.164088 
0.132 	 0.159747 
0.133 	 0.155216 
0.134 	 0.150477 
0.135 	 0.145509 
0.136 	 0.140287 
0.137 	 0.134781 
0.138 	 0.128954 
0.139 	 0.122759 
0.14 	 0.116138 
0.141 	 0.109011 
0.142 	 0.101271 
0.143 	 0.0927639 
0.144 	 0.0832542 
0.145 	 0.0723461 
0.146 	 0.0592714 
0.147 	 0.0420535 
0.148 	 0 
