fill 	 mu 	 CS1 	 Deltamax 
0.5 	 0 	 -1 	 0.117125 
0.496 	 -0.012 	 -1 	 0.116951 
0.492 	 -0.025 	 -1 	 0.116472 
0.488 	 -0.037 	 -1 	 0.116497 
0.484 	 -0.05 	 -1 	 0.117069 
0.48 	 -0.062 	 -1 	 0.117279 
0.476 	 -0.075 	 -1 	 0.117173 
0.472 	 -0.087 	 -1 	 0.116754 
0.468 	 -0.1 	 -1 	 0.116918 
0.464 	 -0.112 	 -1 	 0.117491 
0.46 	 -0.125 	 -1 	 0.117749 
0.456 	 -0.137 	 -1 	 0.117717 
0.452 	 -0.149 	 -1 	 0.117351 
0.448 	 -0.162 	 -1 	 0.117629 
0.444 	 -0.174 	 -1 	 0.118254 
0.44 	 -0.186 	 -1 	 0.118573 
0.436 	 -0.198 	 -1 	 0.118584 
0.432 	 -0.211 	 -1 	 0.118245 
0.428 	 -0.223 	 -1 	 0.118643 
0.424 	 -0.235 	 -1 	 0.119329 
0.42 	 -0.247 	 -1 	 0.119704 
0.416 	 -0.259 	 -1 	 0.119763 
0.412 	 -0.271 	 -1 	 0.119507 
0.408 	 -0.283 	 -1 	 0.119973 
0.404 	 -0.295 	 -1 	 0.120727 
0.4 	 -0.307 	 -1 	 0.121161 
0.396 	 -0.319 	 -1 	 0.121271 
0.392 	 -0.33 	 -1 	 0.121092 
0.388 	 -0.342 	 -1 	 0.121647 
0.384 	 -0.354 	 -1 	 0.122466 
0.38 	 -0.365 	 -1 	 0.122928 
0.376 	 -0.377 	 -1 	 0.123111 
0.372 	 -0.391374 	 -1 	 0.123115 
0.368 	 -0.4 	 -1 	 0.123671 
0.364 	 -0.411 	 -1 	 0.124489 
0.36 	 -0.422 	 -1 	 0.125018 
0.356 	 -0.433 	 -1 	 0.125234 
0.352 	 -0.445 	 -1 	 0.125181 
0.348 	 -0.456 	 -1 	 0.125983 
0.344 	 -0.467 	 -1 	 0.126863 
0.34 	 -0.478 	 -1 	 0.127445 
0.336 	 -0.488 	 -1 	 0.127709 
0.332 	 -0.499 	 -1 	 0.127706 
0.328 	 -0.51 	 -1 	 0.128579 
0.324 	 -0.52 	 -1 	 0.129457 
0.32 	 -0.531 	 -1 	 0.13012 
0.316 	 -0.541 	 -1 	 0.130447 
0.312 	 -0.551 	 -1 	 0.130494 
0.308 	 -0.562 	 -1 	 0.131454 
0.304 	 -0.572 	 -1 	 0.132394 
0.3 	 -0.582 	 -1 	 0.133057 
0.296 	 -0.592 	 -1 	 0.13344 
0.292 	 -0.602 	 -1 	 0.133541 
0.288 	 -0.611 	 -1 	 0.134477 
0.284 	 -0.621 	 -1 	 0.13549 
0.28 	 -0.63 	 -1 	 0.136156 
0.276 	 -0.64 	 -1 	 0.136609 
0.272 	 -0.649 	 -1 	 0.13676 
0.268 	 -0.658 	 -1 	 0.137689 
0.264 	 -0.667 	 -1 	 0.138667 
0.26 	 -0.676 	 -1 	 0.13939 
0.256 	 -0.685 	 -1 	 0.139853 
0.252 	 -0.694 	 -1 	 0.140052 
0.248 	 -0.703 	 -1 	 0.140997 
0.244 	 -0.711 	 -1 	 0.141894 
0.24 	 -0.72 	 -1 	 0.142639 
0.236 	 -0.728 	 -1 	 0.143066 
0.232 	 -0.736 	 -1 	 0.143265 
0.228 	 -0.744 	 -1 	 0.144108 
0.224 	 -0.752 	 -1 	 0.145 
0.22 	 -0.76 	 -1 	 0.145582 
0.216 	 -0.768 	 -1 	 0.146012 
0.212 	 -0.776 	 -1 	 0.146197 
0.208 	 -0.783 	 -1 	 0.14677 
0.204 	 -0.791 	 -1 	 0.147529 
0.2 	 -0.798 	 -1 	 0.14808 
0.196 	 -0.806 	 -1 	 0.148464 
0.192 	 -0.813 	 -1 	 0.148571 
0.188 	 -0.82 	 -1 	 0.14865 
0.184 	 -0.827 	 -1 	 0.149341 
0.18 	 -0.834 	 -1 	 0.149809 
0.176 	 -0.841 	 -1 	 0.150051 
0.172 	 -0.848 	 -1 	 0.150068 
0.168 	 -0.855 	 -1 	 0.149871 
0.164 	 -0.861 	 -1 	 0.150031 
0.16 	 -0.868 	 -1 	 0.150353 
0.156 	 -0.874 	 -1 	 0.150421 
0.152 	 -0.88 	 -1 	 0.150287 
0.148 	 -0.886 	 -1 	 0.149858 
0.144 	 -0.893 	 -1 	 0.149425 
0.14 	 -0.899 	 -1 	 0.14918 
0.136 	 -0.905 	 -1 	 0.149075 
0.132 	 -0.911 	 -1 	 0.148772 
0.128 	 -0.917 	 -1 	 0.148262 
0.124 	 -0.923 	 -1 	 0.147545 
0.12 	 -0.929 	 -1 	 0.146614 
0.116 	 -0.935 	 -1 	 0.145465 
0.112 	 -0.94 	 -1 	 0.144804 
0.108 	 -0.946 	 -1 	 0.14401 
0.104 	 -0.951 	 -1 	 0.143164 
0.1 	 -0.951057 	 -1 	 0.143152 
0.096 	 -0.962 	 -1 	 0.140681 
0.092 	 -0.967 	 -1 	 0.139265 
0.088 	 -0.972 	 -1 	 0.137659 
0.084 	 -0.977 	 -1 	 0.13585 
0.08 	 -0.982 	 -1 	 0.133838 
0.076 	 -0.987 	 -1 	 0.131979 
0.072 	 -0.992 	 -1 	 0.130025 
0.068 	 -0.997 	 -1 	 0.127801 
0.064 	 -0.999 	 1 	 0.126831 
0.06 	 -1 	 0 	 0.126329 
0.056 	 -1.001 	 0 	 0.125813 
0.052 	 -1.004 	 0 	 0.124193 
0.048 	 -1.009 	 0 	 0.121237 
0.044 	 -1.014 	 0 	 0.117939 
0.04 	 -1.018 	 0 	 0.114413 
0.036 	 -1.024 	 0 	 0.110879 
0.032 	 -1.028 	 0 	 0.105907 
0.028 	 -1.034 	 0 	 0.100725 
0.024 	 -1.039 	 0 	 0.0951958 
0.02 	 -1.044 	 0 	 0.088079 
0.016 	 -1.05 	 0 	 0.0805852 
0.012 	 -1.056 	 0 	 0.0706808 
0.008 	 -1.062 	 0 	 0.0585503 
0.004 	 -1.068 	 0 	 0.0423409 

0.5 	 0 	 -1 	 0.117125 
0.504 	 0.013 	 -1 	 0.116986 
0.508 	 0.025 	 -1 	 0.116473 
0.512 	 0.037 	 -1 	 0.116519 
0.516 	 0.05 	 -1 	 0.117065 
0.52 	 0.062 	 -1 	 0.117283 
0.524 	 0.075 	 -1 	 0.117169 
0.528 	 0.087 	 -1 	 0.116758 
0.532 	 0.1 	 -1 	 0.116917 
0.536 	 0.112 	 -1 	 0.117488 
0.54 	 0.125 	 -1 	 0.117783 
0.544 	 0.137 	 -1 	 0.117717 
0.548 	 0.149 	 -1 	 0.117348 
0.552 	 0.162 	 -1 	 0.117608 
0.556 	 0.174 	 -1 	 0.118259 
0.56 	 0.186 	 -1 	 0.118571 
0.564 	 0.198 	 -1 	 0.118585 
0.568 	 0.211 	 -1 	 0.118242 
0.572 	 0.223 	 -1 	 0.118646 
0.576 	 0.235 	 -1 	 0.11933 
0.58 	 0.247 	 -1 	 0.119705 
0.584 	 0.259 	 -1 	 0.119765 
0.588 	 0.271 	 -1 	 0.119509 
0.592 	 0.283 	 -1 	 0.119977 
0.596 	 0.295 	 -1 	 0.12073 
0.6 	 0.307 	 -1 	 0.121164 
0.604 	 0.319 	 -1 	 0.121274 
0.608 	 0.33 	 -1 	 0.121092 
0.612 	 0.342 	 -1 	 0.121646 
0.616 	 0.354 	 -1 	 0.122465 
0.62 	 0.365 	 -1 	 0.122928 
0.624 	 0.377 	 -1 	 0.12311 
0.628 	 0.388 	 -1 	 0.122985 
0.632 	 0.4 	 -1 	 0.123671 
0.636 	 0.411 	 -1 	 0.124489 
0.64 	 0.422 	 -1 	 0.125016 
0.644 	 0.433 	 -1 	 0.125243 
0.648 	 0.445 	 -1 	 0.125187 
0.652 	 0.456 	 -1 	 0.125978 
0.656 	 0.467 	 -1 	 0.126859 
0.66 	 0.478 	 -1 	 0.127415 
0.664 	 0.488 	 -1 	 0.127712 
0.668 	 0.499 	 -1 	 0.127706 
0.672 	 0.51 	 -1 	 0.12858 
0.676 	 0.52 	 -1 	 0.12946 
0.68 	 0.531 	 -1 	 0.130123 
0.684 	 0.541 	 -1 	 0.130451 
0.688 	 0.552 	 -1 	 0.130534 
0.692 	 0.562 	 -1 	 0.131464 
0.696 	 0.572 	 -1 	 0.132395 
0.7 	 0.582 	 -1 	 0.133054 
0.704 	 0.592 	 -1 	 0.133438 
0.708 	 0.602 	 -1 	 0.13352 
0.712 	 0.611 	 -1 	 0.134482 
0.716 	 0.621 	 -1 	 0.135488 
0.72 	 0.63 	 -1 	 0.136186 
0.724 	 0.64 	 -1 	 0.136608 
0.728 	 0.649 	 -1 	 0.136761 
0.732 	 0.658 	 -1 	 0.137691 
0.736 	 0.667 	 -1 	 0.138717 
0.74 	 0.676 	 -1 	 0.13942 
0.744 	 0.685 	 -1 	 0.139855 
0.748 	 0.694 	 -1 	 0.140054 
0.752 	 0.703 	 -1 	 0.140999 
0.756 	 0.711 	 -1 	 0.141898 
0.76 	 0.72 	 -1 	 0.142642 
0.764 	 0.728 	 -1 	 0.14307 
0.768 	 0.736 	 -1 	 0.14327 
0.772 	 0.744 	 -1 	 0.14407 
0.776 	 0.752 	 -1 	 0.144962 
0.78 	 0.76 	 -1 	 0.145582 
0.784 	 0.768 	 -1 	 0.146013 
0.788 	 0.776 	 -1 	 0.146202 
0.792 	 0.783 	 -1 	 0.146733 
0.796 	 0.791 	 -1 	 0.147528 
0.8 	 0.798 	 -1 	 0.148105 
0.804 	 0.806 	 -1 	 0.148462 
0.808 	 0.813 	 -1 	 0.148576 
0.812 	 0.82 	 -1 	 0.148652 
0.816 	 0.827 	 -1 	 0.149346 
0.82 	 0.834 	 -1 	 0.149814 
0.824 	 0.841 	 -1 	 0.150055 
0.828 	 0.848 	 -1 	 0.150065 
0.832 	 0.855 	 -1 	 0.149894 
0.836 	 0.861 	 -1 	 0.15004 
0.84 	 0.868 	 -1 	 0.150349 
0.844 	 0.874 	 -1 	 0.150423 
0.848 	 0.88 	 -1 	 0.15027 
0.852 	 0.887 	 -1 	 0.14995 
0.856 	 0.893 	 -1 	 0.149425 
0.86 	 0.899 	 -1 	 0.149179 
0.864 	 0.905 	 -1 	 0.149078 
0.868 	 0.911 	 -1 	 0.148774 
0.872 	 0.917 	 -1 	 0.148263 
0.876 	 0.923 	 -1 	 0.147544 
0.88 	 0.929 	 -1 	 0.146613 
0.884 	 0.935 	 -1 	 0.145468 
0.888 	 0.94 	 -1 	 0.144806 
0.892 	 0.946 	 -1 	 0.144009 
0.896 	 0.951 	 -1 	 0.143162 
0.9 	 0.957 	 -1 	 0.141914 
0.904 	 0.962 	 -1 	 0.140682 
0.908 	 0.967 	 -1 	 0.139268 
0.912 	 0.972 	 -1 	 0.137661 
0.916 	 0.977 	 -1 	 0.135849 
0.92 	 0.982 	 -1 	 0.133838 
0.924 	 0.987 	 -1 	 0.131977 
0.928 	 0.992 	 -1 	 0.130027 
0.932 	 0.997 	 -1 	 0.127804 
0.936 	 0.999 	 -1 	 0.12683 
0.94 	 1 	 0 	 0.126327 
0.944 	 1.001 	 0 	 0.125812 
0.948 	 1.004 	 0 	 0.124191 
0.952 	 1.009 	 0 	 0.121235 
0.956 	 1.014 	 0 	 0.117953 
0.96 	 1.019 	 0 	 0.114927 
0.964 	 1.024 	 0 	 0.110918 
0.968 	 1.029 	 0 	 0.106474 
0.972 	 1.034 	 0 	 0.100727 
0.976 	 1.039 	 0 	 0.0951847 
0.98 	 1.044 	 0 	 0.0880664 
0.984 	 1.05 	 0 	 0.0806189 
0.988 	 1.056 	 0 	 0.0706735 
0.992 	 1.062 	 0 	 0.0585518 
0.996 	 1.068 	 0 	 0.0423405 
