fill 	 mu 	 E0 	 CS1 
0 	 -3 	 -5.79908e-20 	 0 
0.005 	 -2.429 	 -0.000102182 	 0 
0.01 	 -2.389 	 -0.000401282 	 0 
0.015 	 -2.35 	 -0.000886095 	 0 
0.02 	 -2.312 	 -0.00154428 	 0 
0.025 	 -2.276 	 -0.00236756 	 0 
0.03 	 -2.241 	 -0.00333543 	 0 
0.035 	 -2.206 	 -0.00445399 	 0 
0.04 	 -2.174 	 -0.00568165 	 0 
0.045 	 -2.141 	 -0.00706893 	 0 
0.05 	 -2.11 	 -0.00854237 	 0 
0.055 	 -2.079 	 -0.0101677 	 0 
0.06 	 -2.049 	 -0.0118926 	 0 
0.065 	 -2.019 	 -0.0137672 	 0 
0.07 	 -2.001 	 -0.0149647 	 0 
0.075 	 -2 	 -0.015035 	 0 
0.08 	 -1.989 	 -0.0159051 	 -1 
0.085 	 -1.96 	 -0.0182998 	 -1 
0.09 	 -1.929 	 -0.0210098 	 -1 
0.095 	 -1.899 	 -0.0237797 	 -1 
0.1 	 -1.868 	 -0.0268088 	 -1 
0.105 	 -1.836 	 -0.0300837 	 -1 
0.11 	 -1.803 	 -0.0336343 	 -1 
0.115 	 -1.77 	 -0.0373429 	 -1 
0.12 	 -1.736 	 -0.0413441 	 -1 
0.125 	 -1.702 	 -0.0455088 	 -1 
0.13 	 -1.667 	 -0.0499719 	 -1 
0.135 	 -1.631 	 -0.0547386 	 -1 
0.14 	 -1.595 	 -0.0596863 	 -1 
0.145 	 -1.558 	 -0.0649609 	 -1 
0.15 	 -1.522 	 -0.0702776 	 -1 
0.155 	 -1.484 	 -0.0760666 	 -1 
0.16 	 -1.447 	 -0.0818935 	 -1 
0.165 	 -1.409 	 -0.0880685 	 -1 
0.17 	 -1.371 	 -0.0944333 	 -1 
0.175 	 -1.333 	 -0.100985 	 -1 
0.18 	 -1.295 	 -0.107733 	 -1 
0.185 	 -1.256 	 -0.114848 	 -1 
0.19 	 -1.218 	 -0.121974 	 -1 
0.195 	 -1.179 	 -0.129483 	 -1 
0.2 	 -1.141 	 -0.136984 	 -1 
0.205 	 -1.103 	 -0.144683 	 -1 
0.21 	 -1.065 	 -0.15257 	 -1 
0.215 	 -1.027 	 -0.160641 	 -1 
0.22 	 -0.989 	 -0.168904 	 -1 
0.225 	 -0.953 	 -0.176919 	 -1 
0.23 	 -0.917 	 -0.185105 	 -1 
0.235 	 -0.882 	 -0.193245 	 -1 
0.24 	 -0.849 	 -0.201087 	 -1 
0.245 	 -0.817 	 -0.208842 	 -1 
0.25 	 -0.787 	 -0.216253 	 -1 
0.255 	 -0.759 	 -0.223319 	 -1 
0.26 	 -0.734 	 -0.229761 	 -1 
0.265 	 -0.712 	 -0.235577 	 -1 
0.27 	 -0.689 	 -0.241724 	 -1 
0.275 	 -0.67 	 -0.246967 	 -1 
0.28 	 -0.649 	 -0.252789 	 -1 
0.285 	 -0.63 	 -0.258174 	 -1 
0.29 	 -0.61 	 -0.263916 	 -1 
0.295 	 -0.591 	 -0.269472 	 -1 
0.3 	 -0.573 	 -0.274845 	 -1 
0.305 	 -0.554 	 -0.280585 	 -1 
0.31 	 -0.39 	 -0.322843 	 -1 
0.315 	 -0.381 	 -0.325655 	 1 
0.32 	 -0.366 	 -0.330413 	 1 
0.325 	 -0.35 	 -0.335567 	 1 
0.33 	 -0.334 	 -0.340812 	 1 
0.335 	 -0.317 	 -0.346457 	 1 
0.34 	 -0.301 	 -0.351863 	 1 
0.345 	 -0.284 	 -0.357683 	 1 
0.35 	 -0.267 	 -0.363589 	 1 
0.355 	 -0.25 	 -0.369581 	 1 
0.36 	 -0.234 	 -0.375301 	 1 
0.365 	 -0.217 	 -0.381462 	 1 
0.37 	 -0.2 	 -0.387704 	 1 
0.375 	 -0.184 	 -0.393672 	 1 
0.38 	 -0.168 	 -0.399712 	 1 
0.385 	 -0.152 	 -0.405831 	 1 
0.39 	 -0.136 	 -0.412029 	 1 
0.395 	 -0.12 	 -0.418308 	 1 
0.4 	 -0.104 	 -0.424667 	 1 
0.405 	 -0.088 	 -0.431108 	 1 
0.41 	 -0.073 	 -0.43722 	 1 
0.415 	 -0.057 	 -0.443819 	 1 
0.42 	 -0.042 	 -0.450081 	 1 
0.425 	 -0.026 	 -0.45684 	 1 
0.43 	 -0.011 	 -0.463252 	 1 
0.435 	 -0.001 	 -0.467567 	 1 
0.44 	 0 	 -0.468 	 1 
0.445 	 0.005 	 -0.470222 	 2 
0.45 	 0.02 	 -0.476935 	 2 
0.455 	 0.035 	 -0.483721 	 2 
0.46 	 0.051 	 -0.491041 	 2 
0.465 	 0.066 	 -0.497979 	 2 
0.47 	 0.082 	 -0.505446 	 2 
0.475 	 0.097 	 -0.512548 	 2 
0.48 	 0.112 	 -0.519712 	 2 
0.485 	 0.128 	 -0.527429 	 2 
0.49 	 0.144 	 -0.535228 	 2 
0.495 	 0.159 	 -0.542618 	 2 
0.5 	 0.175 	 -0.550578 	 2 
0.505 	 0.191 	 -0.558617 	 2 
0.51 	 0.206 	 -0.566231 	 2 
0.515 	 0.222 	 -0.57443 	 2 
0.52 	 0.238 	 -0.582709 	 2 
0.525 	 0.254 	 -0.591069 	 2 
0.53 	 0.27 	 -0.599509 	 2 
0.535 	 0.286 	 -0.608029 	 2 
0.54 	 0.302 	 -0.616629 	 2 
0.545 	 0.318 	 -0.625309 	 2 
0.55 	 0.334 	 -0.634069 	 2 
0.555 	 0.35 	 -0.642909 	 2 
0.56 	 0.366 	 -0.651828 	 2 
0.565 	 0.382 	 -0.660826 	 2 
0.57 	 0.399 	 -0.670472 	 2 
0.575 	 0.414 	 -0.67904 	 2 
0.58 	 0.431 	 -0.688877 	 2 
0.585 	 0.447 	 -0.698198 	 2 
0.59 	 0.463 	 -0.707599 	 2 
0.595 	 0.479 	 -0.717078 	 2 
0.6 	 0.495 	 -0.726638 	 2 
0.605 	 0.511 	 -0.736276 	 2 
0.61 	 0.527 	 -0.745994 	 2 
0.615 	 0.543 	 -0.755792 	 2 
0.62 	 0.559 	 -0.76567 	 2 
0.625 	 0.575 	 -0.775628 	 2 
0.63 	 0.591 	 -0.785665 	 2 
0.635 	 0.607 	 -0.795783 	 2 
0.64 	 0.623 	 -0.805982 	 2 
0.645 	 0.639 	 -0.816261 	 0 
0.65 	 0.655 	 -0.82662 	 0 
0.655 	 0.671 	 -0.837063 	 0 
0.66 	 0.686 	 -0.846924 	 2 
0.665 	 0.592 	 -0.838583 	 0 
0.67 	 0.611 	 -0.851267 	 0 
0.675 	 0.629 	 -0.863369 	 0 
0.68 	 0.648 	 -0.876241 	 0 
0.685 	 0.667 	 -0.889206 	 0 
0.69 	 0.686 	 -0.902266 	 0 
0.695 	 0.705 	 -0.915416 	 0 
0.7 	 0.725 	 -0.929374 	 0 
0.705 	 0.744 	 -0.942719 	 0 
0.71 	 0.764 	 -0.956873 	 0 
0.715 	 0.783 	 -0.970407 	 0 
0.72 	 0.803 	 -0.984757 	 0 
0.725 	 0.823 	 -0.999206 	 0 
0.73 	 0.843 	 -1.01376 	 0 
0.735 	 0.863 	 -1.0284 	 0 
0.74 	 0.884 	 -1.04389 	 0 
0.745 	 0.904 	 -1.05874 	 0 
0.75 	 0.925 	 -1.07444 	 0 
0.755 	 0.945 	 -1.08949 	 0 
0.76 	 0.966 	 -1.1054 	 0 
0.765 	 0.987 	 -1.12141 	 0 
0.77 	 1.008 	 -1.13752 	 0 
0.775 	 1.03 	 -1.15453 	 0 
0.78 	 1.051 	 -1.17085 	 0 
0.785 	 1.073 	 -1.18806 	 0 
0.79 	 1.094 	 -1.20457 	 0 
0.795 	 1.117 	 -1.22286 	 0 
0.8 	 1.139 	 -1.24038 	 0 
0.805 	 1.161 	 -1.25803 	 0 
0.81 	 1.183 	 -1.2758 	 0 
0.815 	 1.206 	 -1.29449 	 0 
0.82 	 1.229 	 -1.31329 	 0 
0.825 	 1.252 	 -1.3322 	 0 
0.83 	 1.275 	 -1.35124 	 0 
0.835 	 1.298 	 -1.37035 	 0 
0.84 	 1.322 	 -1.39048 	 0 
0.845 	 1.346 	 -1.4107 	 0 
0.85 	 1.37 	 -1.43104 	 0 
0.855 	 1.394 	 -1.4515 	 0 
0.86 	 1.419 	 -1.47294 	 0 
0.865 	 1.444 	 -1.49454 	 0 
0.87 	 1.469 	 -1.51623 	 0 
0.875 	 1.494 	 -1.53801 	 0 
0.88 	 1.519 	 -1.55995 	 0 
0.885 	 1.545 	 -1.58289 	 0 
0.89 	 1.571 	 -1.60597 	 0 
0.895 	 1.598 	 -1.6301 	 0 
0.9 	 1.624 	 -1.6534 	 0 
0.905 	 1.651 	 -1.67777 	 0 
0.91 	 1.679 	 -1.70321 	 0 
0.915 	 1.706 	 -1.72782 	 0 
0.92 	 1.734 	 -1.75351 	 0 
0.925 	 1.763 	 -1.78029 	 0 
0.93 	 1.791 	 -1.80623 	 0 
0.935 	 1.82 	 -1.83327 	 0 
0.94 	 1.85 	 -1.8614 	 0 
0.945 	 1.88 	 -1.88968 	 0 
0.95 	 1.91 	 -1.9181 	 0 
0.955 	 1.941 	 -1.94763 	 0 
0.96 	 1.973 	 -1.97829 	 0 
0.965 	 2.004 	 -2.00811 	 0 
0.97 	 2.036 	 -2.03905 	 0 
0.975 	 2.07 	 -2.07215 	 0 
0.98 	 2.103 	 -2.10439 	 0 
0.985 	 2.137 	 -2.13779 	 0 
0.99 	 2.172 	 -2.17236 	 0 
0.995 	 2.208 	 -2.20809 	 0 
