(nBaB^3)^(1/3) = 0.01, (nBaBF^3)^(1/3) = 0.1, mB/mF = 0.175, nB/nF^3 = 100, kF*aB = 0.00676836, kF*aBF = 0.0676836, (mF/mB)^2*nB/nF^3*kF*aB = 22.1008 

 
0 	 1.818 	 0.279949 	 0.9811 	 9 
0.001 	 1.818 	 0.280065 	 0.9811 	 0 
0.0011 	 1.818 	 0.280122 	 0.9811 	 0 
0.0012 	 1.818 	 0.28015 	 0.9811 	 0 
0.0013 	 1.818 	 0.280164 	 0.9811 	 0 
0.0014 	 1.818 	 0.280171 	 0.9811 	 0 
0.0015 	 1.818 	 0.280174 	 0.9811 	 0 
0.0016 	 1.818 	 0.280176 	 0.9811 	 0 
0.0017 	 1.818 	 0.280177 	 0.9811 	 0 
0.0018 	 1.818 	 0.280177 	 0.9811 	 0 
0.0019 	 1.818 	 0.280177 	 0.9811 	 0 
0.002 	 1.818 	 0.280177 	 0.9811 	 0 
0.0021 	 1.818 	 0.280177 	 0.9811 	 0 
0.0022 	 1.818 	 0.280177 	 0.9811 	 0 
0.0023 	 1.818 	 0.280177 	 0.9811 	 0 
0.0024 	 1.818 	 0.280177 	 0.9811 	 0 
0.0025 	 1.818 	 0.280177 	 0.9811 	 0 
0.0026 	 1.818 	 0.280177 	 0.9811 	 0 
0.0027 	 1.818 	 0.280177 	 0.9811 	 0 
0.0028 	 1.818 	 0.280177 	 0.9811 	 0 
0.0029 	 1.818 	 0.280177 	 0.9811 	 0 
0.003 	 1.818 	 0.280177 	 0.9811 	 0 
0.0031 	 1.818 	 0.280177 	 0.9811 	 0 
0.0032 	 1.818 	 0.280177 	 0.9811 	 0 
0.0033 	 1.818 	 0.280177 	 0.9811 	 0 
0.0034 	 1.818 	 0.280177 	 0.9811 	 0 
0.0035 	 1.818 	 0.280177 	 0.9811 	 0 
0.0036 	 1.818 	 0.280177 	 0.9811 	 0 
0.0037 	 1.818 	 0.280177 	 0.9811 	 0 
0.0038 	 1.818 	 0.280177 	 0.9811 	 0 
0.0039 	 1.818 	 0.280177 	 0.9811 	 0 
0.004 	 1.818 	 0.280177 	 0.9811 	 0 
0.0041 	 1.818 	 0.280177 	 0.9811 	 0 
0.0042 	 1.818 	 0.280177 	 0.9811 	 0 
0.0043 	 1.818 	 0.280177 	 0.9811 	 0 
0.0044 	 1.818 	 0.280177 	 0.9811 	 0 
0.0045 	 1.818 	 0.280177 	 0.9811 	 0 
0.0046 	 1.818 	 0.280177 	 0.9811 	 0 
0.0047 	 1.818 	 0.280177 	 0.9811 	 0 
0.0048 	 1.818 	 0.280177 	 0.9811 	 0 
0.0049 	 1.818 	 0.280177 	 0.9811 	 0 
0.005 	 1.818 	 0.280177 	 0.9811 	 0 
0.0051 	 1.818 	 0.280177 	 0.9811 	 0 
0.0052 	 1.818 	 0.280177 	 0.9811 	 0 
0.0053 	 1.818 	 0.280177 	 0.9811 	 0 
0.0054 	 1.818 	 0.280177 	 0.9811 	 0 
0.0055 	 1.818 	 0.280177 	 0.9811 	 0 
0.0056 	 1.818 	 0.280177 	 0.9811 	 0 
0.0057 	 1.818 	 0.280177 	 0.9811 	 0 
0.0058 	 1.818 	 0.280177 	 0.9811 	 0 
0.0059 	 1.818 	 0.280177 	 0.9811 	 0 
0.006 	 1.818 	 0.280177 	 0.9811 	 0 
0.0061 	 1.818 	 0.280177 	 0.9811 	 0 
0.0062 	 1.818 	 0.280177 	 0.9811 	 0 
0.0063 	 1.818 	 0.280177 	 0.9811 	 0 
0.0064 	 1.818 	 0.280177 	 0.9811 	 0 
0.0065 	 1.818 	 0.280177 	 0.9811 	 0 
0.0066 	 1.818 	 0.280177 	 0.9811 	 0 
0.0067 	 1.818 	 0.280177 	 0.9811 	 0 
0.0068 	 1.818 	 0.280177 	 0.9811 	 0 
0.0069 	 1.818 	 0.280177 	 0.9811 	 0 
0.007 	 1.818 	 0.280177 	 0.9811 	 0 
0.0071 	 1.818 	 0.280177 	 0.9811 	 0 
0.0072 	 1.818 	 0.280177 	 0.9811 	 0 
0.0073 	 1.818 	 0.280177 	 0.9811 	 0 
0.0074 	 1.818 	 0.280177 	 0.9811 	 0 
0.0075 	 1.818 	 0.280177 	 0.9811 	 0 
0.0076 	 1.818 	 0.280177 	 0.9811 	 0 
0.0077 	 1.818 	 0.280177 	 0.9811 	 0 
0.0078 	 1.818 	 0.280177 	 0.9811 	 0 
0.0079 	 1.818 	 0.280177 	 0.9811 	 0 
0.008 	 1.818 	 0.280177 	 0.9811 	 0 
0.0081 	 1.818 	 0.280177 	 0.9811 	 0 
0.0082 	 1.818 	 0.280177 	 0.9811 	 0 
0.0083 	 1.818 	 0.280177 	 0.9811 	 0 
0.0084 	 1.818 	 0.280177 	 0.9811 	 0 
0.0085 	 1.818 	 0.280177 	 0.9811 	 0 
0.0086 	 1.818 	 0.280177 	 0.9811 	 0 
0.0087 	 1.818 	 0.280177 	 0.9811 	 0 
0.0088 	 1.818 	 0.280177 	 0.9811 	 0 
0.0089 	 1.818 	 0.280177 	 0.9811 	 0 
0.009 	 1.818 	 0.280177 	 0.9811 	 0 
0.0091 	 1.818 	 0.280177 	 0.9811 	 0 
0.0092 	 1.818 	 0.280177 	 0.9811 	 0 
0.0093 	 1.818 	 0.280177 	 0.9811 	 0 
0.0094 	 1.818 	 0.280177 	 0.9811 	 0 
0.0095 	 1.818 	 0.280177 	 0.9811 	 0 
0.0096 	 1.818 	 0.280177 	 0.9811 	 0 
0.0097 	 1.818 	 0.280177 	 0.9811 	 0 
0.0098 	 1.818 	 0.280177 	 0.9811 	 0 
0.0099 	 1.818 	 0.280177 	 0.9811 	 0 
0.01 	 1.818 	 0.280177 	 0.9811 	 0 
0.0101 	 1.818 	 0.280177 	 0.9811 	 0 
0.0102 	 1.818 	 0.280177 	 0.9811 	 0 
0.0103 	 1.818 	 0.280177 	 0.9811 	 0 
0.0104 	 1.818 	 0.280177 	 0.9811 	 0 
0.0105 	 1.818 	 0.280177 	 0.9811 	 0 
0.0106 	 1.818 	 0.280177 	 0.9811 	 0 
0.0107 	 1.818 	 0.280177 	 0.9811 	 0 
0.0108 	 1.818 	 0.280177 	 0.9811 	 0 
0.0109 	 1.818 	 0.280177 	 0.9811 	 0 
0.011 	 1.818 	 0.280177 	 0.9811 	 0 
0.0111 	 1.818 	 0.280177 	 0.9811 	 0 
0.0112 	 1.818 	 0.280177 	 0.9811 	 0 
0.0113 	 1.818 	 0.280177 	 0.9811 	 0 
0.0114 	 1.818 	 0.280177 	 0.9811 	 0 
0.0115 	 1.818 	 0.280177 	 0.9811 	 0 
0.0116 	 1.818 	 0.280177 	 0.9811 	 0 
0.0117 	 1.818 	 0.280177 	 0.9811 	 0 
0.0118 	 1.818 	 0.280177 	 0.9811 	 0 
0.0119 	 1.818 	 0.280177 	 0.9811 	 0 
0.012 	 1.818 	 0.280177 	 0.9811 	 0 
0.0121 	 1.818 	 0.280177 	 0.9811 	 0 
0.0122 	 1.818 	 0.280177 	 0.9811 	 0 
0.0123 	 1.818 	 0.280177 	 0.9811 	 0 
0.0124 	 1.818 	 0.280177 	 0.9811 	 0 
0.0125 	 1.818 	 0.280177 	 0.9811 	 0 
0.0126 	 1.818 	 0.280177 	 0.9811 	 0 
0.0127 	 1.818 	 0.280177 	 0.9811 	 0 
0.0128 	 1.818 	 0.280177 	 0.9811 	 0 
0.0129 	 1.818 	 0.280177 	 0.9811 	 0 
0.013 	 1.818 	 0.280177 	 0.9811 	 0 
0.0131 	 1.818 	 0.280177 	 0.9811 	 0 
0.0132 	 1.818 	 0.280177 	 0.9811 	 0 
0.0133 	 1.818 	 0.280177 	 0.9811 	 0 
0.0134 	 1.818 	 0.280177 	 0.9811 	 0 
0.0135 	 1.818 	 0.280177 	 0.9811 	 0 
0.0136 	 1.818 	 0.280177 	 0.9811 	 0 
0.0137 	 1.818 	 0.280177 	 0.9811 	 0 
0.0138 	 1.818 	 0.280177 	 0.9811 	 0 
0.0139 	 1.818 	 0.280177 	 0.9811 	 0 
0.014 	 1.818 	 0.280177 	 0.9811 	 0 
0.0141 	 1.818 	 0.280177 	 0.9811 	 0 
0.0142 	 1.818 	 0.280177 	 0.9811 	 0 
0.0143 	 1.818 	 0.280177 	 0.9811 	 0 
0.0144 	 1.818 	 0.280177 	 0.9811 	 0 
0.0145 	 1.818 	 0.280177 	 0.9811 	 0 
0.0146 	 1.818 	 0.280177 	 0.9811 	 0 
0.0147 	 1.818 	 0.280177 	 0.9811 	 0 
0.0148 	 1.818 	 0.280177 	 0.9811 	 0 
0.0149 	 1.818 	 0.280177 	 0.9811 	 0 
0.015 	 1.818 	 0.280177 	 0.9811 	 0 
0.0151 	 1.818 	 0.280177 	 0.9811 	 0 
0.0152 	 1.818 	 0.280177 	 0.9811 	 0 
0.0153 	 1.818 	 0.280177 	 0.9811 	 0 
0.0154 	 1.818 	 0.280177 	 0.9811 	 0 
0.0155 	 1.818 	 0.280177 	 0.9811 	 0 
0.0156 	 1.818 	 0.280177 	 0.9811 	 0 
0.0157 	 1.818 	 0.280177 	 0.9811 	 0 
0.0158 	 1.818 	 0.280177 	 0.9811 	 0 
0.0159 	 1.818 	 0.280177 	 0.9811 	 0 
0.016 	 1.818 	 0.280177 	 0.9811 	 0 
0.0161 	 1.818 	 0.280177 	 0.9811 	 0 
0.0162 	 1.818 	 0.280177 	 0.9811 	 0 
0.0163 	 1.818 	 0.280177 	 0.9811 	 0 
0.0164 	 1.818 	 0.280177 	 0.9811 	 0 
0.0165 	 1.818 	 0.280177 	 0.9811 	 0 
0.0166 	 1.818 	 0.280177 	 0.9811 	 0 
0.0167 	 1.818 	 0.280177 	 0.9811 	 0 
0.0168 	 1.818 	 0.280177 	 0.9811 	 0 
0.0169 	 1.818 	 0.280177 	 0.9811 	 0 
0.017 	 1.818 	 0.280177 	 0.9811 	 0 
0.0171 	 1.818 	 0.280177 	 0.9811 	 0 
0.0172 	 1.818 	 0.280177 	 0.9811 	 0 
0.0173 	 1.818 	 0.280177 	 0.9811 	 0 
0.0174 	 1.818 	 0.280177 	 0.9811 	 0 
0.0175 	 1.818 	 0.280177 	 0.9811 	 0 
0.0176 	 1.818 	 0.280177 	 0.9811 	 0 
0.0177 	 1.818 	 0.280177 	 0.9811 	 0 
0.0178 	 1.818 	 0.280177 	 0.9811 	 0 
0.0179 	 1.818 	 0.280177 	 0.9811 	 0 
0.018 	 1.818 	 0.280177 	 0.9811 	 0 
0.0181 	 1.818 	 0.280177 	 0.9811 	 0 
0.0182 	 1.818 	 0.280177 	 0.9811 	 0 
0.0183 	 1.818 	 0.280177 	 0.9811 	 0 
0.0184 	 1.818 	 0.280177 	 0.9811 	 0 
0.0185 	 1.818 	 0.280177 	 0.9811 	 0 
0.0186 	 1.818 	 0.280177 	 0.9811 	 0 
0.0187 	 1.818 	 0.280176 	 0.9811 	 0 
0.0188 	 1.818 	 0.280176 	 0.9811 	 0 
0.0189 	 1.818 	 0.280176 	 0.9811 	 0 
0.019 	 1.818 	 0.280176 	 0.9811 	 0 
0.0191 	 1.818 	 0.280176 	 0.9811 	 0 
0.0192 	 1.818 	 0.280176 	 0.9811 	 0 
0.0193 	 1.818 	 0.280176 	 0.9811 	 0 
0.0194 	 1.818 	 0.280176 	 0.9811 	 0 
0.0195 	 1.818 	 0.280176 	 0.9811 	 0 
0.0196 	 1.818 	 0.280176 	 0.9811 	 0 
0.0197 	 1.818 	 0.280176 	 0.9811 	 0 
0.0198 	 1.818 	 0.280175 	 0.9811 	 0 
0.0199 	 1.818 	 0.280175 	 0.9811 	 0 
0.02 	 1.818 	 0.280175 	 0.9811 	 0 
0.0201 	 1.818 	 0.280175 	 0.9811 	 0 
0.0202 	 1.818 	 0.280175 	 0.9811 	 0 
0.0203 	 1.818 	 0.280175 	 0.9811 	 0 
0.0204 	 1.818 	 0.280175 	 0.9811 	 0 
0.0205 	 1.818 	 0.280174 	 0.9811 	 0 
0.0206 	 1.818 	 0.280174 	 0.9811 	 0 
0.0207 	 1.818 	 0.280174 	 0.9811 	 0 
0.0208 	 1.818 	 0.280174 	 0.9811 	 0 
0.0209 	 1.818 	 0.280174 	 0.9811 	 0 
0.021 	 1.818 	 0.280173 	 0.9811 	 0 
0.0211 	 1.818 	 0.280173 	 0.9811 	 0 
0.0212 	 1.818 	 0.280173 	 0.9811 	 0 
0.0213 	 1.818 	 0.280173 	 0.9811 	 0 
0.0214 	 1.818 	 0.280172 	 0.9811 	 0 
0.0215 	 1.818 	 0.280172 	 0.9811 	 0 
0.0216 	 1.818 	 0.280172 	 0.9811 	 0 
0.0217 	 1.818 	 0.280172 	 0.9811 	 0 
0.0218 	 1.818 	 0.280171 	 0.9811 	 0 
0.0219 	 1.818 	 0.280171 	 0.9811 	 0 
0.022 	 1.818 	 0.280171 	 0.9811 	 0 
0.0221 	 1.818 	 0.28017 	 0.9811 	 0 
0.0222 	 1.818 	 0.28017 	 0.9811 	 0 
0.0223 	 1.818 	 0.280169 	 0.9811 	 0 
0.0224 	 1.818 	 0.280169 	 0.9811 	 0 
0.0225 	 1.818 	 0.280169 	 0.9811 	 0 
0.0226 	 1.818 	 0.280168 	 0.9811 	 0 
0.0227 	 1.818 	 0.280168 	 0.9811 	 0 
0.0228 	 1.818 	 0.280167 	 0.9811 	 0 
0.0229 	 1.818 	 0.280167 	 0.9811 	 0 
0.023 	 1.818 	 0.280166 	 0.9811 	 0 
0.0231 	 1.818 	 0.280166 	 0.9811 	 0 
0.0232 	 1.818 	 0.280165 	 0.9811 	 0 
0.0233 	 1.818 	 0.280165 	 0.9811 	 0 
0.0234 	 1.818 	 0.280164 	 0.9811 	 0 
0.0235 	 1.818 	 0.280164 	 0.9811 	 0 
0.0236 	 1.818 	 0.280163 	 0.9811 	 0 
0.0237 	 1.818 	 0.280162 	 0.9811 	 0 
0.0238 	 1.818 	 0.280162 	 0.9811 	 0 
0.0239 	 1.818 	 0.280161 	 0.9811 	 0 
0.024 	 1.818 	 0.28016 	 0.9811 	 0 
0.0241 	 1.818 	 0.28016 	 0.9811 	 0 
0.0242 	 1.818 	 0.280159 	 0.9811 	 0 
0.0243 	 1.818 	 0.280158 	 0.9811 	 0 
0.0244 	 1.818 	 0.280157 	 0.9811 	 0 
0.0245 	 1.818 	 0.280156 	 0.9811 	 0 
0.0246 	 1.818 	 0.280156 	 0.9811 	 0 
0.0247 	 1.818 	 0.280155 	 0.9811 	 0 
0.0248 	 1.818 	 0.280154 	 0.9811 	 0 
0.0249 	 1.818 	 0.280153 	 0.9811 	 0 
0.025 	 1.818 	 0.280152 	 0.9811 	 0 
0.0251 	 1.818 	 0.280151 	 0.9811 	 0 
0.0252 	 1.818 	 0.28015 	 0.9811 	 0 
0.0253 	 1.818 	 0.280149 	 0.9811 	 0 
0.0254 	 1.818 	 0.280148 	 0.9811 	 0 
0.0255 	 1.818 	 0.280146 	 0.9811 	 0 
0.0256 	 1.818 	 0.280145 	 0.9811 	 0 
0.0257 	 1.818 	 0.280144 	 0.9811 	 0 
0.0258 	 1.818 	 0.280143 	 0.9811 	 0 
0.0259 	 1.818 	 0.280142 	 0.9811 	 0 
0.026 	 1.818 	 0.28014 	 0.9811 	 0 
0.0261 	 1.818 	 0.280139 	 0.9811 	 0 
0.0262 	 1.818 	 0.280137 	 0.9811 	 0 
0.0263 	 1.818 	 0.280136 	 0.9811 	 0 
0.0264 	 1.818 	 0.280135 	 0.9811 	 0 
0.0265 	 1.818 	 0.280133 	 0.9811 	 0 
0.0266 	 1.818 	 0.280131 	 0.9811 	 0 
0.0267 	 1.818 	 0.28013 	 0.9811 	 0 
0.0268 	 1.818 	 0.280128 	 0.9811 	 0 
0.0269 	 1.818 	 0.280127 	 0.9811 	 0 
0.027 	 1.818 	 0.280125 	 0.9811 	 0 
0.0271 	 1.818 	 0.280123 	 0.9811 	 0 
0.0272 	 1.818 	 0.280121 	 0.9811 	 0 
0.0273 	 1.818 	 0.280119 	 0.9811 	 0 
0.0274 	 1.818 	 0.280117 	 0.9811 	 0 
0.0275 	 1.818 	 0.280116 	 0.9811 	 0 
0.0276 	 1.818 	 0.280113 	 0.9811 	 0 
0.0277 	 1.818 	 0.280111 	 0.9811 	 0 
0.0278 	 1.818 	 0.280109 	 0.9811 	 0 
0.0279 	 1.818 	 0.280107 	 0.9811 	 0 
0.028 	 1.818 	 0.280105 	 0.9811 	 0 
0.0281 	 1.818 	 0.280103 	 0.9811 	 0 
0.0282 	 1.818 	 0.2801 	 0.9811 	 0 
0.0283 	 1.818 	 0.280098 	 0.9811 	 0 
0.0284 	 1.818 	 0.280095 	 0.9811 	 0 
0.0285 	 1.818 	 0.280093 	 0.9811 	 0 
0.0286 	 1.818 	 0.28009 	 0.9811 	 0 
0.0287 	 1.818 	 0.280088 	 0.9811 	 0 
0.0288 	 1.818 	 0.280085 	 0.9811 	 0 
0.0289 	 1.818 	 0.280082 	 0.9811 	 0 
0.029 	 1.818 	 0.28008 	 0.9811 	 0 
0.0291 	 1.818 	 0.280077 	 0.9811 	 0 
0.0292 	 1.818 	 0.280074 	 0.9811 	 0 
0.0293 	 1.818 	 0.280071 	 0.9811 	 0 
0.0294 	 1.818 	 0.280068 	 0.9811 	 0 
0.0295 	 1.818 	 0.280065 	 0.9811 	 0 
0.0296 	 1.818 	 0.280061 	 0.9811 	 0 
0.0297 	 1.818 	 0.280058 	 0.9811 	 0 
0.0298 	 1.818 	 0.280055 	 0.9811 	 0 
0.0299 	 1.818 	 0.280051 	 0.9811 	 0 
0.03 	 1.818 	 0.280048 	 0.9811 	 0 
0.0301 	 1.818 	 0.280044 	 0.9811 	 0 
0.0302 	 1.818 	 0.280041 	 0.9811 	 0 
0.0303 	 1.818 	 0.280037 	 0.9811 	 0 
0.0304 	 1.818 	 0.280033 	 0.9811 	 0 
0.0305 	 1.818 	 0.280029 	 0.9811 	 0 
0.0306 	 1.818 	 0.280026 	 0.9811 	 0 
0.0307 	 1.818 	 0.280022 	 0.9811 	 0 
0.0308 	 1.818 	 0.280017 	 0.9811 	 0 
0.0309 	 1.818 	 0.280013 	 0.9811 	 0 
0.031 	 1.818 	 0.280009 	 0.9811 	 0 
0.0311 	 1.818 	 0.280005 	 0.9811 	 0 
0.0312 	 1.818 	 0.28 	 0.9811 	 0 
0.0313 	 1.818 	 0.279996 	 0.9811 	 0 
0.0314 	 1.818 	 0.279991 	 0.9811 	 0 
0.0315 	 1.818 	 0.279987 	 0.9811 	 0 
0.0316 	 1.818 	 0.279982 	 0.9811 	 0 
0.0317 	 1.818 	 0.279977 	 0.9811 	 0 
0.0318 	 1.818 	 0.279972 	 0.9811 	 0 
0.0319 	 1.818 	 0.279967 	 0.9811 	 0 
0.032 	 1.818 	 0.279962 	 0.9811 	 0 
0.0321 	 1.818 	 0.279957 	 0.9811 	 0 
0.0322 	 1.818 	 0.279951 	 0.9811 	 0 
0.0323 	 1.818 	 0.279946 	 0.9811 	 0 
0.0324 	 1.818 	 0.27994 	 0.9811 	 0 
0.0325 	 1.818 	 0.279935 	 0.9811 	 0 
0.0326 	 1.818 	 0.279929 	 0.9811 	 0 
0.0327 	 1.818 	 0.279923 	 0.9811 	 0 
0.0328 	 1.818 	 0.279917 	 0.9811 	 0 
0.0329 	 1.818 	 0.279911 	 0.9811 	 0 
0.033 	 1.818 	 0.279905 	 0.9811 	 0 
0.0331 	 1.818 	 0.279899 	 0.9811 	 0 
0.0332 	 1.818 	 0.279893 	 0.9811 	 0 
0.0333 	 1.818 	 0.279886 	 0.9811 	 0 
0.0334 	 1.818 	 0.27988 	 0.9811 	 0 
0.0335 	 1.818 	 0.279873 	 0.9811 	 0 
0.0336 	 1.818 	 0.279867 	 0.9811 	 0 
0.0337 	 1.818 	 0.27986 	 0.9811 	 0 
0.0338 	 1.818 	 0.279853 	 0.9811 	 0 
0.0339 	 1.818 	 0.279846 	 0.9811 	 0 
0.034 	 1.818 	 0.279839 	 0.9811 	 0 
0.0341 	 1.818 	 0.279831 	 0.9811 	 0 
0.0342 	 1.818 	 0.279824 	 0.9811 	 0 
0.0343 	 1.818 	 0.279816 	 0.9811 	 0 
0.0344 	 1.818 	 0.279809 	 0.9811 	 0 
0.0345 	 1.818 	 0.279801 	 0.9811 	 0 
0.0346 	 1.818 	 0.279793 	 0.9811 	 0 
0.0347 	 1.818 	 0.279785 	 0.9811 	 0 
0.0348 	 1.818 	 0.279777 	 0.9811 	 0 
0.0349 	 1.818 	 0.279769 	 0.9811 	 0 
0.035 	 1.818 	 0.27976 	 0.9811 	 0 
0.0351 	 1.818 	 0.279752 	 0.9811 	 0 
0.0352 	 1.818 	 0.279743 	 0.9811 	 0 
0.0353 	 1.818 	 0.279735 	 0.9811 	 0 
0.0354 	 1.818 	 0.279726 	 0.9811 	 0 
0.0355 	 1.818 	 0.279717 	 0.9811 	 0 
0.0356 	 1.818 	 0.279708 	 0.9811 	 0 
0.0357 	 1.818 	 0.279698 	 0.9811 	 0 
0.0358 	 1.818 	 0.279689 	 0.9811 	 0 
0.0359 	 1.818 	 0.279679 	 0.9811 	 0 
0.036 	 1.818 	 0.27967 	 0.9811 	 0 
0.0361 	 1.818 	 0.27966 	 0.9811 	 0 
0.0362 	 1.818 	 0.27965 	 0.9811 	 0 
0.0363 	 1.818 	 0.27964 	 0.9811 	 0 
0.0364 	 1.818 	 0.27963 	 0.9811 	 0 
0.0365 	 1.818 	 0.279619 	 0.9811 	 0 
0.0366 	 1.818 	 0.279609 	 0.9811 	 0 
0.0367 	 1.818 	 0.279598 	 0.9811 	 0 
0.0368 	 1.818 	 0.279588 	 0.9811 	 0 
0.0369 	 1.818 	 0.279577 	 0.9811 	 0 
0.037 	 1.818 	 0.279566 	 0.9811 	 0 
0.0371 	 1.818 	 0.279554 	 0.9811 	 0 
0.0372 	 1.818 	 0.279543 	 0.9811 	 0 
0.0373 	 1.818 	 0.279532 	 0.9814 	 0 
0.0374 	 1.818 	 0.27952 	 0.9814 	 0 
0.0375 	 1.818 	 0.279508 	 0.9814 	 0 
0.0376 	 1.818 	 0.279496 	 0.9814 	 0 
0.0377 	 1.818 	 0.279484 	 0.9814 	 0 
0.0378 	 1.818 	 0.279472 	 0.9814 	 0 
0.0379 	 1.818 	 0.27946 	 0.9814 	 0 
0.038 	 1.818 	 0.279447 	 0.9814 	 0 
0.0381 	 1.818 	 0.279434 	 0.9814 	 0 
0.0382 	 1.818 	 0.279421 	 0.9814 	 0 
0.0383 	 1.818 	 0.279408 	 0.9814 	 0 
0.0384 	 1.818 	 0.279395 	 0.9814 	 0 
0.0385 	 1.818 	 0.279382 	 0.9814 	 0 
0.0386 	 1.818 	 0.279368 	 0.9814 	 0 
0.0387 	 1.818 	 0.279355 	 0.9814 	 0 
0.0388 	 1.818 	 0.279341 	 0.9814 	 0 
0.0389 	 1.818 	 0.279327 	 0.9814 	 0 
0.039 	 1.818 	 0.279313 	 0.9814 	 0 
0.0391 	 1.818 	 0.279298 	 0.9814 	 0 
0.0392 	 1.818 	 0.279284 	 0.9814 	 0 
0.0393 	 1.818 	 0.279269 	 0.9814 	 0 
0.0394 	 1.818 	 0.279254 	 0.9814 	 0 
0.0395 	 1.818 	 0.279239 	 0.9814 	 0 
0.0396 	 1.818 	 0.279224 	 0.9814 	 0 
0.0397 	 1.818 	 0.279209 	 0.9814 	 0 
0.0398 	 1.818 	 0.279193 	 0.9814 	 0 
0.0399 	 1.818 	 0.279178 	 0.9814 	 0 
0.04 	 1.818 	 0.279162 	 0.9814 	 0 
0.0401 	 1.818 	 0.279146 	 0.9814 	 0 
0.0402 	 1.818 	 0.279129 	 0.9814 	 0 
0.0403 	 1.818 	 0.279113 	 0.9814 	 0 
0.0404 	 1.818 	 0.279096 	 0.9814 	 0 
0.0405 	 1.818 	 0.27908 	 0.9814 	 0 
0.0406 	 1.818 	 0.279063 	 0.9814 	 0 
0.0407 	 1.818 	 0.279046 	 0.9814 	 0 
0.0408 	 1.818 	 0.279028 	 0.9814 	 0 
0.0409 	 1.818 	 0.279011 	 0.9814 	 0 
0.041 	 1.818 	 0.278993 	 0.9814 	 0 
0.0411 	 1.818 	 0.278975 	 0.9814 	 0 
0.0412 	 1.818 	 0.278957 	 0.9814 	 0 
0.0413 	 1.818 	 0.278939 	 0.9814 	 0 
0.0414 	 1.818 	 0.278921 	 0.9814 	 0 
0.0415 	 1.818 	 0.278902 	 0.9814 	 0 
0.0416 	 1.818 	 0.278883 	 0.9814 	 0 
0.0417 	 1.818 	 0.278864 	 0.9814 	 0 
0.0418 	 1.818 	 0.278845 	 0.9814 	 0 
0.0419 	 1.818 	 0.278825 	 0.9814 	 0 
0.042 	 1.818 	 0.278806 	 0.9814 	 0 
0.0421 	 1.818 	 0.278786 	 0.9814 	 0 
0.0422 	 1.818 	 0.278766 	 0.9814 	 0 
0.0423 	 1.818 	 0.278746 	 0.9814 	 0 
0.0424 	 1.818 	 0.278725 	 0.9814 	 0 
0.0425 	 1.818 	 0.278705 	 0.9814 	 0 
0.0426 	 1.818 	 0.278684 	 0.9814 	 0 
0.0427 	 1.818 	 0.278663 	 0.9814 	 0 
0.0428 	 1.818 	 0.278642 	 0.9814 	 0 
0.0429 	 1.818 	 0.27862 	 0.9814 	 0 
0.043 	 1.818 	 0.278599 	 0.9814 	 0 
0.0431 	 1.818 	 0.278577 	 0.9814 	 0 
0.0432 	 1.818 	 0.278555 	 0.9814 	 0 
0.0433 	 1.818 	 0.278533 	 0.9814 	 0 
0.0434 	 1.818 	 0.27851 	 0.9814 	 0 
0.0435 	 1.818 	 0.278488 	 0.9814 	 0 
0.0436 	 1.818 	 0.278465 	 0.9814 	 0 
0.0437 	 1.818 	 0.278442 	 0.9814 	 0 
0.0438 	 1.818 	 0.278418 	 0.9814 	 0 
0.0439 	 1.818 	 0.278395 	 0.9814 	 0 
0.044 	 1.818 	 0.278371 	 0.9814 	 0 
0.0441 	 1.818 	 0.278347 	 0.9814 	 0 
0.0442 	 1.818 	 0.278323 	 0.9814 	 0 
0.0443 	 1.818 	 0.278299 	 0.9814 	 0 
0.0444 	 1.818 	 0.278274 	 0.9814 	 0 
0.0445 	 1.818 	 0.278249 	 0.9814 	 0 
0.0446 	 1.818 	 0.278224 	 0.9814 	 0 
0.0447 	 1.818 	 0.278199 	 0.9814 	 0 
0.0448 	 1.818 	 0.278174 	 0.9814 	 0 
0.0449 	 1.818 	 0.278148 	 0.9814 	 0 
0.045 	 1.818 	 0.278122 	 0.9814 	 0 
0.0451 	 1.818 	 0.278096 	 0.9814 	 0 
0.0452 	 1.818 	 0.278069 	 0.9814 	 0 
0.0453 	 1.818 	 0.278043 	 0.9814 	 0 
0.0454 	 1.818 	 0.278016 	 0.9814 	 0 
0.0455 	 1.818 	 0.277989 	 0.9814 	 0 
0.0456 	 1.818 	 0.277962 	 0.9814 	 0 
0.0457 	 1.818 	 0.277934 	 0.9814 	 0 
0.0458 	 1.818 	 0.277906 	 0.9814 	 0 
0.0459 	 1.818 	 0.277878 	 0.9814 	 0 
0.046 	 1.818 	 0.27785 	 0.9814 	 0 
0.0461 	 1.818 	 0.277822 	 0.9814 	 0 
0.0462 	 1.818 	 0.277793 	 0.9814 	 0 
0.0463 	 1.818 	 0.277764 	 0.9814 	 0 
0.0464 	 1.818 	 0.277735 	 0.9814 	 0 
0.0465 	 1.818 	 0.277706 	 0.9814 	 0 
0.0466 	 1.818 	 0.277676 	 0.9814 	 0 
0.0467 	 1.818 	 0.277646 	 0.9814 	 0 
0.0468 	 1.818 	 0.277616 	 0.9814 	 0 
0.0469 	 1.818 	 0.277586 	 0.9814 	 0 
0.047 	 1.818 	 0.277555 	 0.9814 	 0 
0.0471 	 1.818 	 0.277524 	 0.9814 	 0 
0.0472 	 1.818 	 0.277493 	 0.9814 	 0 
0.0473 	 1.818 	 0.277462 	 0.9817 	 0 
0.0474 	 1.818 	 0.27743 	 0.9817 	 0 
0.0475 	 1.818 	 0.277398 	 0.9817 	 0 
0.0476 	 1.818 	 0.277366 	 0.9817 	 0 
0.0477 	 1.818 	 0.277334 	 0.9817 	 0 
0.0478 	 1.818 	 0.277301 	 0.9817 	 0 
0.0479 	 1.818 	 0.277269 	 0.9817 	 0 
0.048 	 1.818 	 0.277236 	 0.9817 	 0 
0.0481 	 1.818 	 0.277202 	 0.9817 	 0 
0.0482 	 1.818 	 0.277169 	 0.9817 	 0 
0.0483 	 1.818 	 0.277135 	 0.9817 	 0 
0.0484 	 1.818 	 0.277101 	 0.9817 	 0 
0.0485 	 1.818 	 0.277066 	 0.9817 	 0 
0.0486 	 1.818 	 0.277032 	 0.9817 	 0 
0.0487 	 1.818 	 0.276997 	 0.9817 	 0 
0.0488 	 1.818 	 0.276962 	 0.9817 	 0 
0.0489 	 1.818 	 0.276927 	 0.9817 	 0 
0.049 	 1.818 	 0.276891 	 0.9817 	 0 
0.0491 	 1.818 	 0.276855 	 0.9817 	 0 
0.0492 	 1.818 	 0.276819 	 0.9817 	 0 
0.0493 	 1.818 	 0.276782 	 0.9817 	 0 
0.0494 	 1.818 	 0.276746 	 0.9817 	 0 
0.0495 	 1.818 	 0.276709 	 0.9817 	 0 
0.0496 	 1.818 	 0.276672 	 0.9817 	 0 
0.0497 	 1.818 	 0.276634 	 0.9817 	 0 
0.0498 	 1.818 	 0.276596 	 0.9817 	 0 
0.0499 	 1.818 	 0.276558 	 0.9817 	 0 
0.05 	 1.818 	 0.27652 	 0.9817 	 0 
0.0501 	 1.818 	 0.276482 	 0.9817 	 0 
0.0502 	 1.818 	 0.276443 	 0.9817 	 0 
0.0503 	 1.818 	 0.276404 	 0.9817 	 0 
0.0504 	 1.818 	 0.276364 	 0.9817 	 0 
0.0505 	 1.818 	 0.276325 	 0.9817 	 0 
0.0506 	 1.818 	 0.276285 	 0.9817 	 0 
0.0507 	 1.818 	 0.276245 	 0.9817 	 0 
0.0508 	 1.818 	 0.276204 	 0.9817 	 0 
0.0509 	 1.818 	 0.276164 	 0.9817 	 0 
0.051 	 1.818 	 0.276123 	 0.9817 	 0 
0.0511 	 1.818 	 0.276081 	 0.9817 	 0 
0.0512 	 1.818 	 0.27604 	 0.9817 	 0 
0.0513 	 1.818 	 0.275998 	 0.9817 	 0 
0.0514 	 1.818 	 0.275956 	 0.9817 	 0 
0.0515 	 1.818 	 0.275913 	 0.9817 	 0 
0.0516 	 1.818 	 0.275871 	 0.9817 	 0 
0.0517 	 1.818 	 0.275828 	 0.9817 	 0 
0.0518 	 1.818 	 0.275785 	 0.9817 	 0 
0.0519 	 1.818 	 0.275741 	 0.9817 	 0 
0.052 	 1.818 	 0.275697 	 0.9817 	 0 
0.0521 	 1.818 	 0.275653 	 0.9817 	 0 
0.0522 	 1.818 	 0.275609 	 0.9817 	 0 
0.0523 	 1.818 	 0.275564 	 0.9817 	 0 
0.0524 	 1.818 	 0.275519 	 0.9817 	 0 
0.0525 	 1.818 	 0.275474 	 0.9817 	 0 
0.0526 	 1.818 	 0.275429 	 0.982 	 0 
0.0527 	 1.818 	 0.275383 	 0.982 	 0 
0.0528 	 1.818 	 0.275337 	 0.982 	 0 
0.0529 	 1.818 	 0.27529 	 0.982 	 0 
0.053 	 1.818 	 0.275244 	 0.982 	 0 
0.0531 	 1.818 	 0.275197 	 0.982 	 0 
0.0532 	 1.818 	 0.275149 	 0.982 	 0 
0.0533 	 1.818 	 0.275102 	 0.982 	 0 
0.0534 	 1.818 	 0.275054 	 0.982 	 0 
0.0535 	 1.818 	 0.275006 	 0.982 	 0 
0.0536 	 1.818 	 0.274957 	 0.982 	 0 
0.0537 	 1.818 	 0.274909 	 0.982 	 0 
0.0538 	 1.818 	 0.27486 	 0.982 	 0 
0.0539 	 1.818 	 0.27481 	 0.982 	 0 
0.054 	 1.818 	 0.274761 	 0.982 	 0 
0.0541 	 1.818 	 0.274711 	 0.982 	 0 
0.0542 	 1.818 	 0.27466 	 0.982 	 0 
0.0543 	 1.818 	 0.27461 	 0.982 	 0 
0.0544 	 1.818 	 0.274559 	 0.982 	 0 
0.0545 	 1.818 	 0.274508 	 0.982 	 0 
0.0546 	 1.818 	 0.274456 	 0.982 	 0 
0.0547 	 1.818 	 0.274405 	 0.982 	 0 
0.0548 	 1.818 	 0.274352 	 0.982 	 0 
0.0549 	 1.818 	 0.2743 	 0.982 	 0 
0.055 	 1.818 	 0.274247 	 0.982 	 0 
0.0551 	 1.818 	 0.274194 	 0.982 	 0 
0.0552 	 1.818 	 0.274141 	 0.982 	 0 
0.0553 	 1.818 	 0.274088 	 0.982 	 0 
0.0554 	 1.818 	 0.274034 	 0.982 	 0 
0.0555 	 1.818 	 0.273979 	 0.982 	 0 
0.0556 	 1.818 	 0.273925 	 0.982 	 0 
0.0557 	 1.818 	 0.27387 	 0.982 	 0 
0.0558 	 1.818 	 0.273815 	 0.982 	 0 
0.0559 	 1.818 	 0.273759 	 0.982 	 0 
0.056 	 1.818 	 0.273703 	 0.982 	 0 
0.0561 	 1.818 	 0.273647 	 0.982 	 0 
0.0562 	 1.818 	 0.273591 	 0.982 	 0 
0.0563 	 1.818 	 0.273534 	 0.982 	 0 
0.0564 	 1.818 	 0.273477 	 0.982 	 0 
0.0565 	 1.818 	 0.273474 	 0.982 	 1 
0.0566 	 1.818 	 0.273474 	 0.982 	 0 
0.0567 	 1.818 	 0.273445 	 0.9823 	 0 
0.0568 	 1.818 	 0.273402 	 0.9823 	 0 
0.0569 	 1.818 	 0.273352 	 0.9823 	 0 
0.057 	 1.818 	 0.273298 	 0.9823 	 0 
0.0571 	 1.818 	 0.273241 	 0.9823 	 0 
0.0572 	 1.818 	 0.273183 	 0.9823 	 0 
0.0573 	 1.818 	 0.273123 	 0.9823 	 0 
0.0574 	 1.818 	 0.273064 	 0.9823 	 0 
0.0575 	 1.818 	 0.273003 	 0.9823 	 0 
0.0576 	 1.818 	 0.272943 	 0.9823 	 0 
0.0577 	 1.818 	 0.272882 	 0.9823 	 0 
0.0578 	 1.818 	 0.27282 	 0.9823 	 0 
0.0579 	 1.818 	 0.272759 	 0.9823 	 0 
0.058 	 1.818 	 0.272696 	 0.9823 	 0 
0.0581 	 1.818 	 0.272634 	 0.9823 	 0 
0.0582 	 1.818 	 0.272571 	 0.9823 	 0 
0.0583 	 1.818 	 0.272508 	 0.9823 	 0 
0.0584 	 1.818 	 0.272445 	 0.9823 	 0 
0.0585 	 1.818 	 0.272381 	 0.9823 	 0 
0.0586 	 1.818 	 0.272317 	 0.9823 	 0 
0.0587 	 1.818 	 0.272252 	 0.9823 	 0 
0.0588 	 1.818 	 0.272188 	 0.9823 	 0 
0.0589 	 1.818 	 0.272123 	 0.9823 	 0 
0.059 	 1.818 	 0.272057 	 0.9823 	 0 
0.0591 	 1.818 	 0.271991 	 0.9823 	 0 
0.0592 	 1.818 	 0.271925 	 0.9823 	 0 
0.0593 	 1.818 	 0.271859 	 0.9823 	 0 
0.0594 	 1.818 	 0.271792 	 0.9823 	 0 
0.0595 	 1.818 	 0.271725 	 0.9823 	 0 
0.0596 	 1.818 	 0.271657 	 0.9823 	 0 
0.0597 	 1.818 	 0.27159 	 0.9823 	 0 
0.0598 	 1.818 	 0.271521 	 0.9823 	 0 
0.0599 	 1.818 	 0.271453 	 0.9826 	 0 
0.06 	 1.818 	 0.271384 	 0.9826 	 0 
0.0601 	 1.818 	 0.271315 	 0.9826 	 0 
0.0602 	 1.818 	 0.271245 	 0.9826 	 0 
0.0603 	 1.818 	 0.271176 	 0.9826 	 0 
0.0604 	 1.818 	 0.271105 	 0.9826 	 0 
0.0605 	 1.818 	 0.271035 	 0.9826 	 0 
0.0606 	 1.818 	 0.270964 	 0.9826 	 0 
0.0607 	 1.818 	 0.270893 	 0.9826 	 0 
0.0608 	 1.818 	 0.270821 	 0.9826 	 0 
0.0609 	 1.818 	 0.270749 	 0.9826 	 0 
0.061 	 1.818 	 0.270677 	 0.9826 	 0 
0.0611 	 1.818 	 0.270604 	 0.9826 	 0 
0.0612 	 1.818 	 0.270531 	 0.9826 	 0 
0.0613 	 1.818 	 0.270457 	 0.9826 	 0 
0.0614 	 1.818 	 0.270384 	 0.9826 	 0 
0.0615 	 1.818 	 0.27031 	 0.9826 	 0 
0.0616 	 1.818 	 0.270235 	 0.9826 	 0 
0.0617 	 1.818 	 0.27016 	 0.9826 	 0 
0.0618 	 1.818 	 0.270085 	 0.9826 	 0 
0.0619 	 1.818 	 0.27001 	 0.9826 	 0 
0.062 	 1.818 	 0.269934 	 0.9826 	 0 
0.0621 	 1.818 	 0.269858 	 0.9826 	 0 
0.0622 	 1.818 	 0.269781 	 0.9826 	 0 
0.0623 	 1.818 	 0.269704 	 0.9826 	 0 
0.0624 	 1.818 	 0.269627 	 0.9826 	 0 
0.0625 	 1.818 	 0.269549 	 0.9826 	 0 
0.0626 	 1.818 	 0.269471 	 0.9829 	 0 
0.0627 	 1.818 	 0.269392 	 0.9829 	 0 
0.0628 	 1.818 	 0.269314 	 0.9829 	 0 
0.0629 	 1.818 	 0.269235 	 0.9829 	 0 
0.063 	 1.818 	 0.269155 	 0.9829 	 0 
0.0631 	 1.818 	 0.269075 	 0.9829 	 0 
0.0632 	 1.818 	 0.268995 	 0.9829 	 0 
0.0633 	 1.818 	 0.268914 	 0.9829 	 0 
0.0634 	 1.818 	 0.268833 	 0.9829 	 0 
0.0635 	 1.818 	 0.268752 	 0.9829 	 0 
0.0636 	 1.818 	 0.26867 	 0.9829 	 0 
0.0637 	 1.818 	 0.268588 	 0.9829 	 0 
0.0638 	 1.818 	 0.268506 	 0.9829 	 0 
0.0639 	 1.818 	 0.268423 	 0.9829 	 0 
0.064 	 1.818 	 0.268339 	 0.9829 	 0 
0.0641 	 1.818 	 0.268256 	 0.9829 	 0 
0.0642 	 1.818 	 0.268172 	 0.9829 	 0 
0.0643 	 1.818 	 0.268088 	 0.9829 	 0 
0.0644 	 1.818 	 0.268003 	 0.9829 	 0 
0.0645 	 1.818 	 0.267918 	 0.9829 	 0 
0.0646 	 1.818 	 0.267832 	 0.9829 	 0 
0.0647 	 1.818 	 0.267746 	 0.9829 	 0 
0.0648 	 1.818 	 0.26766 	 0.9829 	 0 
0.0649 	 1.818 	 0.267574 	 0.9829 	 0 
0.065 	 1.818 	 0.267486 	 0.9832 	 0 
0.0651 	 1.818 	 0.267399 	 0.9832 	 0 
0.0652 	 1.818 	 0.267311 	 0.9832 	 0 
0.0653 	 1.818 	 0.267223 	 0.9832 	 0 
0.0654 	 1.818 	 0.267135 	 0.9832 	 0 
0.0655 	 1.818 	 0.267046 	 0.9832 	 0 
0.0656 	 1.818 	 0.266956 	 0.9832 	 0 
0.0657 	 1.818 	 0.266867 	 0.9832 	 0 
0.0658 	 1.818 	 0.266777 	 0.9832 	 0 
0.0659 	 1.818 	 0.266686 	 0.9832 	 0 
0.066 	 1.818 	 0.266595 	 0.9832 	 0 
0.0661 	 1.818 	 0.266504 	 0.9832 	 0 
0.0662 	 1.818 	 0.266412 	 0.9832 	 0 
0.0663 	 1.818 	 0.26632 	 0.9832 	 0 
0.0664 	 1.818 	 0.266228 	 0.9832 	 0 
0.0665 	 1.818 	 0.266135 	 0.9832 	 0 
0.0666 	 1.818 	 0.266042 	 0.9832 	 0 
0.0667 	 1.818 	 0.265948 	 0.9832 	 0 
0.0668 	 1.818 	 0.265854 	 0.9832 	 0 
0.0669 	 1.818 	 0.26576 	 0.9832 	 0 
0.067 	 1.818 	 0.265665 	 0.9832 	 0 
0.0671 	 1.818 	 0.26557 	 0.9832 	 0 
0.0672 	 1.818 	 0.265509 	 0.9835 	 1 
0.0673 	 1.818 	 0.265483 	 0.9835 	 0 
0.0674 	 1.818 	 0.265425 	 0.9835 	 0 
0.0675 	 1.818 	 0.26535 	 0.9835 	 0 
0.0676 	 1.818 	 0.265266 	 0.9835 	 0 
0.0677 	 1.818 	 0.265176 	 0.9835 	 0 
0.0678 	 1.818 	 0.265082 	 0.9835 	 0 
0.0679 	 1.818 	 0.264986 	 0.9835 	 0 
0.068 	 1.818 	 0.264889 	 0.9835 	 0 
0.0681 	 1.818 	 0.264791 	 0.9835 	 0 
0.0682 	 1.818 	 0.264692 	 0.9835 	 0 
0.0683 	 1.818 	 0.264592 	 0.9835 	 0 
0.0684 	 1.818 	 0.264492 	 0.9835 	 0 
0.0685 	 1.818 	 0.264391 	 0.9835 	 0 
0.0686 	 1.818 	 0.26429 	 0.9835 	 0 
0.0687 	 1.818 	 0.264189 	 0.9835 	 0 
0.0688 	 1.818 	 0.264087 	 0.9835 	 0 
0.0689 	 1.818 	 0.263985 	 0.9835 	 0 
0.069 	 1.818 	 0.263882 	 0.9835 	 0 
0.0691 	 1.818 	 0.263779 	 0.9835 	 0 
0.0692 	 1.818 	 0.263676 	 0.9835 	 0 
0.0693 	 1.818 	 0.263572 	 0.9838 	 0 
0.0694 	 1.818 	 0.263468 	 0.9838 	 0 
0.0695 	 1.818 	 0.263363 	 0.9838 	 0 
0.0696 	 1.818 	 0.263258 	 0.9838 	 0 
0.0697 	 1.818 	 0.263152 	 0.9838 	 0 
0.0698 	 1.818 	 0.263046 	 0.9838 	 0 
0.0699 	 1.818 	 0.26294 	 0.9838 	 0 
0.07 	 1.818 	 0.262833 	 0.9838 	 0 
0.0701 	 1.818 	 0.262726 	 0.9838 	 0 
0.0702 	 1.818 	 0.262618 	 0.9838 	 0 
0.0703 	 1.818 	 0.26251 	 0.9838 	 0 
0.0704 	 1.818 	 0.262401 	 0.9838 	 0 
0.0705 	 1.818 	 0.262292 	 0.9838 	 0 
0.0706 	 1.818 	 0.262183 	 0.9838 	 0 
0.0707 	 1.818 	 0.262073 	 0.9838 	 0 
0.0708 	 1.818 	 0.261963 	 0.9838 	 0 
0.0709 	 1.818 	 0.261852 	 0.9838 	 0 
0.071 	 1.818 	 0.261741 	 0.9838 	 0 
0.0711 	 1.818 	 0.26163 	 0.9841 	 0 
0.0712 	 1.818 	 0.261518 	 0.9841 	 0 
0.0713 	 1.818 	 0.261405 	 0.9841 	 0 
0.0714 	 1.818 	 0.261292 	 0.9841 	 0 
0.0715 	 1.818 	 0.261179 	 0.9841 	 0 
0.0716 	 1.818 	 0.261065 	 0.9841 	 0 
0.0717 	 1.818 	 0.260951 	 0.9841 	 0 
0.0718 	 1.818 	 0.260837 	 0.9841 	 0 
0.0719 	 1.818 	 0.260722 	 0.9841 	 0 
0.072 	 1.818 	 0.260606 	 0.9841 	 0 
0.0721 	 1.818 	 0.260491 	 0.9841 	 0 
0.0722 	 1.818 	 0.260374 	 0.9841 	 0 
0.0723 	 1.818 	 0.260257 	 0.9841 	 0 
0.0724 	 1.818 	 0.26014 	 0.9841 	 0 
0.0725 	 1.818 	 0.260023 	 0.9841 	 0 
0.0726 	 1.818 	 0.259905 	 0.9841 	 0 
0.0727 	 1.818 	 0.259786 	 0.9841 	 0 
0.0728 	 1.818 	 0.259667 	 0.9844 	 0 
0.0729 	 1.818 	 0.259548 	 0.9844 	 0 
0.073 	 1.818 	 0.259428 	 0.9844 	 0 
0.0731 	 1.818 	 0.259308 	 0.9844 	 0 
0.0732 	 1.818 	 0.259187 	 0.9844 	 0 
0.0733 	 1.818 	 0.259066 	 0.9844 	 0 
0.0734 	 1.818 	 0.258944 	 0.9844 	 0 
0.0735 	 1.818 	 0.258822 	 0.9844 	 0 
0.0736 	 1.818 	 0.258699 	 0.9844 	 0 
0.0737 	 1.818 	 0.258576 	 0.9844 	 0 
0.0738 	 1.818 	 0.258453 	 0.9844 	 0 
0.0739 	 1.818 	 0.258329 	 0.9844 	 0 
0.074 	 1.818 	 0.258205 	 0.9844 	 0 
0.0741 	 1.818 	 0.25808 	 0.9844 	 0 
0.0742 	 1.818 	 0.257955 	 0.9844 	 0 
0.0743 	 1.818 	 0.257829 	 0.9844 	 0 
0.0744 	 1.818 	 0.257719 	 0.9844 	 1 
0.0745 	 1.818 	 0.257673 	 0.9847 	 0 
0.0746 	 1.818 	 0.257592 	 0.9847 	 0 
0.0747 	 1.818 	 0.257492 	 0.9847 	 0 
0.0748 	 1.818 	 0.257381 	 0.9847 	 0 
0.0749 	 1.818 	 0.257263 	 0.9847 	 0 
0.075 	 1.818 	 0.25714 	 0.9847 	 0 
0.0751 	 1.818 	 0.257015 	 0.9847 	 0 
0.0752 	 1.818 	 0.256887 	 0.9847 	 0 
0.0753 	 1.818 	 0.256758 	 0.9847 	 0 
0.0754 	 1.818 	 0.256629 	 0.9847 	 0 
0.0755 	 1.818 	 0.256498 	 0.9847 	 0 
0.0756 	 1.818 	 0.256367 	 0.9847 	 0 
0.0757 	 1.818 	 0.256235 	 0.9847 	 0 
0.0758 	 1.818 	 0.256103 	 0.9847 	 0 
0.0759 	 1.818 	 0.25597 	 0.9847 	 0 
0.076 	 1.818 	 0.255837 	 0.9847 	 0 
0.0761 	 1.818 	 0.255703 	 0.985 	 0 
0.0762 	 1.818 	 0.255569 	 0.985 	 0 
0.0763 	 1.818 	 0.255434 	 0.985 	 0 
0.0764 	 1.818 	 0.255299 	 0.985 	 0 
0.0765 	 1.818 	 0.255163 	 0.985 	 0 
0.0766 	 1.818 	 0.255027 	 0.985 	 0 
0.0767 	 1.818 	 0.25489 	 0.985 	 0 
0.0768 	 1.818 	 0.254753 	 0.985 	 0 
0.0769 	 1.818 	 0.254615 	 0.985 	 0 
0.077 	 1.818 	 0.254477 	 0.985 	 0 
0.0771 	 1.818 	 0.254338 	 0.985 	 0 
0.0772 	 1.818 	 0.254199 	 0.985 	 0 
0.0773 	 1.818 	 0.254059 	 0.985 	 0 
0.0774 	 1.818 	 0.253919 	 0.985 	 0 
0.0775 	 1.818 	 0.253779 	 0.9853 	 0 
0.0776 	 1.818 	 0.253638 	 0.9853 	 0 
0.0777 	 1.818 	 0.253496 	 0.9853 	 0 
0.0778 	 1.818 	 0.253354 	 0.9853 	 0 
0.0779 	 1.818 	 0.253211 	 0.9853 	 0 
0.078 	 1.818 	 0.253068 	 0.9853 	 0 
0.0781 	 1.818 	 0.252925 	 0.9853 	 0 
0.0782 	 1.818 	 0.252781 	 0.9853 	 0 
0.0783 	 1.818 	 0.252636 	 0.9853 	 0 
0.0784 	 1.818 	 0.252491 	 0.9853 	 0 
0.0785 	 1.818 	 0.252346 	 0.9853 	 0 
0.0786 	 1.818 	 0.2522 	 0.9853 	 0 
0.0787 	 1.818 	 0.252053 	 0.9853 	 0 
0.0788 	 1.818 	 0.251906 	 0.9853 	 0 
0.0789 	 1.818 	 0.251758 	 0.9856 	 0 
0.079 	 1.818 	 0.25161 	 0.9856 	 0 
0.0791 	 1.818 	 0.251462 	 0.9856 	 0 
0.0792 	 1.818 	 0.251313 	 0.9856 	 0 
0.0793 	 1.818 	 0.251163 	 0.9856 	 0 
0.0794 	 1.818 	 0.251013 	 0.9856 	 0 
0.0795 	 1.818 	 0.250863 	 0.9856 	 0 
0.0796 	 1.818 	 0.250711 	 0.9856 	 0 
0.0797 	 1.818 	 0.25056 	 0.9856 	 0 
0.0798 	 1.818 	 0.250408 	 0.9856 	 0 
0.0799 	 1.818 	 0.250255 	 0.9856 	 0 
0.08 	 1.818 	 0.250102 	 0.9856 	 0 
0.0801 	 1.818 	 0.249948 	 0.9856 	 0 
0.0802 	 1.818 	 0.249791 	 0.9856 	 1 
0.0803 	 1.818 	 0.249725 	 0.9859 	 0 
0.0804 	 1.818 	 0.249624 	 0.9859 	 0 
0.0805 	 1.818 	 0.249502 	 0.9859 	 0 
0.0806 	 1.818 	 0.249367 	 0.9859 	 0 
0.0807 	 1.818 	 0.249224 	 0.9859 	 0 
0.0808 	 1.818 	 0.249075 	 0.9859 	 0 
0.0809 	 1.818 	 0.248923 	 0.9859 	 0 
0.081 	 1.818 	 0.248768 	 0.9859 	 0 
0.0811 	 1.818 	 0.248612 	 0.9859 	 0 
0.0812 	 1.818 	 0.248454 	 0.9859 	 0 
0.0813 	 1.818 	 0.248295 	 0.9859 	 0 
0.0814 	 1.818 	 0.248136 	 0.9859 	 0 
0.0815 	 1.818 	 0.247975 	 0.9859 	 0 
0.0816 	 1.818 	 0.247814 	 0.9862 	 0 
0.0817 	 1.818 	 0.247653 	 0.9862 	 0 
0.0818 	 1.818 	 0.247491 	 0.9862 	 0 
0.0819 	 1.818 	 0.247328 	 0.9862 	 0 
0.082 	 1.818 	 0.247164 	 0.9862 	 0 
0.0821 	 1.818 	 0.247001 	 0.9862 	 0 
0.0822 	 1.818 	 0.246836 	 0.9862 	 0 
0.0823 	 1.818 	 0.246671 	 0.9862 	 0 
0.0824 	 1.818 	 0.246506 	 0.9862 	 0 
0.0825 	 1.818 	 0.24634 	 0.9862 	 0 
0.0826 	 1.818 	 0.246173 	 0.9862 	 0 
0.0827 	 1.818 	 0.246006 	 0.9862 	 0 
0.0828 	 1.818 	 0.245838 	 0.9865 	 0 
0.0829 	 1.818 	 0.24567 	 0.9865 	 0 
0.083 	 1.818 	 0.245501 	 0.9865 	 0 
0.0831 	 1.818 	 0.245331 	 0.9865 	 0 
0.0832 	 1.818 	 0.245162 	 0.9865 	 0 
0.0833 	 1.818 	 0.244991 	 0.9865 	 0 
0.0834 	 1.818 	 0.24482 	 0.9865 	 0 
0.0835 	 1.818 	 0.244648 	 0.9865 	 0 
0.0836 	 1.818 	 0.244476 	 0.9865 	 0 
0.0837 	 1.818 	 0.244303 	 0.9865 	 0 
0.0838 	 1.818 	 0.24413 	 0.9865 	 0 
0.0839 	 1.818 	 0.243956 	 0.9865 	 0 
0.084 	 1.818 	 0.243782 	 0.9868 	 0 
0.0841 	 1.818 	 0.243607 	 0.9868 	 0 
0.0842 	 1.818 	 0.243431 	 0.9868 	 0 
0.0843 	 1.818 	 0.243255 	 0.9868 	 0 
0.0844 	 1.818 	 0.243078 	 0.9868 	 0 
0.0845 	 1.818 	 0.242901 	 0.9868 	 0 
0.0846 	 1.818 	 0.242723 	 0.9868 	 0 
0.0847 	 1.818 	 0.242545 	 0.9868 	 0 
0.0848 	 1.818 	 0.242366 	 0.9868 	 0 
0.0849 	 1.818 	 0.242186 	 0.9868 	 0 
0.085 	 1.818 	 0.242006 	 0.9868 	 0 
0.0851 	 1.818 	 0.241803 	 0.9868 	 1 
0.0852 	 1.818 	 0.241717 	 0.9871 	 0 
0.0853 	 1.818 	 0.241596 	 0.9871 	 0 
0.0854 	 1.818 	 0.241453 	 0.9871 	 0 
0.0855 	 1.818 	 0.241296 	 0.9871 	 0 
0.0856 	 1.818 	 0.24113 	 0.9871 	 0 
0.0857 	 1.818 	 0.240957 	 0.9871 	 0 
0.0858 	 1.818 	 0.24078 	 0.9871 	 0 
0.0859 	 1.818 	 0.2406 	 0.9871 	 0 
0.086 	 1.818 	 0.240418 	 0.9871 	 0 
0.0861 	 1.818 	 0.240234 	 0.9871 	 0 
0.0862 	 1.818 	 0.240049 	 0.9871 	 0 
0.0863 	 1.818 	 0.239862 	 0.9874 	 0 
0.0864 	 1.818 	 0.239675 	 0.9874 	 0 
0.0865 	 1.818 	 0.239487 	 0.9874 	 0 
0.0866 	 1.818 	 0.239298 	 0.9874 	 0 
0.0867 	 1.818 	 0.239108 	 0.9874 	 0 
0.0868 	 1.818 	 0.238918 	 0.9874 	 0 
0.0869 	 1.818 	 0.238727 	 0.9874 	 0 
0.087 	 1.818 	 0.238535 	 0.9874 	 0 
0.0871 	 1.818 	 0.238343 	 0.9874 	 0 
0.0872 	 1.818 	 0.23815 	 0.9874 	 0 
0.0873 	 1.818 	 0.237957 	 0.9874 	 0 
0.0874 	 1.818 	 0.237763 	 0.9877 	 0 
0.0875 	 1.818 	 0.237568 	 0.9877 	 0 
0.0876 	 1.818 	 0.237373 	 0.9877 	 0 
0.0877 	 1.818 	 0.237177 	 0.9877 	 0 
0.0878 	 1.818 	 0.23698 	 0.9877 	 0 
0.0879 	 1.818 	 0.236783 	 0.9877 	 0 
0.088 	 1.818 	 0.236585 	 0.9877 	 0 
0.0881 	 1.818 	 0.236387 	 0.9877 	 0 
0.0882 	 1.818 	 0.236188 	 0.9877 	 0 
0.0883 	 1.818 	 0.235988 	 0.9877 	 0 
0.0884 	 1.818 	 0.235788 	 0.9877 	 0 
0.0885 	 1.818 	 0.235587 	 0.988 	 0 
0.0886 	 1.818 	 0.235385 	 0.988 	 0 
0.0887 	 1.818 	 0.235183 	 0.988 	 0 
0.0888 	 1.818 	 0.23498 	 0.988 	 0 
0.0889 	 1.818 	 0.234777 	 0.988 	 0 
0.089 	 1.818 	 0.234573 	 0.988 	 0 
0.0891 	 1.818 	 0.234368 	 0.988 	 0 
0.0892 	 1.818 	 0.234162 	 0.988 	 0 
0.0893 	 1.818 	 0.233956 	 0.988 	 0 
0.0894 	 1.818 	 0.23375 	 0.988 	 0 
0.0895 	 1.818 	 0.233498 	 0.9883 	 1 
0.0896 	 1.818 	 0.233392 	 0.9883 	 0 
0.0897 	 1.818 	 0.23325 	 0.9883 	 0 
0.0898 	 1.818 	 0.233087 	 0.9883 	 0 
0.0899 	 1.818 	 0.232908 	 0.9883 	 0 
0.09 	 1.818 	 0.232719 	 0.9883 	 0 
0.0901 	 1.818 	 0.232523 	 0.9883 	 0 
0.0902 	 1.818 	 0.232321 	 0.9883 	 0 
0.0903 	 1.818 	 0.232116 	 0.9883 	 0 
0.0904 	 1.818 	 0.231908 	 0.9883 	 0 
0.0905 	 1.818 	 0.231698 	 0.9886 	 0 
0.0906 	 1.818 	 0.231486 	 0.9886 	 0 
0.0907 	 1.818 	 0.231272 	 0.9886 	 0 
0.0908 	 1.818 	 0.231058 	 0.9886 	 0 
0.0909 	 1.818 	 0.230843 	 0.9886 	 0 
0.091 	 1.818 	 0.230626 	 0.9886 	 0 
0.0911 	 1.818 	 0.230409 	 0.9886 	 0 
0.0912 	 1.818 	 0.230191 	 0.9886 	 0 
0.0913 	 1.818 	 0.229972 	 0.9886 	 0 
0.0914 	 1.818 	 0.229753 	 0.9886 	 0 
0.0915 	 1.818 	 0.229533 	 0.9889 	 0 
0.0916 	 1.818 	 0.229312 	 0.9889 	 0 
0.0917 	 1.818 	 0.22909 	 0.9889 	 0 
0.0918 	 1.818 	 0.228868 	 0.9889 	 0 
0.0919 	 1.818 	 0.228645 	 0.9889 	 0 
0.092 	 1.818 	 0.228421 	 0.9889 	 0 
0.0921 	 1.818 	 0.228197 	 0.9889 	 0 
0.0922 	 1.818 	 0.227972 	 0.9889 	 0 
0.0923 	 1.818 	 0.227746 	 0.9889 	 0 
0.0924 	 1.818 	 0.227519 	 0.9889 	 0 
0.0925 	 1.818 	 0.227292 	 0.9892 	 0 
0.0926 	 1.818 	 0.226978 	 0.9892 	 1 
0.0927 	 1.818 	 0.226841 	 0.9892 	 0 
0.0928 	 1.818 	 0.226673 	 0.9892 	 0 
0.0929 	 1.818 	 0.226487 	 0.9892 	 0 
0.093 	 1.818 	 0.226287 	 0.9892 	 0 
0.0931 	 1.818 	 0.226077 	 0.9892 	 0 
0.0932 	 1.818 	 0.22586 	 0.9892 	 0 
0.0933 	 1.818 	 0.225638 	 0.9892 	 0 
0.0934 	 1.818 	 0.22528 	 0.9895 	 1 
0.0935 	 1.818 	 0.225112 	 0.9895 	 0 
0.0936 	 1.818 	 0.224923 	 0.9895 	 0 
0.0937 	 1.818 	 0.22472 	 0.9895 	 0 
0.0938 	 1.818 	 0.224506 	 0.9895 	 0 
0.0939 	 1.818 	 0.224285 	 0.9895 	 0 
0.094 	 1.818 	 0.223903 	 0.9895 	 1 
0.0941 	 1.818 	 0.223718 	 0.9895 	 0 
0.0942 	 1.818 	 0.223517 	 0.9895 	 0 
0.0943 	 1.818 	 0.223304 	 0.9898 	 0 
0.0944 	 1.818 	 0.223082 	 0.9898 	 0 
0.0945 	 1.818 	 0.222719 	 0.9898 	 1 
0.0946 	 1.818 	 0.222548 	 0.9898 	 0 
0.0947 	 1.818 	 0.222354 	 0.9898 	 0 
0.0948 	 1.818 	 0.222145 	 0.9898 	 0 
0.0949 	 1.818 	 0.221926 	 0.9898 	 0 
0.095 	 1.818 	 0.22154 	 0.9898 	 1 
0.0951 	 1.818 	 0.221353 	 0.9898 	 0 
0.0952 	 1.818 	 0.221147 	 0.9901 	 0 
0.0953 	 1.818 	 0.22093 	 0.9901 	 0 
0.0954 	 1.818 	 0.220567 	 0.9901 	 1 
0.0955 	 1.818 	 0.220393 	 0.9901 	 0 
0.0956 	 1.818 	 0.220197 	 0.9901 	 0 
0.0957 	 1.818 	 0.219984 	 0.9901 	 0 
0.0958 	 1.818 	 0.219604 	 0.9901 	 1 
0.0959 	 1.818 	 0.219416 	 0.9901 	 0 
0.096 	 1.818 	 0.219209 	 0.9901 	 0 
0.0961 	 1.818 	 0.218856 	 0.9904 	 1 
0.0962 	 1.818 	 0.218684 	 0.9904 	 0 
0.0963 	 1.818 	 0.218487 	 0.9904 	 0 
0.0964 	 1.818 	 0.218274 	 0.9904 	 0 
0.0965 	 1.818 	 0.217888 	 0.9904 	 1 
0.0966 	 1.818 	 0.217697 	 0.9904 	 0 
0.0967 	 1.818 	 0.217487 	 0.9904 	 0 
0.0968 	 1.818 	 0.217103 	 0.9904 	 1 
0.0969 	 1.818 	 0.216912 	 0.9904 	 0 
0.097 	 1.818 	 0.216701 	 0.9907 	 0 
0.0971 	 1.818 	 0.216339 	 0.9907 	 1 
0.0972 	 1.818 	 0.216162 	 0.9907 	 0 
0.0973 	 1.818 	 0.21596 	 0.9907 	 0 
0.0974 	 1.818 	 0.215584 	 0.9907 	 1 
0.0975 	 1.818 	 0.215395 	 0.9907 	 0 
0.0976 	 1.818 	 0.215183 	 0.9907 	 0 
0.0977 	 1.818 	 0.214795 	 0.9907 	 1 
0.0978 	 1.818 	 0.2146 	 0.991 	 0 
0.0979 	 1.827 	 0.214255 	 0.991 	 1 
0.098 	 1.827 	 0.214081 	 0.991 	 0 
0.0981 	 1.818 	 0.21388 	 0.991 	 0 
0.0982 	 1.827 	 0.213502 	 0.991 	 1 
0.0983 	 1.827 	 0.21331 	 0.991 	 0 
0.0984 	 1.827 	 0.212942 	 0.991 	 1 
0.0985 	 1.827 	 0.212752 	 0.991 	 0 
0.0986 	 1.827 	 0.212386 	 0.991 	 1 
0.0987 	 1.827 	 0.212197 	 0.9913 	 0 
0.0988 	 1.827 	 0.211854 	 0.9913 	 1 
0.0989 	 1.827 	 0.211679 	 0.9913 	 0 
0.099 	 1.827 	 0.211476 	 0.9913 	 0 
0.0991 	 1.827 	 0.211092 	 0.9913 	 1 
0.0992 	 1.827 	 0.210896 	 0.9913 	 0 
0.0993 	 1.827 	 0.210518 	 0.9913 	 1 
0.0994 	 1.827 	 0.210324 	 0.9913 	 0 
0.0995 	 1.827 	 0.209971 	 0.9916 	 1 
0.0996 	 1.827 	 0.209791 	 0.9916 	 0 
0.0997 	 1.827 	 0.209584 	 0.9916 	 0 
0.0998 	 1.827 	 0.209191 	 0.9916 	 1 
0.0999 	 1.827 	 0.208991 	 0.9916 	 0 
0.1 	 1.827 	 0.208604 	 0.9916 	 1 
0.1001 	 1.827 	 0.208406 	 0.9916 	 0 
0.1002 	 1.827 	 0.208021 	 0.9916 	 1 
0.1003 	 1.827 	 0.207822 	 0.9919 	 0 
0.1004 	 1.827 	 0.20746 	 0.9919 	 1 
0.1005 	 1.827 	 0.207276 	 0.9919 	 0 
0.1006 	 1.827 	 0.206907 	 0.9919 	 1 
0.1007 	 1.827 	 0.206713 	 0.9919 	 0 
0.1008 	 1.827 	 0.206332 	 0.9919 	 1 
0.1009 	 1.827 	 0.206133 	 0.9919 	 0 
0.101 	 1.827 	 0.205745 	 0.9919 	 1 
0.1011 	 1.827 	 0.205543 	 0.9922 	 0 
0.1012 	 1.827 	 0.205173 	 0.9922 	 1 
0.1013 	 1.827 	 0.204985 	 0.9922 	 0 
0.1014 	 1.827 	 0.204609 	 0.9922 	 1 
0.1015 	 1.827 	 0.20441 	 0.9922 	 0 
0.1016 	 1.827 	 0.204019 	 0.9922 	 1 
0.1017 	 1.827 	 0.203816 	 0.9922 	 0 
0.1018 	 1.827 	 0.203418 	 0.9922 	 1 
0.1019 	 1.827 	 0.203081 	 0.9925 	 1 
0.102 	 1.827 	 0.202902 	 0.9925 	 0 
0.1021 	 1.827 	 0.202534 	 0.9925 	 1 
0.1022 	 1.827 	 0.202337 	 0.9925 	 0 
0.1023 	 1.827 	 0.201946 	 0.9925 	 1 
0.1024 	 1.827 	 0.201587 	 0.9925 	 1 
0.1025 	 1.827 	 0.201393 	 0.9925 	 0 
0.1026 	 1.827 	 0.201026 	 0.9928 	 1 
0.1027 	 1.827 	 0.200836 	 0.9928 	 0 
0.1028 	 1.827 	 0.200451 	 0.9928 	 1 
0.1029 	 1.827 	 0.200093 	 0.9928 	 1 
0.103 	 1.827 	 0.199898 	 0.9928 	 0 
0.1031 	 1.827 	 0.199505 	 0.9928 	 1 
0.1032 	 1.827 	 0.199142 	 0.9928 	 1 
0.1033 	 1.827 	 0.198944 	 0.9928 	 0 
0.1034 	 1.827 	 0.198569 	 0.9931 	 1 
0.1035 	 1.827 	 0.198375 	 0.9931 	 0 
0.1036 	 1.827 	 0.197981 	 0.9931 	 1 
0.1037 	 1.827 	 0.197614 	 0.9931 	 1 
0.1038 	 1.827 	 0.197263 	 0.9931 	 1 
0.1039 	 1.827 	 0.197068 	 0.9931 	 0 
0.104 	 1.827 	 0.196672 	 0.9931 	 1 
0.1041 	 1.827 	 0.196324 	 0.9934 	 1 
0.1042 	 1.827 	 0.196138 	 0.9934 	 0 
0.1043 	 1.827 	 0.195752 	 0.9934 	 1 
0.1044 	 1.827 	 0.195386 	 0.9934 	 1 
0.1045 	 1.827 	 0.195032 	 0.9934 	 1 
0.1046 	 1.827 	 0.194685 	 0.9934 	 1 
0.1047 	 1.827 	 0.194341 	 0.9934 	 1 
0.1048 	 1.827 	 0.194147 	 0.9934 	 0 
0.1049 	 1.827 	 0.193771 	 0.9937 	 1 
0.105 	 1.827 	 0.193423 	 0.9937 	 1 
0.1051 	 1.827 	 0.193076 	 0.9937 	 1 
0.1052 	 1.827 	 0.19273 	 0.9937 	 1 
0.1053 	 1.827 	 0.192385 	 0.9937 	 1 
0.1054 	 1.827 	 0.192039 	 0.9937 	 1 
0.1055 	 1.827 	 0.191693 	 0.9937 	 1 
0.1056 	 1.827 	 0.191368 	 0.994 	 1 
0.1057 	 1.827 	 0.191187 	 0.994 	 0 
0.1058 	 1.827 	 0.190802 	 0.994 	 1 
0.1059 	 1.827 	 0.19043 	 0.994 	 1 
0.106 	 1.827 	 0.190065 	 0.994 	 1 
0.1061 	 1.827 	 0.189704 	 0.994 	 1 
0.1062 	 1.827 	 0.189345 	 0.994 	 1 
0.1063 	 1.827 	 0.189009 	 0.9943 	 1 
0.1064 	 1.827 	 0.188823 	 0.9943 	 0 
0.1065 	 1.827 	 0.188428 	 0.9943 	 1 
0.1066 	 1.827 	 0.188047 	 0.9943 	 1 
0.1067 	 1.827 	 0.187672 	 0.9943 	 1 
0.1068 	 1.827 	 0.187302 	 0.9943 	 1 
0.1069 	 1.827 	 0.186934 	 0.9943 	 1 
0.107 	 1.827 	 0.186588 	 0.9946 	 1 
0.1071 	 1.827 	 0.186248 	 0.9946 	 1 
0.1072 	 1.827 	 0.185898 	 0.9946 	 1 
0.1073 	 1.827 	 0.185541 	 0.9946 	 1 
0.1074 	 1.827 	 0.185179 	 0.9946 	 1 
0.1075 	 1.827 	 0.184813 	 0.9946 	 1 
0.1076 	 1.827 	 0.184445 	 0.9946 	 1 
0.1077 	 1.827 	 0.184096 	 0.9949 	 1 
0.1078 	 1.827 	 0.183751 	 0.9949 	 1 
0.1079 	 1.827 	 0.183394 	 0.9949 	 1 
0.108 	 1.827 	 0.18303 	 0.9949 	 1 
0.1081 	 1.827 	 0.18266 	 0.9949 	 1 
0.1082 	 1.827 	 0.182286 	 0.9949 	 1 
0.1083 	 1.827 	 0.181909 	 0.9949 	 1 
0.1084 	 1.827 	 0.181552 	 0.9952 	 1 
0.1085 	 1.827 	 0.181198 	 0.9952 	 1 
0.1086 	 1.827 	 0.180832 	 0.9952 	 1 
0.1087 	 1.827 	 0.180458 	 0.9952 	 1 
0.1088 	 1.827 	 0.18008 	 0.9952 	 1 
0.1089 	 1.827 	 0.179697 	 0.9952 	 1 
0.109 	 1.827 	 0.17931 	 0.9952 	 1 
0.1091 	 1.827 	 0.178943 	 0.9955 	 1 
0.1092 	 1.827 	 0.178579 	 0.9955 	 1 
0.1093 	 1.827 	 0.178204 	 0.9955 	 1 
0.1094 	 1.827 	 0.177821 	 0.9955 	 1 
0.1095 	 1.827 	 0.177433 	 0.9955 	 1 
0.1096 	 1.827 	 0.17704 	 0.9955 	 1 
0.1097 	 1.827 	 0.176644 	 0.9955 	 1 
0.1098 	 1.827 	 0.176267 	 0.9958 	 1 
0.1099 	 1.827 	 0.175893 	 0.9958 	 1 
0.11 	 1.827 	 0.175509 	 0.9958 	 1 
0.1101 	 1.827 	 0.175116 	 0.9958 	 1 
0.1102 	 1.827 	 0.174571 	 0.9958 	 2 
0.1103 	 1.827 	 0.174214 	 0.9958 	 1 
0.1104 	 1.827 	 0.173861 	 0.9961 	 1 
0.1105 	 1.827 	 0.173501 	 0.9961 	 1 
0.1106 	 1.827 	 0.173122 	 0.9961 	 1 
0.1107 	 1.827 	 0.172587 	 0.9961 	 2 
0.1108 	 1.827 	 0.172231 	 0.9961 	 1 
0.1109 	 1.827 	 0.171855 	 0.9961 	 1 
0.111 	 1.827 	 0.17132 	 0.9961 	 2 
0.1111 	 1.827 	 0.170983 	 0.9964 	 1 
0.1112 	 1.827 	 0.170633 	 0.9964 	 1 
0.1113 	 1.827 	 0.170258 	 0.9964 	 1 
0.1114 	 1.827 	 0.16972 	 0.9964 	 2 
0.1115 	 1.827 	 0.16936 	 0.9964 	 1 
0.1116 	 1.827 	 0.168835 	 0.9964 	 2 
0.1117 	 1.827 	 0.1685 	 0.9967 	 1 
0.1118 	 1.827 	 0.168148 	 0.9967 	 1 
0.1119 	 1.827 	 0.167628 	 0.9967 	 2 
0.112 	 1.827 	 0.167272 	 0.9967 	 1 
0.1121 	 1.827 	 0.166748 	 0.9967 	 2 
0.1122 	 1.827 	 0.166391 	 0.9967 	 1 
0.1123 	 1.827 	 0.165862 	 0.997 	 2 
0.1124 	 1.827 	 0.165523 	 0.997 	 1 
0.1125 	 1.827 	 0.165164 	 0.997 	 1 
0.1126 	 1.827 	 0.164633 	 0.997 	 2 
0.1127 	 1.827 	 0.164269 	 0.997 	 1 
0.1128 	 1.827 	 0.163732 	 0.997 	 2 
0.1129 	 1.827 	 0.163224 	 0.997 	 2 
0.113 	 1.827 	 0.162891 	 0.9973 	 1 
0.1131 	 1.827 	 0.162535 	 0.9973 	 1 
0.1132 	 1.827 	 0.162001 	 0.9973 	 2 
0.1133 	 1.827 	 0.161493 	 0.9973 	 2 
0.1134 	 1.827 	 0.160999 	 0.9973 	 2 
0.1135 	 1.827 	 0.16065 	 0.9973 	 1 
0.1136 	 1.827 	 0.160288 	 0.9976 	 1 
0.1137 	 1.827 	 0.159762 	 0.9976 	 2 
0.1138 	 1.827 	 0.159254 	 0.9976 	 2 
0.1139 	 1.827 	 0.158756 	 0.9976 	 2 
0.114 	 1.827 	 0.158265 	 0.9976 	 2 
0.1141 	 1.827 	 0.157777 	 0.9976 	 2 
0.1142 	 1.827 	 0.15731 	 0.9979 	 2 
0.1143 	 1.827 	 0.156987 	 0.9979 	 1 
0.1144 	 1.827 	 0.156479 	 0.9979 	 2 
0.1145 	 1.827 	 0.155976 	 0.9979 	 2 
0.1146 	 1.827 	 0.155477 	 0.9979 	 2 
0.1147 	 1.827 	 0.154979 	 0.9979 	 2 
0.1148 	 1.827 	 0.154481 	 0.9982 	 2 
0.1149 	 1.827 	 0.154143 	 0.9982 	 1 
0.115 	 1.827 	 0.153632 	 0.9982 	 2 
0.1151 	 1.827 	 0.153123 	 0.9982 	 2 
0.1152 	 1.827 	 0.152615 	 0.9982 	 2 
0.1153 	 1.827 	 0.152107 	 0.9982 	 2 
0.1154 	 1.827 	 0.151597 	 0.9982 	 2 
0.1155 	 1.827 	 0.151251 	 0.9985 	 1 
0.1156 	 1.827 	 0.150728 	 0.9985 	 2 
0.1157 	 1.827 	 0.150206 	 0.9985 	 2 
0.1158 	 1.827 	 0.149684 	 0.9985 	 2 
0.1159 	 1.827 	 0.149162 	 0.9985 	 2 
0.116 	 1.827 	 0.148507 	 0.9985 	 3 
0.1161 	 1.827 	 0.148182 	 0.9988 	 1 
0.1162 	 1.827 	 0.147676 	 0.9988 	 2 
0.1163 	 1.827 	 0.147032 	 0.9988 	 3 
0.1164 	 1.827 	 0.146552 	 0.9988 	 2 
0.1165 	 1.827 	 0.146053 	 0.9988 	 2 
0.1166 	 1.827 	 0.14541 	 0.9988 	 3 
0.1167 	 1.827 	 0.145086 	 0.9991 	 1 
0.1168 	 1.827 	 0.144449 	 0.9991 	 3 
0.1169 	 1.827 	 0.143968 	 0.9991 	 2 
0.117 	 1.827 	 0.143336 	 0.9991 	 3 
0.1171 	 1.827 	 0.142856 	 0.9991 	 2 
0.1172 	 1.827 	 0.142223 	 0.9994 	 3 
0.1173 	 1.827 	 0.1419 	 0.9994 	 1 
0.1174 	 1.827 	 0.141257 	 0.9994 	 3 
0.1175 	 1.827 	 0.140642 	 0.9994 	 3 
0.1176 	 1.827 	 0.140166 	 0.9994 	 2 
0.1177 	 1.827 	 0.139532 	 0.9994 	 3 
0.1178 	 1.827 	 0.138936 	 0.9997 	 3 
0.1179 	 1.827 	 0.138496 	 0.9997 	 2 
0.118 	 1.827 	 0.13789 	 0.9997 	 3 
0.1181 	 1.827 	 0.13729 	 0.9997 	 3 
0.1182 	 1.827 	 0.136694 	 0.9997 	 3 
0.1183 	 1.827 	 0.1361 	 0.9997 	 3 
0.1184 	 1.827 	 0.135647 	 1 	 2 
0.1185 	 1.827 	 0.135053 	 1 	 3 
0.1186 	 1.827 	 0.134456 	 1 	 3 
0.1187 	 1.827 	 0.133856 	 1 	 3 
0.1188 	 1.827 	 0.133253 	 1 	 3 
0.1189 	 1.827 	 0.132647 	 1 	 3 
0.119 	 1.827 	 0.132197 	 1.0003 	 2 
0.1191 	 1.827 	 0.131583 	 1.0003 	 3 
0.1192 	 1.827 	 0.130965 	 1.0003 	 3 
0.1193 	 1.827 	 0.130226 	 1.0003 	 4 
0.1194 	 1.827 	 0.129641 	 1.0003 	 3 
0.1195 	 1.827 	 0.129041 	 1.0003 	 3 
0.1196 	 1.827 	 0.12847 	 1.0006 	 3 
0.1197 	 1.827 	 0.127886 	 1.0006 	 3 
0.1198 	 1.827 	 0.127164 	 1.0006 	 4 
0.1199 	 1.827 	 0.126583 	 1.0006 	 3 
0.12 	 1.827 	 0.125861 	 1.0006 	 4 
0.1201 	 1.827 	 0.125293 	 1.0009 	 3 
0.1202 	 1.827 	 0.12473 	 1.0009 	 3 
0.1203 	 1.827 	 0.124019 	 1.0009 	 4 
0.1204 	 1.827 	 0.123322 	 1.0009 	 4 
0.1205 	 1.827 	 0.122633 	 1.0009 	 4 
0.1206 	 1.827 	 0.121947 	 1.0009 	 4 
0.1207 	 1.827 	 0.121528 	 1.0012 	 2 
0.1208 	 1.827 	 0.120807 	 1.0012 	 4 
0.1209 	 1.827 	 0.120097 	 1.0012 	 4 
0.121 	 1.827 	 0.11939 	 1.0012 	 4 
0.1211 	 1.827 	 0.118685 	 1.0012 	 4 
0.1212 	 1.827 	 0.11787 	 1.0015 	 5 
0.1213 	 1.827 	 0.11735 	 1.0015 	 3 
0.1214 	 1.827 	 0.116671 	 1.0015 	 4 
0.1215 	 1.827 	 0.115869 	 1.0015 	 5 
0.1216 	 1.827 	 0.115199 	 1.0015 	 4 
0.1217 	 1.827 	 0.114401 	 1.0015 	 5 
0.1218 	 1.827 	 0.113883 	 1.0018 	 3 
0.1219 	 1.827 	 0.11309 	 1.0018 	 5 
0.122 	 1.827 	 0.112313 	 1.0018 	 5 
0.1221 	 1.827 	 0.111542 	 1.0018 	 5 
0.1222 	 1.827 	 0.110775 	 1.0018 	 5 
0.1223 	 1.827 	 0.110007 	 1.0018 	 5 
0.1224 	 1.827 	 0.109392 	 1.0021 	 4 
0.1225 	 1.827 	 0.108631 	 1.0021 	 5 
0.1226 	 1.827 	 0.107861 	 1.0021 	 5 
0.1227 	 1.827 	 0.106983 	 1.0021 	 6 
0.1228 	 1.827 	 0.106232 	 1.0021 	 5 
0.1229 	 1.827 	 0.105618 	 1.0024 	 4 
0.123 	 1.827 	 0.104748 	 1.0024 	 6 
0.1231 	 1.827 	 0.103896 	 1.0024 	 6 
0.1232 	 1.827 	 0.103053 	 1.0024 	 6 
0.1233 	 1.827 	 0.102212 	 1.0024 	 6 
0.1234 	 1.827 	 0.101485 	 1.0027 	 5 
0.1235 	 1.827 	 0.100673 	 1.0027 	 6 
0.1236 	 1.827 	 0.0998452 	 1.0027 	 6 
0.1237 	 1.827 	 0.098911 	 1.0027 	 7 
0.1238 	 1.827 	 0.098091 	 1.0027 	 6 
0.1239 	 1.827 	 0.097156 	 1.0027 	 7 
0.124 	 1.827 	 0.0964829 	 1.003 	 5 
0.1241 	 1.827 	 0.0955608 	 1.003 	 7 
0.1242 	 1.827 	 0.0946435 	 1.003 	 7 
0.1243 	 1.827 	 0.0936361 	 1.003 	 8 
0.1244 	 1.827 	 0.0927452 	 1.003 	 7 
0.1245 	 1.827 	 0.0919852 	 1.0033 	 6 
0.1246 	 1.827 	 0.0910043 	 1.0033 	 8 
0.1247 	 1.827 	 0.0900315 	 1.0033 	 8 
0.1248 	 1.827 	 0.0890603 	 1.0033 	 8 
0.1249 	 1.827 	 0.0880007 	 1.0033 	 9 
0.125 	 1.827 	 0.0872409 	 1.0036 	 6 
0.1251 	 1.827 	 0.0862055 	 1.0036 	 9 
0.1252 	 1.827 	 0.0851771 	 1.0036 	 9 
0.1253 	 1.827 	 0.0840678 	 1.0036 	 10 
0.1254 	 1.827 	 0.0830626 	 1.0036 	 9 
0.1255 	 1.827 	 0.0819599 	 1.0036 	 10 
0.1256 	 1.827 	 0.0811042 	 1.0039 	 8 
0.1257 	 1.827 	 0.0799474 	 1.0039 	 11 
0.1258 	 1.827 	 0.0788115 	 1.0039 	 11 
0.1259 	 1.827 	 0.0776833 	 1.0039 	 11 
0.126 	 1.827 	 0.0764799 	 1.0039 	 12 
0.1261 	 1.827 	 0.0755986 	 1.0042 	 9 
0.1262 	 1.827 	 0.0744142 	 1.0042 	 12 
0.1263 	 1.827 	 0.0731588 	 1.0042 	 13 
0.1264 	 1.827 	 0.0719226 	 1.0042 	 13 
0.1265 	 1.827 	 0.0706217 	 1.0042 	 14 
0.1266 	 1.827 	 0.0696372 	 1.0045 	 11 
0.1267 	 1.827 	 0.0682978 	 1.0045 	 15 
0.1268 	 1.827 	 0.0669119 	 1.0045 	 16 
0.1269 	 1.827 	 0.0655524 	 1.0045 	 16 
0.127 	 1.827 	 0.064137 	 1.0045 	 17 
0.1271 	 1.827 	 0.0630711 	 1.0048 	 13 
0.1272 	 1.827 	 0.0615538 	 1.0048 	 19 
0.1273 	 1.827 	 0.060071 	 1.0048 	 19 
0.1274 	 1.827 	 0.0584817 	 1.0048 	 21 
0.1275 	 1.827 	 0.0568715 	 1.0048 	 22 
0.1276 	 1.827 	 0.055637 	 1.0051 	 17 
0.1277 	 1.827 	 0.0539629 	 1.0051 	 24 
0.1278 	 1.827 	 0.0522088 	 1.0051 	 26 
0.1279 	 1.827 	 0.05039 	 1.0051 	 28 
0.128 	 1.827 	 0.0485146 	 1.0051 	 30 
0.1281 	 1.827 	 0.0470278 	 1.0054 	 24 
0.1282 	 1.827 	 0.0450006 	 1.0054 	 35 
0.1283 	 1.827 	 0.0428545 	 1.0054 	 39 
0.1284 	 1.827 	 0.0406144 	 1.0054 	 43 
0.1285 	 1.827 	 0.0382534 	 1.0054 	 48 
0.1286 	 1.827 	 0.0363404 	 1.0057 	 40 
0.1287 	 1.827 	 0.0336809 	 1.0057 	 61 
0.1288 	 1.827 	 0.0307585 	 1.0057 	 73 
0.1289 	 1.827 	 0.0275161 	 1.0057 	 90 
0.129 	 1.827 	 0.0238508 	 1.0057 	 116 
0.1291 	 1.827 	 0.0206352 	 1.006 	 115 
0.1292 	 1.827 	 0.0153887 	 1.006 	 241 
0.1293 	 1.827 	 0.00689843 	 1.006 	 683 
0.1294 	 0 	 0 	 1.006 	 0 


0 	 0.279715 
0.0001 	 0.279715 
0.0002 	 0.279715 
0.0003 	 0.279715 
0.0004 	 0.279715 
0.0005 	 0.279715 
0.0006 	 0.279715 
0.0007 	 0.279715 
0.0008 	 0.279715 
0.0009 	 0.279715 
0.001 	 0.279715 
0.0011 	 0.279715 
0.0012 	 0.279715 
0.0013 	 0.279715 
0.0014 	 0.279715 
0.0015 	 0.279715 
0.0016 	 0.279715 
0.0017 	 0.279715 
0.0018 	 0.279715 
0.0019 	 0.279715 
0.002 	 0.279715 
0.0021 	 0.279715 
0.0022 	 0.279714 
0.0023 	 0.279714 
0.0024 	 0.279714 
0.0025 	 0.279714 
0.0026 	 0.279714 
0.0027 	 0.279714 
0.0028 	 0.279714 
0.0029 	 0.279714 
0.003 	 0.279713 
0.0031 	 0.279713 
0.0032 	 0.279713 
0.0033 	 0.279713 
0.0034 	 0.279713 
0.0035 	 0.279712 
0.0036 	 0.279712 
0.0037 	 0.279712 
0.0038 	 0.279712 
0.0039 	 0.279711 
0.004 	 0.279711 
0.0041 	 0.279711 
0.0042 	 0.27971 
0.0043 	 0.27971 
0.0044 	 0.27971 
0.0045 	 0.279709 
0.0046 	 0.279709 
0.0047 	 0.279708 
0.0048 	 0.279708 
0.0049 	 0.279708 
0.005 	 0.279707 
0.0051 	 0.279707 
0.0052 	 0.279706 
0.0053 	 0.279706 
0.0054 	 0.279705 
0.0055 	 0.279704 
0.0056 	 0.279704 
0.0057 	 0.279703 
0.0058 	 0.279703 
0.0059 	 0.279702 
0.006 	 0.279701 
0.0061 	 0.2797 
0.0062 	 0.2797 
0.0063 	 0.279699 
0.0064 	 0.279698 
0.0065 	 0.279697 
0.0066 	 0.279697 
0.0067 	 0.279696 
0.0068 	 0.279695 
0.0069 	 0.279694 
0.007 	 0.279693 
0.0071 	 0.279692 
0.0072 	 0.279691 
0.0073 	 0.27969 
0.0074 	 0.279689 
0.0075 	 0.279688 
0.0076 	 0.279687 
0.0077 	 0.279686 
0.0078 	 0.279685 
0.0079 	 0.279683 
0.008 	 0.279682 
0.0081 	 0.279681 
0.0082 	 0.27968 
0.0083 	 0.279678 
0.0084 	 0.279677 
0.0085 	 0.279676 
0.0086 	 0.279674 
0.0087 	 0.279673 
0.0088 	 0.279671 
0.0089 	 0.27967 
0.009 	 0.279668 
0.0091 	 0.279667 
0.0092 	 0.279665 
0.0093 	 0.279663 
0.0094 	 0.279662 
0.0095 	 0.27966 
0.0096 	 0.279658 
0.0097 	 0.279656 
0.0098 	 0.279654 
0.0099 	 0.279653 
0.01 	 0.279651 
0.0101 	 0.279649 
0.0102 	 0.279647 
0.0103 	 0.279645 
0.0104 	 0.279643 
0.0105 	 0.27964 
0.0106 	 0.279638 
0.0107 	 0.279636 
0.0108 	 0.279634 
0.0109 	 0.279632 
0.011 	 0.279629 
0.0111 	 0.279627 
0.0112 	 0.279624 
0.0113 	 0.279622 
0.0114 	 0.279619 
0.0115 	 0.279617 
0.0116 	 0.279614 
0.0117 	 0.279612 
0.0118 	 0.279609 
0.0119 	 0.279606 
0.012 	 0.279604 
0.0121 	 0.279601 
0.0122 	 0.279598 
0.0123 	 0.279595 
0.0124 	 0.279592 
0.0125 	 0.279589 
0.0126 	 0.279586 
0.0127 	 0.279583 
0.0128 	 0.27958 
0.0129 	 0.279577 
0.013 	 0.279573 
0.0131 	 0.27957 
0.0132 	 0.279567 
0.0133 	 0.279563 
0.0134 	 0.27956 
0.0135 	 0.279556 
0.0136 	 0.279553 
0.0137 	 0.279549 
0.0138 	 0.279545 
0.0139 	 0.279542 
0.014 	 0.279538 
0.0141 	 0.279534 
0.0142 	 0.27953 
0.0143 	 0.279526 
0.0144 	 0.279522 
0.0145 	 0.279518 
0.0146 	 0.279514 
0.0147 	 0.27951 
0.0148 	 0.279506 
0.0149 	 0.279502 
0.015 	 0.279497 
0.0151 	 0.279493 
0.0152 	 0.279488 
0.0153 	 0.279484 
0.0154 	 0.279479 
0.0155 	 0.279475 
0.0156 	 0.27947 
0.0157 	 0.279465 
0.0158 	 0.27946 
0.0159 	 0.279456 
0.016 	 0.279451 
0.0161 	 0.279446 
0.0162 	 0.279441 
0.0163 	 0.279435 
0.0164 	 0.27943 
0.0165 	 0.279425 
0.0166 	 0.27942 
0.0167 	 0.279414 
0.0168 	 0.279409 
0.0169 	 0.279403 
0.017 	 0.279398 
0.0171 	 0.279392 
0.0172 	 0.279387 
0.0173 	 0.279381 
0.0174 	 0.279375 
0.0175 	 0.279369 
0.0176 	 0.279363 
0.0177 	 0.279357 
0.0178 	 0.279351 
0.0179 	 0.279345 
0.018 	 0.279338 
0.0181 	 0.279332 
0.0182 	 0.279326 
0.0183 	 0.279319 
0.0184 	 0.279313 
0.0185 	 0.279306 
0.0186 	 0.279299 
0.0187 	 0.279293 
0.0188 	 0.279286 
0.0189 	 0.279279 
0.019 	 0.279272 
0.0191 	 0.279265 
0.0192 	 0.279258 
0.0193 	 0.279251 
0.0194 	 0.279243 
0.0195 	 0.279236 
0.0196 	 0.279229 
0.0197 	 0.279221 
0.0198 	 0.279214 
0.0199 	 0.279206 
0.02 	 0.279198 
0.0201 	 0.27919 
0.0202 	 0.279183 
0.0203 	 0.279175 
0.0204 	 0.279167 
0.0205 	 0.279159 
0.0206 	 0.27915 
0.0207 	 0.279142 
0.0208 	 0.279134 
0.0209 	 0.279125 
0.021 	 0.279117 
0.0211 	 0.279108 
0.0212 	 0.279099 
0.0213 	 0.279091 
0.0214 	 0.279082 
0.0215 	 0.279073 
0.0216 	 0.279064 
0.0217 	 0.279055 
0.0218 	 0.279046 
0.0219 	 0.279036 
0.022 	 0.279027 
0.0221 	 0.279018 
0.0222 	 0.279008 
0.0223 	 0.278998 
0.0224 	 0.278989 
0.0225 	 0.278979 
0.0226 	 0.278969 
0.0227 	 0.278959 
0.0228 	 0.278949 
0.0229 	 0.278939 
0.023 	 0.278929 
0.0231 	 0.278918 
0.0232 	 0.278908 
0.0233 	 0.278897 
0.0234 	 0.278887 
0.0235 	 0.278876 
0.0236 	 0.278865 
0.0237 	 0.278855 
0.0238 	 0.278844 
0.0239 	 0.278833 
0.024 	 0.278821 
0.0241 	 0.27881 
0.0242 	 0.278799 
0.0243 	 0.278787 
0.0244 	 0.278776 
0.0245 	 0.278764 
0.0246 	 0.278753 
0.0247 	 0.278741 
0.0248 	 0.278729 
0.0249 	 0.278717 
0.025 	 0.278705 
0.0251 	 0.278693 
0.0252 	 0.27868 
0.0253 	 0.278668 
0.0254 	 0.278655 
0.0255 	 0.278643 
0.0256 	 0.27863 
0.0257 	 0.278617 
0.0258 	 0.278604 
0.0259 	 0.278591 
0.026 	 0.278578 
0.0261 	 0.278565 
0.0262 	 0.278552 
0.0263 	 0.278538 
0.0264 	 0.278525 
0.0265 	 0.278511 
0.0266 	 0.278498 
0.0267 	 0.278484 
0.0268 	 0.27847 
0.0269 	 0.278456 
0.027 	 0.278442 
0.0271 	 0.278428 
0.0272 	 0.278413 
0.0273 	 0.278399 
0.0274 	 0.278384 
0.0275 	 0.27837 
0.0276 	 0.278355 
0.0277 	 0.27834 
0.0278 	 0.278325 
0.0279 	 0.27831 
0.028 	 0.278295 
0.0281 	 0.278279 
0.0282 	 0.278264 
0.0283 	 0.278248 
0.0284 	 0.278233 
0.0285 	 0.278217 
0.0286 	 0.278201 
0.0287 	 0.278185 
0.0288 	 0.278169 
0.0289 	 0.278153 
0.029 	 0.278136 
0.0291 	 0.27812 
0.0292 	 0.278103 
0.0293 	 0.278087 
0.0294 	 0.27807 
0.0295 	 0.278053 
0.0296 	 0.278036 
0.0297 	 0.278019 
0.0298 	 0.278002 
0.0299 	 0.277984 
0.03 	 0.277967 
0.0301 	 0.277949 
0.0302 	 0.277932 
0.0303 	 0.277914 
0.0304 	 0.277896 
0.0305 	 0.277878 
0.0306 	 0.27786 
0.0307 	 0.277841 
0.0308 	 0.277823 
0.0309 	 0.277804 
0.031 	 0.277786 
0.0311 	 0.277767 
0.0312 	 0.277748 
0.0313 	 0.277729 
0.0314 	 0.27771 
0.0315 	 0.27769 
0.0316 	 0.277671 
0.0317 	 0.277651 
0.0318 	 0.277632 
0.0319 	 0.277612 
0.032 	 0.277592 
0.0321 	 0.277572 
0.0322 	 0.277552 
0.0323 	 0.277531 
0.0324 	 0.277511 
0.0325 	 0.27749 
0.0326 	 0.27747 
0.0327 	 0.277449 
0.0328 	 0.277428 
0.0329 	 0.277407 
0.033 	 0.277386 
0.0331 	 0.277364 
0.0332 	 0.277343 
0.0333 	 0.277321 
0.0334 	 0.2773 
0.0335 	 0.277278 
0.0336 	 0.277256 
0.0337 	 0.277234 
0.0338 	 0.277211 
0.0339 	 0.277189 
0.034 	 0.277167 
0.0341 	 0.277144 
0.0342 	 0.277121 
0.0343 	 0.277098 
0.0344 	 0.277075 
0.0345 	 0.277052 
0.0346 	 0.277029 
0.0347 	 0.277005 
0.0348 	 0.276981 
0.0349 	 0.276958 
0.035 	 0.276934 
0.0351 	 0.27691 
0.0352 	 0.276886 
0.0353 	 0.276861 
0.0354 	 0.276837 
0.0355 	 0.276812 
0.0356 	 0.276788 
0.0357 	 0.276763 
0.0358 	 0.276738 
0.0359 	 0.276713 
0.036 	 0.276687 
0.0361 	 0.276662 
0.0362 	 0.276636 
0.0363 	 0.27661 
0.0364 	 0.276585 
0.0365 	 0.276559 
0.0366 	 0.276532 
0.0367 	 0.276506 
0.0368 	 0.27648 
0.0369 	 0.276453 
0.037 	 0.276426 
0.0371 	 0.276399 
0.0372 	 0.276372 
0.0373 	 0.276345 
0.0374 	 0.276318 
0.0375 	 0.27629 
0.0376 	 0.276263 
0.0377 	 0.276235 
0.0378 	 0.276207 
0.0379 	 0.276179 
0.038 	 0.276151 
0.0381 	 0.276122 
0.0382 	 0.276094 
0.0383 	 0.276065 
0.0384 	 0.276036 
0.0385 	 0.276007 
0.0386 	 0.275978 
0.0387 	 0.275949 
0.0388 	 0.275919 
0.0389 	 0.275889 
0.039 	 0.27586 
0.0391 	 0.27583 
0.0392 	 0.2758 
0.0393 	 0.275769 
0.0394 	 0.275739 
0.0395 	 0.275708 
0.0396 	 0.275678 
0.0397 	 0.275647 
0.0398 	 0.275616 
0.0399 	 0.275584 
0.04 	 0.275553 
0.0401 	 0.275522 
0.0402 	 0.27549 
0.0403 	 0.275458 
0.0404 	 0.275426 
0.0405 	 0.275394 
0.0406 	 0.275361 
0.0407 	 0.275329 
0.0408 	 0.275296 
0.0409 	 0.275263 
0.041 	 0.27523 
0.0411 	 0.275197 
0.0412 	 0.275164 
0.0413 	 0.27513 
0.0414 	 0.275097 
0.0415 	 0.275063 
0.0416 	 0.275029 
0.0417 	 0.274995 
0.0418 	 0.27496 
0.0419 	 0.274926 
0.042 	 0.274891 
0.0421 	 0.274856 
0.0422 	 0.274821 
0.0423 	 0.274786 
0.0424 	 0.274751 
0.0425 	 0.274715 
0.0426 	 0.27468 
0.0427 	 0.274644 
0.0428 	 0.274608 
0.0429 	 0.274572 
0.043 	 0.274535 
0.0431 	 0.274499 
0.0432 	 0.274462 
0.0433 	 0.274425 
0.0434 	 0.274388 
0.0435 	 0.274351 
0.0436 	 0.274313 
0.0437 	 0.274275 
0.0438 	 0.274238 
0.0439 	 0.2742 
0.044 	 0.274162 
0.0441 	 0.274123 
0.0442 	 0.274085 
0.0443 	 0.274046 
0.0444 	 0.274007 
0.0445 	 0.273968 
0.0446 	 0.273929 
0.0447 	 0.273889 
0.0448 	 0.27385 
0.0449 	 0.27381 
0.045 	 0.27377 
0.0451 	 0.27373 
0.0452 	 0.27369 
0.0453 	 0.273649 
0.0454 	 0.273608 
0.0455 	 0.273567 
0.0456 	 0.273526 
0.0457 	 0.273485 
0.0458 	 0.273444 
0.0459 	 0.273402 
0.046 	 0.27336 
0.0461 	 0.273318 
0.0462 	 0.273276 
0.0463 	 0.273233 
0.0464 	 0.273191 
0.0465 	 0.273148 
0.0466 	 0.273105 
0.0467 	 0.273062 
0.0468 	 0.273019 
0.0469 	 0.272975 
0.047 	 0.272931 
0.0471 	 0.272887 
0.0472 	 0.272843 
0.0473 	 0.272799 
0.0474 	 0.272754 
0.0475 	 0.27271 
0.0476 	 0.272665 
0.0477 	 0.27262 
0.0478 	 0.272574 
0.0479 	 0.272529 
0.048 	 0.272483 
0.0481 	 0.272437 
0.0482 	 0.272391 
0.0483 	 0.272345 
0.0484 	 0.272298 
0.0485 	 0.272252 
0.0486 	 0.272205 
0.0487 	 0.272158 
0.0488 	 0.27211 
0.0489 	 0.272063 
0.049 	 0.272015 
0.0491 	 0.271967 
0.0492 	 0.271919 
0.0493 	 0.271871 
0.0494 	 0.271822 
0.0495 	 0.271774 
0.0496 	 0.271725 
0.0497 	 0.271675 
0.0498 	 0.271626 
0.0499 	 0.271577 
0.05 	 0.271527 
0.0501 	 0.271477 
0.0502 	 0.271427 
0.0503 	 0.271376 
0.0504 	 0.271326 
0.0505 	 0.271275 
0.0506 	 0.271224 
0.0507 	 0.271173 
0.0508 	 0.271121 
0.0509 	 0.271069 
0.051 	 0.271018 
0.0511 	 0.270965 
0.0512 	 0.270913 
0.0513 	 0.270861 
0.0514 	 0.270808 
0.0515 	 0.270755 
0.0516 	 0.270702 
0.0517 	 0.270648 
0.0518 	 0.270595 
0.0519 	 0.270541 
0.052 	 0.270487 
0.0521 	 0.270433 
0.0522 	 0.270378 
0.0523 	 0.270324 
0.0524 	 0.270269 
0.0525 	 0.270213 
0.0526 	 0.270158 
0.0527 	 0.270103 
0.0528 	 0.270047 
0.0529 	 0.269991 
0.053 	 0.269934 
0.0531 	 0.269878 
0.0532 	 0.269821 
0.0533 	 0.269764 
0.0534 	 0.269707 
0.0535 	 0.26965 
0.0536 	 0.269592 
0.0537 	 0.269534 
0.0538 	 0.269476 
0.0539 	 0.269418 
0.054 	 0.269359 
0.0541 	 0.269301 
0.0542 	 0.269242 
0.0543 	 0.269183 
0.0544 	 0.269123 
0.0545 	 0.269063 
0.0546 	 0.269003 
0.0547 	 0.268943 
0.0548 	 0.268883 
0.0549 	 0.268822 
0.055 	 0.268761 
0.0551 	 0.2687 
0.0552 	 0.268639 
0.0553 	 0.268578 
0.0554 	 0.268516 
0.0555 	 0.268454 
0.0556 	 0.268391 
0.0557 	 0.268329 
0.0558 	 0.268266 
0.0559 	 0.268203 
0.056 	 0.26814 
0.0561 	 0.268077 
0.0562 	 0.268013 
0.0563 	 0.267949 
0.0564 	 0.267885 
0.0565 	 0.26782 
0.0566 	 0.267756 
0.0567 	 0.267691 
0.0568 	 0.267625 
0.0569 	 0.26756 
0.057 	 0.267494 
0.0571 	 0.267428 
0.0572 	 0.267362 
0.0573 	 0.267296 
0.0574 	 0.267229 
0.0575 	 0.267162 
0.0576 	 0.267095 
0.0577 	 0.267028 
0.0578 	 0.26696 
0.0579 	 0.266892 
0.058 	 0.266824 
0.0581 	 0.266756 
0.0582 	 0.266687 
0.0583 	 0.266618 
0.0584 	 0.266549 
0.0585 	 0.266479 
0.0586 	 0.26641 
0.0587 	 0.26634 
0.0588 	 0.26627 
0.0589 	 0.266199 
0.059 	 0.266128 
0.0591 	 0.266057 
0.0592 	 0.265986 
0.0593 	 0.265915 
0.0594 	 0.265843 
0.0595 	 0.265771 
0.0596 	 0.265699 
0.0597 	 0.265626 
0.0598 	 0.265553 
0.0599 	 0.26548 
0.06 	 0.265407 
0.0601 	 0.265333 
0.0602 	 0.265259 
0.0603 	 0.265185 
0.0604 	 0.265111 
0.0605 	 0.265036 
0.0606 	 0.264961 
0.0607 	 0.264886 
0.0608 	 0.264811 
0.0609 	 0.264735 
0.061 	 0.264659 
0.0611 	 0.264582 
0.0612 	 0.264506 
0.0613 	 0.264429 
0.0614 	 0.264352 
0.0615 	 0.264275 
0.0616 	 0.264197 
0.0617 	 0.264119 
0.0618 	 0.264041 
0.0619 	 0.263962 
0.062 	 0.263884 
0.0621 	 0.263804 
0.0622 	 0.263725 
0.0623 	 0.263646 
0.0624 	 0.263566 
0.0625 	 0.263486 
0.0626 	 0.263405 
0.0627 	 0.263324 
0.0628 	 0.263243 
0.0629 	 0.263162 
0.063 	 0.26308 
0.0631 	 0.262999 
0.0632 	 0.262916 
0.0633 	 0.262834 
0.0634 	 0.262751 
0.0635 	 0.262668 
0.0636 	 0.262585 
0.0637 	 0.262501 
0.0638 	 0.262418 
0.0639 	 0.262333 
0.064 	 0.262249 
0.0641 	 0.262164 
0.0642 	 0.262079 
0.0643 	 0.261994 
0.0644 	 0.261908 
0.0645 	 0.261822 
0.0646 	 0.261736 
0.0647 	 0.26165 
0.0648 	 0.261563 
0.0649 	 0.261476 
0.065 	 0.261388 
0.0651 	 0.261301 
0.0652 	 0.261213 
0.0653 	 0.261124 
0.0654 	 0.261036 
0.0655 	 0.260947 
0.0656 	 0.260858 
0.0657 	 0.260768 
0.0658 	 0.260678 
0.0659 	 0.260588 
0.066 	 0.260498 
0.0661 	 0.260407 
0.0662 	 0.260316 
0.0663 	 0.260225 
0.0664 	 0.260133 
0.0665 	 0.260041 
0.0666 	 0.259949 
0.0667 	 0.259856 
0.0668 	 0.259763 
0.0669 	 0.25967 
0.067 	 0.259577 
0.0671 	 0.259483 
0.0672 	 0.259389 
0.0673 	 0.259294 
0.0674 	 0.259199 
0.0675 	 0.259104 
0.0676 	 0.259009 
0.0677 	 0.258913 
0.0678 	 0.258817 
0.0679 	 0.258721 
0.068 	 0.258624 
0.0681 	 0.258527 
0.0682 	 0.25843 
0.0683 	 0.258332 
0.0684 	 0.258234 
0.0685 	 0.258136 
0.0686 	 0.258037 
0.0687 	 0.257938 
0.0688 	 0.257839 
0.0689 	 0.257739 
0.069 	 0.257639 
0.0691 	 0.257539 
0.0692 	 0.257439 
0.0693 	 0.257338 
0.0694 	 0.257236 
0.0695 	 0.257135 
0.0696 	 0.257033 
0.0697 	 0.256931 
0.0698 	 0.256828 
0.0699 	 0.256725 
0.07 	 0.256622 
0.0701 	 0.256518 
0.0702 	 0.256414 
0.0703 	 0.25631 
0.0704 	 0.256205 
0.0705 	 0.256101 
0.0706 	 0.255995 
0.0707 	 0.25589 
0.0708 	 0.255784 
0.0709 	 0.255677 
0.071 	 0.255571 
0.0711 	 0.255464 
0.0712 	 0.255356 
0.0713 	 0.255249 
0.0714 	 0.255141 
0.0715 	 0.255032 
0.0716 	 0.254923 
0.0717 	 0.254814 
0.0718 	 0.254705 
0.0719 	 0.254595 
0.072 	 0.254485 
0.0721 	 0.254374 
0.0722 	 0.254263 
0.0723 	 0.254152 
0.0724 	 0.254041 
0.0725 	 0.253929 
0.0726 	 0.253816 
0.0727 	 0.253704 
0.0728 	 0.253591 
0.0729 	 0.253477 
0.073 	 0.253364 
0.0731 	 0.253249 
0.0732 	 0.253135 
0.0733 	 0.25302 
0.0734 	 0.252905 
0.0735 	 0.252789 
0.0736 	 0.252673 
0.0737 	 0.252557 
0.0738 	 0.25244 
0.0739 	 0.252323 
0.074 	 0.252206 
0.0741 	 0.252088 
0.0742 	 0.25197 
0.0743 	 0.251852 
0.0744 	 0.251733 
0.0745 	 0.251613 
0.0746 	 0.251494 
0.0747 	 0.251374 
0.0748 	 0.251253 
0.0749 	 0.251132 
0.075 	 0.251011 
0.0751 	 0.25089 
0.0752 	 0.250768 
0.0753 	 0.250645 
0.0754 	 0.250523 
0.0755 	 0.250399 
0.0756 	 0.250276 
0.0757 	 0.250152 
0.0758 	 0.250028 
0.0759 	 0.249903 
0.076 	 0.249778 
0.0761 	 0.249653 
0.0762 	 0.249527 
0.0763 	 0.249401 
0.0764 	 0.249274 
0.0765 	 0.249147 
0.0766 	 0.249019 
0.0767 	 0.248892 
0.0768 	 0.248763 
0.0769 	 0.248635 
0.077 	 0.248506 
0.0771 	 0.248376 
0.0772 	 0.248246 
0.0773 	 0.248116 
0.0774 	 0.247986 
0.0775 	 0.247855 
0.0776 	 0.247723 
0.0777 	 0.247591 
0.0778 	 0.247459 
0.0779 	 0.247326 
0.078 	 0.247193 
0.0781 	 0.24706 
0.0782 	 0.246926 
0.0783 	 0.246791 
0.0784 	 0.246657 
0.0785 	 0.246521 
0.0786 	 0.246386 
0.0787 	 0.24625 
0.0788 	 0.246113 
0.0789 	 0.245976 
0.079 	 0.245839 
0.0791 	 0.245701 
0.0792 	 0.245563 
0.0793 	 0.245425 
0.0794 	 0.245286 
0.0795 	 0.245146 
0.0796 	 0.245006 
0.0797 	 0.244866 
0.0798 	 0.244725 
0.0799 	 0.244584 
0.08 	 0.244443 
0.0801 	 0.244301 
0.0802 	 0.244158 
0.0803 	 0.244015 
0.0804 	 0.243872 
0.0805 	 0.243728 
0.0806 	 0.243584 
0.0807 	 0.243439 
0.0808 	 0.243294 
0.0809 	 0.243148 
0.081 	 0.243002 
0.0811 	 0.242856 
0.0812 	 0.242709 
0.0813 	 0.242562 
0.0814 	 0.242414 
0.0815 	 0.242266 
0.0816 	 0.242117 
0.0817 	 0.241968 
0.0818 	 0.241818 
0.0819 	 0.241668 
0.082 	 0.241517 
0.0821 	 0.241366 
0.0822 	 0.241215 
0.0823 	 0.241063 
0.0824 	 0.24091 
0.0825 	 0.240757 
0.0826 	 0.240604 
0.0827 	 0.24045 
0.0828 	 0.240296 
0.0829 	 0.240141 
0.083 	 0.239986 
0.0831 	 0.23983 
0.0832 	 0.239674 
0.0833 	 0.239517 
0.0834 	 0.23936 
0.0835 	 0.239203 
0.0836 	 0.239044 
0.0837 	 0.238886 
0.0838 	 0.238727 
0.0839 	 0.238567 
0.084 	 0.238407 
0.0841 	 0.238247 
0.0842 	 0.238085 
0.0843 	 0.237924 
0.0844 	 0.237762 
0.0845 	 0.237599 
0.0846 	 0.237436 
0.0847 	 0.237273 
0.0848 	 0.237109 
0.0849 	 0.236944 
0.085 	 0.236779 
0.0851 	 0.236614 
0.0852 	 0.236448 
0.0853 	 0.236281 
0.0854 	 0.236114 
0.0855 	 0.235947 
0.0856 	 0.235778 
0.0857 	 0.23561 
0.0858 	 0.235441 
0.0859 	 0.235271 
0.086 	 0.235101 
0.0861 	 0.23493 
0.0862 	 0.234759 
0.0863 	 0.234587 
0.0864 	 0.234415 
0.0865 	 0.234243 
0.0866 	 0.234069 
0.0867 	 0.233895 
0.0868 	 0.233721 
0.0869 	 0.233546 
0.087 	 0.233371 
0.0871 	 0.233195 
0.0872 	 0.233018 
0.0873 	 0.232841 
0.0874 	 0.232664 
0.0875 	 0.232486 
0.0876 	 0.232307 
0.0877 	 0.232128 
0.0878 	 0.231948 
0.0879 	 0.231768 
0.088 	 0.231587 
0.0881 	 0.231406 
0.0882 	 0.231224 
0.0883 	 0.231041 
0.0884 	 0.230858 
0.0885 	 0.230674 
0.0886 	 0.23049 
0.0887 	 0.230305 
0.0888 	 0.23012 
0.0889 	 0.229934 
0.089 	 0.229748 
0.0891 	 0.229561 
0.0892 	 0.229373 
0.0893 	 0.229185 
0.0894 	 0.228996 
0.0895 	 0.228807 
0.0896 	 0.228617 
0.0897 	 0.228426 
0.0898 	 0.228235 
0.0899 	 0.228044 
0.09 	 0.227851 
0.0901 	 0.227659 
0.0902 	 0.227465 
0.0903 	 0.227271 
0.0904 	 0.227076 
0.0905 	 0.226881 
0.0906 	 0.226685 
0.0907 	 0.226489 
0.0908 	 0.226292 
0.0909 	 0.226094 
0.091 	 0.225896 
0.0911 	 0.225697 
0.0912 	 0.225498 
0.0913 	 0.225298 
0.0914 	 0.225097 
0.0915 	 0.224896 
0.0916 	 0.224694 
0.0917 	 0.224491 
0.0918 	 0.224288 
0.0919 	 0.224084 
0.092 	 0.22388 
0.0921 	 0.223674 
0.0922 	 0.223469 
0.0923 	 0.223262 
0.0924 	 0.223055 
0.0925 	 0.222848 
0.0926 	 0.222639 
0.0927 	 0.22243 
0.0928 	 0.222221 
0.0929 	 0.222011 
0.093 	 0.2218 
0.0931 	 0.221588 
0.0932 	 0.221376 
0.0933 	 0.221163 
0.0934 	 0.22095 
0.0935 	 0.220735 
0.0936 	 0.220521 
0.0937 	 0.220305 
0.0938 	 0.220089 
0.0939 	 0.219872 
0.094 	 0.219654 
0.0941 	 0.219436 
0.0942 	 0.219217 
0.0943 	 0.218998 
0.0944 	 0.218777 
0.0945 	 0.218556 
0.0946 	 0.218335 
0.0947 	 0.218112 
0.0948 	 0.217889 
0.0949 	 0.217666 
0.095 	 0.217441 
0.0951 	 0.217216 
0.0952 	 0.21699 
0.0953 	 0.216763 
0.0954 	 0.216536 
0.0955 	 0.216308 
0.0956 	 0.216079 
0.0957 	 0.21585 
0.0958 	 0.21562 
0.0959 	 0.215389 
0.096 	 0.215157 
0.0961 	 0.214925 
0.0962 	 0.214692 
0.0963 	 0.214458 
0.0964 	 0.214223 
0.0965 	 0.213988 
0.0966 	 0.213752 
0.0967 	 0.213515 
0.0968 	 0.213277 
0.0969 	 0.213039 
0.097 	 0.2128 
0.0971 	 0.21256 
0.0972 	 0.212319 
0.0973 	 0.212078 
0.0974 	 0.211836 
0.0975 	 0.211593 
0.0976 	 0.211349 
0.0977 	 0.211105 
0.0978 	 0.210859 
0.0979 	 0.210613 
0.098 	 0.210366 
0.0981 	 0.210119 
0.0982 	 0.20987 
0.0983 	 0.209621 
0.0984 	 0.209371 
0.0985 	 0.20912 
0.0986 	 0.208868 
0.0987 	 0.208616 
0.0988 	 0.208362 
0.0989 	 0.208108 
0.099 	 0.207853 
0.0991 	 0.207597 
0.0992 	 0.207341 
0.0993 	 0.207083 
0.0994 	 0.206825 
0.0995 	 0.206566 
0.0996 	 0.206306 
0.0997 	 0.206045 
0.0998 	 0.205783 
0.0999 	 0.20552 
0.1 	 0.205257 
0.1001 	 0.204993 
0.1002 	 0.204727 
0.1003 	 0.204461 
0.1004 	 0.204194 
0.1005 	 0.203927 
0.1006 	 0.203658 
0.1007 	 0.203388 
0.1008 	 0.203118 
0.1009 	 0.202846 
0.101 	 0.202574 
0.1011 	 0.202301 
0.1012 	 0.202027 
0.1013 	 0.201752 
0.1014 	 0.201476 
0.1015 	 0.201199 
0.1016 	 0.200921 
0.1017 	 0.200642 
0.1018 	 0.200363 
0.1019 	 0.200082 
0.102 	 0.1998 
0.1021 	 0.199518 
0.1022 	 0.199234 
0.1023 	 0.19895 
0.1024 	 0.198665 
0.1025 	 0.198378 
0.1026 	 0.198091 
0.1027 	 0.197802 
0.1028 	 0.197513 
0.1029 	 0.197223 
0.103 	 0.196932 
0.1031 	 0.196639 
0.1032 	 0.196346 
0.1033 	 0.196052 
0.1034 	 0.195756 
0.1035 	 0.19546 
0.1036 	 0.195163 
0.1037 	 0.194864 
0.1038 	 0.194565 
0.1039 	 0.194264 
0.104 	 0.193963 
0.1041 	 0.19366 
0.1042 	 0.193357 
0.1043 	 0.193052 
0.1044 	 0.192746 
0.1045 	 0.192439 
0.1046 	 0.192131 
0.1047 	 0.191822 
0.1048 	 0.191512 
0.1049 	 0.191201 
0.105 	 0.190889 
0.1051 	 0.190575 
0.1052 	 0.190261 
0.1053 	 0.189945 
0.1054 	 0.189629 
0.1055 	 0.189311 
0.1056 	 0.188992 
0.1057 	 0.188672 
0.1058 	 0.18835 
0.1059 	 0.188028 
0.106 	 0.187704 
0.1061 	 0.187379 
0.1062 	 0.187053 
0.1063 	 0.186726 
0.1064 	 0.186398 
0.1065 	 0.186068 
0.1066 	 0.185737 
0.1067 	 0.185405 
0.1068 	 0.185072 
0.1069 	 0.184738 
0.107 	 0.184402 
0.1071 	 0.184065 
0.1072 	 0.183727 
0.1073 	 0.183387 
0.1074 	 0.183047 
0.1075 	 0.182705 
0.1076 	 0.182362 
0.1077 	 0.182017 
0.1078 	 0.181671 
0.1079 	 0.181324 
0.108 	 0.180976 
0.1081 	 0.180626 
0.1082 	 0.180275 
0.1083 	 0.179922 
0.1084 	 0.179569 
0.1085 	 0.179213 
0.1086 	 0.178857 
0.1087 	 0.178499 
0.1088 	 0.17814 
0.1089 	 0.177779 
0.109 	 0.177417 
0.1091 	 0.177054 
0.1092 	 0.176689 
0.1093 	 0.176323 
0.1094 	 0.175955 
0.1095 	 0.175586 
0.1096 	 0.175215 
0.1097 	 0.174843 
0.1098 	 0.17447 
0.1099 	 0.174095 
0.11 	 0.173718 
0.1101 	 0.17334 
0.1102 	 0.17296 
0.1103 	 0.172579 
0.1104 	 0.172197 
0.1105 	 0.171813 
0.1106 	 0.171427 
0.1107 	 0.17104 
0.1108 	 0.170651 
0.1109 	 0.17026 
0.111 	 0.169868 
0.1111 	 0.169475 
0.1112 	 0.169079 
0.1113 	 0.168682 
0.1114 	 0.168284 
0.1115 	 0.167883 
0.1116 	 0.167481 
0.1117 	 0.167078 
0.1118 	 0.166672 
0.1119 	 0.166265 
0.112 	 0.165857 
0.1121 	 0.165446 
0.1122 	 0.165034 
0.1123 	 0.16462 
0.1124 	 0.164204 
0.1125 	 0.163786 
0.1126 	 0.163367 
0.1127 	 0.162945 
0.1128 	 0.162522 
0.1129 	 0.162097 
0.113 	 0.161671 
0.1131 	 0.161242 
0.1132 	 0.160811 
0.1133 	 0.160379 
0.1134 	 0.159944 
0.1135 	 0.159508 
0.1136 	 0.159069 
0.1137 	 0.158629 
0.1138 	 0.158186 
0.1139 	 0.157742 
0.114 	 0.157295 
0.1141 	 0.156847 
0.1142 	 0.156396 
0.1143 	 0.155943 
0.1144 	 0.155489 
0.1145 	 0.155032 
0.1146 	 0.154572 
0.1147 	 0.154111 
0.1148 	 0.153648 
0.1149 	 0.153182 
0.115 	 0.152714 
0.1151 	 0.152244 
0.1152 	 0.151771 
0.1153 	 0.151297 
0.1154 	 0.150819 
0.1155 	 0.15034 
0.1156 	 0.149858 
0.1157 	 0.149374 
0.1158 	 0.148887 
0.1159 	 0.148398 
0.116 	 0.147907 
0.1161 	 0.147413 
0.1162 	 0.146916 
0.1163 	 0.146417 
0.1164 	 0.145915 
0.1165 	 0.145411 
0.1166 	 0.144904 
0.1167 	 0.144395 
0.1168 	 0.143883 
0.1169 	 0.143368 
0.117 	 0.14285 
0.1171 	 0.142329 
0.1172 	 0.141806 
0.1173 	 0.14128 
0.1174 	 0.140751 
0.1175 	 0.140219 
0.1176 	 0.139685 
0.1177 	 0.139147 
0.1178 	 0.138606 
0.1179 	 0.138062 
0.118 	 0.137515 
0.1181 	 0.136965 
0.1182 	 0.136412 
0.1183 	 0.135856 
0.1184 	 0.135296 
0.1185 	 0.134733 
0.1186 	 0.134167 
0.1187 	 0.133598 
0.1188 	 0.133025 
0.1189 	 0.132448 
0.119 	 0.131868 
0.1191 	 0.131285 
0.1192 	 0.130698 
0.1193 	 0.130107 
0.1194 	 0.129513 
0.1195 	 0.128915 
0.1196 	 0.128313 
0.1197 	 0.127707 
0.1198 	 0.127097 
0.1199 	 0.126484 
0.12 	 0.125866 
0.1201 	 0.125244 
0.1202 	 0.124618 
0.1203 	 0.123988 
0.1204 	 0.123354 
0.1205 	 0.122715 
0.1206 	 0.122072 
0.1207 	 0.121424 
0.1208 	 0.120772 
0.1209 	 0.120115 
0.121 	 0.119454 
0.1211 	 0.118788 
0.1212 	 0.118117 
0.1213 	 0.11744 
0.1214 	 0.116759 
0.1215 	 0.116073 
0.1216 	 0.115381 
0.1217 	 0.114685 
0.1218 	 0.113982 
0.1219 	 0.113275 
0.122 	 0.112561 
0.1221 	 0.111842 
0.1222 	 0.111117 
0.1223 	 0.110386 
0.1224 	 0.109649 
0.1225 	 0.108906 
0.1226 	 0.108157 
0.1227 	 0.107401 
0.1228 	 0.106638 
0.1229 	 0.105869 
0.123 	 0.105092 
0.1231 	 0.104309 
0.1232 	 0.103519 
0.1233 	 0.102721 
0.1234 	 0.101915 
0.1235 	 0.101102 
0.1236 	 0.100281 
0.1237 	 0.0994515 
0.1238 	 0.0986139 
0.1239 	 0.0977678 
0.124 	 0.0969129 
0.1241 	 0.096049 
0.1242 	 0.0951758 
0.1243 	 0.0942931 
0.1244 	 0.0934007 
0.1245 	 0.0924981 
0.1246 	 0.0915852 
0.1247 	 0.0906616 
0.1248 	 0.089727 
0.1249 	 0.0887811 
0.125 	 0.0878234 
0.1251 	 0.0868536 
0.1252 	 0.0858713 
0.1253 	 0.084876 
0.1254 	 0.0838673 
0.1255 	 0.0828446 
0.1256 	 0.0818075 
0.1257 	 0.0807554 
0.1258 	 0.0796877 
0.1259 	 0.0786038 
0.126 	 0.077503 
0.1261 	 0.0763845 
0.1262 	 0.0752476 
0.1263 	 0.0740913 
0.1264 	 0.0729149 
0.1265 	 0.0717173 
0.1266 	 0.0704974 
0.1267 	 0.069254 
0.1268 	 0.0679858 
0.1269 	 0.0666915 
0.127 	 0.0653695 
0.1271 	 0.064018 
0.1272 	 0.0626352 
0.1273 	 0.0612189 
0.1274 	 0.0597667 
0.1275 	 0.058276 
0.1276 	 0.0567438 
0.1277 	 0.0551664 
0.1278 	 0.0535401 
0.1279 	 0.0518601 
0.128 	 0.050121 
0.1281 	 0.0483166 
0.1282 	 0.046439 
0.1283 	 0.0444792 
0.1284 	 0.0424257 
0.1285 	 0.0402642 
0.1286 	 0.0379761 
0.1287 	 0.0355372 
0.1288 	 0.0329138 
0.1289 	 0.0300576 
0.129 	 0.0268948 
0.1291 	 0.0233006 
0.1292 	 0.0190322 
0.1293 	 0.013463 
0.1294 	 0 
