1e-06 	 -6.13616 	 -6.14349 	 6266.57 	 1550.9 	 0.132819 	 -2.77494 	 0.629076 	 0.619966 	 1 	 1 
3e-06 	 -6.06461 	 -6.07065 	 4345 	 1075.33 	 0.133375 	 -2.71851 	 0.630271 	 0.621238 	 1 	 1 
5e-06 	 -6.02318 	 -6.02845 	 3664.71 	 906.97 	 0.133499 	 -2.6857 	 0.630971 	 0.621981 	 1 	 1 
7e-06 	 -5.99268 	 -5.99739 	 3275.9 	 810.744 	 0.133496 	 -2.66153 	 0.63149 	 0.622532 	 1 	 1 
9e-06 	 -5.96814 	 -5.97238 	 3012.65 	 745.594 	 0.133436 	 -2.64207 	 0.63191 	 0.622977 	 1 	 1 
1.1e-05 	 -5.94741 	 -5.95126 	 2817.73 	 697.352 	 0.133345 	 -2.62565 	 0.632267 	 0.623354 	 1 	 1 
1.3e-05 	 -5.92938 	 -5.93288 	 2665.11 	 659.582 	 0.133235 	 -2.61137 	 0.632579 	 0.623683 	 1 	 1 
1.5e-05 	 -5.91335 	 -5.91654 	 2540.97 	 628.858 	 0.133113 	 -2.5987 	 0.632856 	 0.623977 	 1 	 1 
1.7e-05 	 -5.89889 	 -5.9018 	 2437.14 	 603.161 	 0.132984 	 -2.58729 	 0.633108 	 0.624242 	 1 	 1 
1.9e-05 	 -5.88569 	 -5.88835 	 2348.44 	 581.208 	 0.13285 	 -2.57689 	 0.633338 	 0.624485 	 1 	 1 
2.1e-05 	 -5.87353 	 -5.87595 	 2271.38 	 562.138 	 0.132713 	 -2.56732 	 0.633551 	 0.624709 	 1 	 1 
2.3e-05 	 -5.86225 	 -5.86444 	 2203.54 	 545.348 	 0.132574 	 -2.55846 	 0.633748 	 0.624917 	 1 	 1 
2.5e-05 	 -5.85171 	 -5.85369 	 2143.14 	 530.399 	 0.132433 	 -2.55019 	 0.633934 	 0.625112 	 1 	 1 
2.7e-05 	 -5.84181 	 -5.8436 	 2088.86 	 516.966 	 0.132292 	 -2.54245 	 0.634108 	 0.625295 	 1 	 1 
2.9e-05 	 -5.83248 	 -5.83408 	 2039.69 	 504.797 	 0.132152 	 -2.53516 	 0.634273 	 0.625468 	 1 	 1 
3.1e-05 	 -5.82364 	 -5.82507 	 1994.85 	 493.699 	 0.132011 	 -2.52827 	 0.634429 	 0.625633 	 1 	 1 
3.3e-05 	 -5.81525 	 -5.81651 	 1953.7 	 483.517 	 0.13187 	 -2.52174 	 0.634577 	 0.625789 	 1 	 1 
3.5e-05 	 -5.80725 	 -5.80835 	 1915.76 	 474.126 	 0.131731 	 -2.51553 	 0.634719 	 0.625937 	 1 	 1 
3.7e-05 	 -5.79962 	 -5.80056 	 1880.6 	 465.424 	 0.131592 	 -2.5096 	 0.634855 	 0.62608 	 1 	 1 
3.9e-05 	 -5.7923 	 -5.7931 	 1847.89 	 457.328 	 0.131454 	 -2.50394 	 0.634985 	 0.626216 	 1 	 1 
4.1e-05 	 -5.78529 	 -5.78595 	 1817.34 	 449.768 	 0.131317 	 -2.49853 	 0.63511 	 0.626347 	 1 	 1 
4.3e-05 	 -5.77854 	 -5.77906 	 1788.71 	 442.684 	 0.131181 	 -2.49333 	 0.635231 	 0.626473 	 1 	 1 
4.5e-05 	 -5.77205 	 -5.77244 	 1761.81 	 436.026 	 0.131046 	 -2.48833 	 0.635347 	 0.626595 	 1 	 1 
4.7e-05 	 -5.76579 	 -5.76604 	 1736.46 	 429.751 	 0.130912 	 -2.48352 	 0.635459 	 0.626712 	 1 	 1 
4.9e-05 	 -5.75974 	 -5.75987 	 1712.5 	 423.823 	 0.13078 	 -2.47888 	 0.635568 	 0.626826 	 1 	 1 
5.1e-05 	 -5.75389 	 -5.7539 	 1689.82 	 418.209 	 0.130648 	 -2.4744 	 0.635673 	 0.626936 	 1 	 1 
5.3e-05 	 -5.74822 	 -5.74812 	 1668.29 	 412.88 	 0.130518 	 -2.47007 	 0.635774 	 0.627042 	 1 	 1 
5.5e-05 	 -5.74273 	 -5.74251 	 1647.82 	 407.814 	 0.130388 	 -2.46588 	 0.635873 	 0.627145 	 1 	 1 
5.7e-05 	 -5.7374 	 -5.73707 	 1628.31 	 402.987 	 0.13026 	 -2.46182 	 0.635969 	 0.627246 	 1 	 1 
5.9e-05 	 -5.73222 	 -5.73178 	 1609.7 	 398.381 	 0.130133 	 -2.45788 	 0.636063 	 0.627343 	 1 	 1 
6.1e-05 	 -5.72718 	 -5.72664 	 1591.92 	 393.979 	 0.130007 	 -2.45406 	 0.636154 	 0.627438 	 1 	 1 
6.3e-05 	 -5.72228 	 -5.72164 	 1574.89 	 389.765 	 0.129882 	 -2.45035 	 0.636242 	 0.62753 	 1 	 1 
6.5e-05 	 -5.71751 	 -5.71676 	 1558.57 	 385.726 	 0.129758 	 -2.44674 	 0.636329 	 0.627621 	 1 	 1 
6.7e-05 	 -5.71286 	 -5.71201 	 1542.9 	 381.849 	 0.129635 	 -2.44323 	 0.636413 	 0.627708 	 1 	 1 
6.9e-05 	 -5.70832 	 -5.70738 	 1527.85 	 378.123 	 0.129513 	 -2.43981 	 0.636495 	 0.627794 	 1 	 1 
7.1e-05 	 -5.70389 	 -5.70285 	 1513.37 	 374.539 	 0.129392 	 -2.43648 	 0.636576 	 0.627878 	 1 	 1 
7.3e-05 	 -5.69956 	 -5.69844 	 1499.42 	 371.087 	 0.129272 	 -2.43323 	 0.636654 	 0.62796 	 1 	 1 
7.5e-05 	 -5.69533 	 -5.69412 	 1485.97 	 367.758 	 0.129153 	 -2.43006 	 0.636731 	 0.62804 	 1 	 1 
7.7e-05 	 -5.6912 	 -5.6899 	 1472.99 	 364.546 	 0.129036 	 -2.42696 	 0.636806 	 0.628118 	 1 	 1 
7.9e-05 	 -5.68715 	 -5.68577 	 1460.45 	 361.444 	 0.128919 	 -2.42394 	 0.63688 	 0.628195 	 1 	 1 
8.1e-05 	 -5.6832 	 -5.68172 	 1448.33 	 358.444 	 0.128803 	 -2.42099 	 0.636952 	 0.62827 	 1 	 1 
8.3e-05 	 -5.67932 	 -5.67776 	 1436.6 	 355.541 	 0.128688 	 -2.4181 	 0.637023 	 0.628343 	 1 	 1 
8.5e-05 	 -5.67552 	 -5.67388 	 1425.25 	 352.731 	 0.128574 	 -2.41527 	 0.637092 	 0.628415 	 1 	 1 
8.7e-05 	 -5.67179 	 -5.67008 	 1414.24 	 350.007 	 0.12846 	 -2.41251 	 0.63716 	 0.628486 	 1 	 1 
8.9e-05 	 -5.66814 	 -5.66634 	 1403.57 	 347.365 	 0.128348 	 -2.4098 	 0.637227 	 0.628556 	 1 	 1 
9.1e-05 	 -5.66456 	 -5.66268 	 1393.21 	 344.802 	 0.128237 	 -2.40714 	 0.637293 	 0.628624 	 1 	 1 
9.3e-05 	 -5.66104 	 -5.65909 	 1383.15 	 342.312 	 0.128126 	 -2.40454 	 0.637357 	 0.628691 	 1 	 1 
9.5e-05 	 -5.65759 	 -5.65556 	 1373.37 	 339.893 	 0.128017 	 -2.40199 	 0.637421 	 0.628756 	 1 	 1 
9.7e-05 	 -5.6542 	 -5.6521 	 1363.87 	 337.54 	 0.127908 	 -2.39949 	 0.637483 	 0.628821 	 1 	 1 
9.9e-05 	 -5.65086 	 -5.64869 	 1354.62 	 335.252 	 0.1278 	 -2.39704 	 0.637544 	 0.628884 	 1 	 1 
