k 	 Deltak 	 epsilonk 	 site 	 Deltai 	 check 
-3.14159 	 -1.50177e-18 	 1 	 0 	 0 	 12 
-3.07876 	 -0.000539644 	 0.998027 	 1 	 0.0105426 	 12 
-3.01593 	 -0.00108644 	 0.992115 	 2 	 -1.41914e-08 	 12 
-2.9531 	 -0.00164771 	 0.982287 	 3 	 -0.00324302 	 12 
-2.89027 	 -0.00223107 	 0.968583 	 4 	 7.21884e-09 	 12 
-2.82743 	 -0.0028446 	 0.951057 	 5 	 0.00101634 	 12 
-2.7646 	 -0.00349703 	 0.929776 	 6 	 -3.57686e-09 	 12 
-2.70177 	 -0.00419789 	 0.904827 	 7 	 -0.00032977 	 12 
-2.63894 	 -0.00495765 	 0.876307 	 8 	 1.68756e-09 	 12 
-2.57611 	 -0.00578789 	 0.844328 	 9 	 0.000110001 	 12 
-2.51327 	 -0.00670141 	 0.809017 	 10 	 -7.99609e-10 	 12 
-2.45044 	 -0.00771225 	 0.770513 	 11 	 -3.74285e-05 	 12 
-2.38761 	 -0.0088356 	 0.728969 	 12 	 3.25883e-10 	 12 
-2.32478 	 -0.0100874 	 0.684547 	 13 	 1.29185e-05 	 12 
-2.26195 	 -0.0114838 	 0.637424 	 14 	 -7.05427e-11 	 12 
-2.19911 	 -0.0130395 	 0.587785 	 15 	 -4.50665e-06 	 12 
-2.13628 	 -0.0147654 	 0.535827 	 16 	 -7.35699e-11 	 12 
-2.07345 	 -0.016665 	 0.481754 	 17 	 1.58521e-06 	 12 
-2.01062 	 -0.0187282 	 0.425779 	 18 	 1.56661e-10 	 12 
-1.94779 	 -0.0209231 	 0.368125 	 19 	 -5.6118e-07 	 12 
-1.88496 	 -0.0231862 	 0.309017 	 20 	 -2.01212e-10 	 12 
-1.82212 	 -0.0254123 	 0.24869 	 21 	 1.9947e-07 	 12 
-1.75929 	 -0.0274507 	 0.187381 	 22 	 2.24043e-10 	 12 
-1.69646 	 -0.029115 	 0.125333 	 23 	 -7.08362e-08 	 12 
-1.63363 	 -0.0302135 	 0.0627905 	 24 	 -2.31003e-10 	 12 
-1.5708 	 -0.0305983 	 -2.83277e-16 	 25 	 2.47816e-08 	 12 
-1.50796 	 -0.0302134 	 -0.0627905 	 26 	 2.28922e-10 	 12 
-1.44513 	 -0.0291147 	 -0.125333 	 27 	 -8.17074e-09 	 12 
-1.3823 	 -0.0274503 	 -0.187381 	 28 	 -2.19716e-10 	 12 
-1.31947 	 -0.0254118 	 -0.24869 	 29 	 2.11815e-09 	 12 
-1.25664 	 -0.0231857 	 -0.309017 	 30 	 2.06461e-10 	 12 
-1.19381 	 -0.0209226 	 -0.368125 	 31 	 1.21948e-10 	 12 
-1.13097 	 -0.0187277 	 -0.425779 	 32 	 -1.89914e-10 	 12 
-1.06814 	 -0.0166646 	 -0.481754 	 33 	 -9.75616e-10 	 12 
-1.00531 	 -0.014765 	 -0.535827 	 34 	 1.71536e-10 	 12 
-0.942478 	 -0.0130392 	 -0.587785 	 35 	 1.31815e-09 	 12 
-0.879646 	 -0.0114835 	 -0.637424 	 36 	 -1.51657e-10 	 12 
-0.816814 	 -0.0100872 	 -0.684547 	 37 	 -1.46874e-09 	 12 
-0.753982 	 -0.00883535 	 -0.728969 	 38 	 1.30985e-10 	 12 
-0.69115 	 -0.00771203 	 -0.770513 	 39 	 1.54381e-09 	 12 
-0.628319 	 -0.00670121 	 -0.809017 	 40 	 -1.09664e-10 	 12 
-0.565487 	 -0.00578771 	 -0.844328 	 41 	 -1.58689e-09 	 12 
-0.502655 	 -0.00495749 	 -0.876307 	 42 	 8.80327e-11 	 12 
-0.439823 	 -0.00419776 	 -0.904827 	 43 	 1.61418e-09 	 12 
-0.376991 	 -0.00349692 	 -0.929776 	 44 	 -6.61469e-11 	 12 
-0.314159 	 -0.0028445 	 -0.951057 	 45 	 -1.63213e-09 	 12 
-0.251327 	 -0.00223099 	 -0.968583 	 46 	 4.41594e-11 	 12 
-0.188496 	 -0.00164765 	 -0.982287 	 47 	 1.64323e-09 	 12 
-0.125664 	 -0.00108641 	 -0.992115 	 48 	 -2.20903e-11 	 12 
-0.0628319 	 -0.000539625 	 -0.998027 	 49 	 -1.6486e-09 	 12 
4.44089e-16 	 3.0079e-18 	 -1 	 50 	 -2.59098e-18 	 12 
0.0628319 	 0.000539625 	 -0.998027 	 51 	 1.6486e-09 	 12 
0.125664 	 0.00108641 	 -0.992115 	 52 	 2.20903e-11 	 12 
0.188496 	 0.00164765 	 -0.982287 	 53 	 -1.64323e-09 	 12 
0.251327 	 0.00223099 	 -0.968583 	 54 	 -4.41594e-11 	 12 
0.314159 	 0.0028445 	 -0.951057 	 55 	 1.63213e-09 	 12 
0.376991 	 0.00349691 	 -0.929776 	 56 	 6.61469e-11 	 12 
0.439823 	 0.00419775 	 -0.904827 	 57 	 -1.61418e-09 	 12 
0.502655 	 0.00495748 	 -0.876307 	 58 	 -8.80327e-11 	 12 
0.565487 	 0.0057877 	 -0.844328 	 59 	 1.58689e-09 	 12 
0.628319 	 0.00670119 	 -0.809017 	 60 	 1.09664e-10 	 12 
0.69115 	 0.007712 	 -0.770513 	 61 	 -1.54381e-09 	 12 
0.753982 	 0.00883532 	 -0.728969 	 62 	 -1.30985e-10 	 12 
0.816814 	 0.0100871 	 -0.684547 	 63 	 1.46874e-09 	 12 
0.879646 	 0.0114835 	 -0.637424 	 64 	 1.51657e-10 	 12 
0.942478 	 0.0130391 	 -0.587785 	 65 	 -1.31815e-09 	 12 
1.00531 	 0.014765 	 -0.535827 	 66 	 -1.71536e-10 	 12 
1.06814 	 0.0166645 	 -0.481754 	 67 	 9.75616e-10 	 12 
1.13097 	 0.0187276 	 -0.425779 	 68 	 1.89914e-10 	 12 
1.19381 	 0.0209225 	 -0.368125 	 69 	 -1.21948e-10 	 12 
1.25664 	 0.0231855 	 -0.309017 	 70 	 -2.06461e-10 	 12 
1.31947 	 0.0254116 	 -0.24869 	 71 	 -2.11815e-09 	 12 
1.3823 	 0.02745 	 -0.187381 	 72 	 2.19716e-10 	 12 
1.44513 	 0.0291143 	 -0.125333 	 73 	 8.17074e-09 	 12 
1.50796 	 0.0302128 	 -0.0627905 	 74 	 -2.28922e-10 	 12 
1.5708 	 0.0305976 	 -6.12323e-17 	 75 	 -2.47816e-08 	 12 
1.63363 	 0.0302128 	 0.0627905 	 76 	 2.31003e-10 	 12 
1.69646 	 0.0291141 	 0.125333 	 77 	 7.08362e-08 	 12 
1.75929 	 0.0274497 	 0.187381 	 78 	 -2.24043e-10 	 12 
1.82212 	 0.0254113 	 0.24869 	 79 	 -1.9947e-07 	 12 
1.88496 	 0.0231852 	 0.309017 	 80 	 2.01212e-10 	 12 
1.94779 	 0.0209222 	 0.368125 	 81 	 5.6118e-07 	 12 
2.01062 	 0.0187273 	 0.425779 	 82 	 -1.56661e-10 	 12 
2.07345 	 0.0166642 	 0.481754 	 83 	 -1.58521e-06 	 12 
2.13628 	 0.0147647 	 0.535827 	 84 	 7.35699e-11 	 12 
2.19911 	 0.0130389 	 0.587785 	 85 	 4.50665e-06 	 12 
2.26195 	 0.0114833 	 0.637424 	 86 	 7.05427e-11 	 12 
2.32478 	 0.0100869 	 0.684547 	 87 	 -1.29185e-05 	 12 
2.38761 	 0.00883515 	 0.728969 	 88 	 -3.25883e-10 	 12 
2.45044 	 0.00771185 	 0.770513 	 89 	 3.74285e-05 	 12 
2.51327 	 0.00670106 	 0.809017 	 90 	 7.99609e-10 	 12 
2.57611 	 0.00578758 	 0.844328 	 91 	 -0.000110001 	 12 
2.63894 	 0.00495738 	 0.876307 	 92 	 -1.68756e-09 	 12 
2.70177 	 0.00419766 	 0.904827 	 93 	 0.00032977 	 12 
2.7646 	 0.00349684 	 0.929776 	 94 	 3.57686e-09 	 12 
2.82743 	 0.00284444 	 0.951057 	 95 	 -0.00101634 	 12 
2.89027 	 0.00223094 	 0.968583 	 96 	 -7.21884e-09 	 12 
2.9531 	 0.00164762 	 0.982287 	 97 	 0.00324302 	 12 
3.01593 	 0.00108638 	 0.992115 	 98 	 1.41914e-08 	 12 
3.07876 	 0.000539613 	 0.998027 	 99 	 -0.0105426 	 12 

 
-3.14159 	 -6.64787e-18 	 1 	 0 	 0 	 21 
-3.07876 	 -0.00414749 	 0.998027 	 1 	 0.0637854 	 21 
-3.01593 	 -0.00833902 	 0.992115 	 2 	 1.14441e-07 	 21 
-2.9531 	 -0.012619 	 0.982287 	 3 	 -0.0142691 	 21 
-2.89027 	 -0.0170328 	 0.968583 	 4 	 5.47754e-09 	 21 
-2.82743 	 -0.0216267 	 0.951057 	 5 	 0.00318335 	 21 
-2.7646 	 -0.0264484 	 0.929776 	 6 	 -1.58941e-08 	 21 
-2.70177 	 -0.0315469 	 0.904827 	 7 	 -0.00073946 	 21 
-2.63894 	 -0.0369724 	 0.876307 	 8 	 1.60114e-08 	 21 
-2.57611 	 -0.0427755 	 0.844328 	 9 	 0.000178067 	 21 
-2.51327 	 -0.0490061 	 0.809017 	 10 	 -1.09e-08 	 21 
-2.45044 	 -0.0557112 	 0.770513 	 11 	 -4.40371e-05 	 21 
-2.38761 	 -0.0629322 	 0.728969 	 12 	 7.49888e-09 	 21 
-2.32478 	 -0.0707001 	 0.684547 	 13 	 1.11026e-05 	 21 
-2.26195 	 -0.0790292 	 0.637424 	 14 	 -4.95216e-09 	 21 
-2.19911 	 -0.0879082 	 0.587785 	 15 	 -2.84046e-06 	 21 
-2.13628 	 -0.0972892 	 0.535827 	 16 	 3.23288e-09 	 21 
-2.07345 	 -0.107074 	 0.481754 	 17 	 7.36678e-07 	 21 
-2.01062 	 -0.117097 	 0.425779 	 18 	 -2.14124e-09 	 21 
-1.94779 	 -0.127115 	 0.368125 	 19 	 -1.94353e-07 	 21 
-1.88496 	 -0.136795 	 0.309017 	 20 	 1.36655e-09 	 21 
-1.82212 	 -0.145718 	 0.24869 	 21 	 5.31039e-08 	 21 
-1.75929 	 -0.153403 	 0.187381 	 22 	 -9.02049e-10 	 21 
-1.69646 	 -0.159354 	 0.125333 	 23 	 -1.55983e-08 	 21 
-1.63363 	 -0.163131 	 0.0627905 	 24 	 5.63149e-10 	 21 
-1.5708 	 -0.164426 	 -2.83277e-16 	 25 	 5.38606e-09 	 21 
-1.50796 	 -0.16313 	 -0.0627905 	 26 	 -3.67755e-10 	 21 
-1.44513 	 -0.159354 	 -0.125333 	 27 	 -2.33222e-09 	 21 
-1.3823 	 -0.153403 	 -0.187381 	 28 	 2.22966e-10 	 21 
-1.31947 	 -0.145719 	 -0.24869 	 29 	 1.3035e-09 	 21 
-1.25664 	 -0.136796 	 -0.309017 	 30 	 -1.4292e-10 	 21 
-1.19381 	 -0.127117 	 -0.368125 	 31 	 -8.31388e-10 	 21 
-1.13097 	 -0.117099 	 -0.425779 	 32 	 8.28187e-11 	 21 
-1.06814 	 -0.107076 	 -0.481754 	 33 	 5.817e-10 	 21 
-1.00531 	 -0.0972915 	 -0.535827 	 34 	 -5.14945e-11 	 21 
-0.942478 	 -0.0879107 	 -0.587785 	 35 	 -4.09263e-10 	 21 
-0.879646 	 -0.0790317 	 -0.637424 	 36 	 2.755e-11 	 21 
-0.816814 	 -0.0707025 	 -0.684547 	 37 	 2.96619e-10 	 21 
-0.753982 	 -0.0629345 	 -0.728969 	 38 	 -1.62464e-11 	 21 
-0.69115 	 -0.0557134 	 -0.770513 	 39 	 -2.12018e-10 	 21 
-0.628319 	 -0.0490082 	 -0.809017 	 40 	 7.35117e-12 	 21 
-0.565487 	 -0.0427775 	 -0.844328 	 41 	 1.55456e-10 	 21 
-0.502655 	 -0.0369743 	 -0.876307 	 42 	 -3.91383e-12 	 21 
-0.439823 	 -0.0315486 	 -0.904827 	 43 	 -1.14009e-10 	 21 
-0.376991 	 -0.0264499 	 -0.929776 	 44 	 1.08405e-12 	 21 
-0.314159 	 -0.021628 	 -0.951057 	 45 	 8.77126e-11 	 21 
-0.251327 	 -0.0170338 	 -0.968583 	 46 	 -4.70064e-13 	 21 
-0.188496 	 -0.0126198 	 -0.982287 	 47 	 -7.08037e-11 	 21 
-0.125664 	 -0.00833956 	 -0.992115 	 48 	 -6.15323e-14 	 21 
-0.0628319 	 -0.00414776 	 -0.998027 	 49 	 6.31791e-11 	 21 
4.44089e-16 	 2.79807e-17 	 -1 	 50 	 -1.10653e-17 	 21 
0.0628319 	 0.00414777 	 -0.998027 	 51 	 -6.3179e-11 	 21 
0.125664 	 0.00833957 	 -0.992115 	 52 	 6.1581e-14 	 21 
0.188496 	 0.0126199 	 -0.982287 	 53 	 7.08037e-11 	 21 
0.251327 	 0.0170339 	 -0.968583 	 54 	 4.70183e-13 	 21 
0.314159 	 0.0216281 	 -0.951057 	 55 	 -8.77127e-11 	 21 
0.376991 	 0.02645 	 -0.929776 	 56 	 -1.08421e-12 	 21 
0.439823 	 0.0315488 	 -0.904827 	 57 	 1.14009e-10 	 21 
0.502655 	 0.0369746 	 -0.876307 	 58 	 3.91406e-12 	 21 
0.565487 	 0.042778 	 -0.844328 	 59 	 -1.55456e-10 	 21 
0.628319 	 0.0490088 	 -0.809017 	 60 	 -7.35131e-12 	 21 
0.69115 	 0.0557142 	 -0.770513 	 61 	 2.12018e-10 	 21 
0.753982 	 0.0629355 	 -0.728969 	 62 	 1.62466e-11 	 21 
0.816814 	 0.0707037 	 -0.684547 	 63 	 -2.96619e-10 	 21 
0.879646 	 0.079033 	 -0.637424 	 64 	 -2.75503e-11 	 21 
0.942478 	 0.0879123 	 -0.587785 	 65 	 4.09263e-10 	 21 
1.00531 	 0.0972935 	 -0.535827 	 66 	 5.14946e-11 	 21 
1.06814 	 0.107078 	 -0.481754 	 67 	 -5.817e-10 	 21 
1.13097 	 0.117102 	 -0.425779 	 68 	 -8.28186e-11 	 21 
1.19381 	 0.12712 	 -0.368125 	 69 	 8.31388e-10 	 21 
1.25664 	 0.1368 	 -0.309017 	 70 	 1.4292e-10 	 21 
1.31947 	 0.145723 	 -0.24869 	 71 	 -1.3035e-09 	 21 
1.3823 	 0.153408 	 -0.187381 	 72 	 -2.22966e-10 	 21 
1.44513 	 0.159359 	 -0.125333 	 73 	 2.33222e-09 	 21 
1.50796 	 0.163135 	 -0.0627905 	 74 	 3.67756e-10 	 21 
1.5708 	 0.164431 	 -6.12323e-17 	 75 	 -5.38606e-09 	 21 
1.63363 	 0.163135 	 0.0627905 	 76 	 -5.63149e-10 	 21 
1.69646 	 0.159358 	 0.125333 	 77 	 1.55983e-08 	 21 
1.75929 	 0.153407 	 0.187381 	 78 	 9.0205e-10 	 21 
1.82212 	 0.145723 	 0.24869 	 79 	 -5.31039e-08 	 21 
1.88496 	 0.1368 	 0.309017 	 80 	 -1.36655e-09 	 21 
1.94779 	 0.127121 	 0.368125 	 81 	 1.94353e-07 	 21 
2.01062 	 0.117103 	 0.425779 	 82 	 2.14124e-09 	 21 
2.07345 	 0.107079 	 0.481754 	 83 	 -7.36678e-07 	 21 
2.13628 	 0.0972948 	 0.535827 	 84 	 -3.23288e-09 	 21 
2.19911 	 0.0879137 	 0.587785 	 85 	 2.84046e-06 	 21 
2.26195 	 0.0790345 	 0.637424 	 86 	 4.95216e-09 	 21 
2.32478 	 0.0707051 	 0.684547 	 87 	 -1.11026e-05 	 21 
2.38761 	 0.0629369 	 0.728969 	 88 	 -7.49888e-09 	 21 
2.45044 	 0.0557155 	 0.770513 	 89 	 4.40371e-05 	 21 
2.51327 	 0.0490101 	 0.809017 	 90 	 1.09e-08 	 21 
2.57611 	 0.0427792 	 0.844328 	 91 	 -0.000178067 	 21 
2.63894 	 0.0369757 	 0.876307 	 92 	 -1.60114e-08 	 21 
2.70177 	 0.0315498 	 0.904827 	 93 	 0.00073946 	 21 
2.7646 	 0.0264509 	 0.929776 	 94 	 1.58941e-08 	 21 
2.82743 	 0.0216288 	 0.951057 	 95 	 -0.00318335 	 21 
2.89027 	 0.0170345 	 0.968583 	 96 	 -5.47754e-09 	 21 
2.9531 	 0.0126203 	 0.982287 	 97 	 0.0142691 	 21 
3.01593 	 0.00833989 	 0.992115 	 98 	 -1.14441e-07 	 21 
3.07876 	 0.00414793 	 0.998027 	 99 	 -0.0637854 	 21 

 
-3.14159 	 -4.01607e-17 	 1 	 0 	 0 	 28 
-3.07876 	 -0.0230989 	 0.998027 	 1 	 0.243056 	 28 
-3.01593 	 -0.0462903 	 0.992115 	 2 	 3.03614e-08 	 28 
-2.9531 	 -0.0696637 	 0.982287 	 3 	 -0.0222126 	 28 
-2.89027 	 -0.0933022 	 0.968583 	 4 	 3.87494e-07 	 28 
-2.82743 	 -0.11728 	 0.951057 	 5 	 0.0015761 	 28 
-2.7646 	 -0.141656 	 0.929776 	 6 	 -1.79174e-09 	 28 
-2.70177 	 -0.166473 	 0.904827 	 7 	 -8.8643e-05 	 28 
-2.63894 	 -0.191752 	 0.876307 	 8 	 1.29738e-08 	 28 
-2.57611 	 -0.217486 	 0.844328 	 9 	 2.94348e-06 	 28 
-2.51327 	 -0.243635 	 0.809017 	 10 	 5.50423e-09 	 28 
-2.45044 	 -0.270123 	 0.770513 	 11 	 1.34024e-07 	 28 
-2.38761 	 -0.296829 	 0.728969 	 12 	 2.4033e-11 	 28 
-2.32478 	 -0.323586 	 0.684547 	 13 	 -3.64007e-08 	 28 
-2.26195 	 -0.350178 	 0.637424 	 14 	 1.14898e-10 	 28 
-2.19911 	 -0.376337 	 0.587785 	 15 	 6.3593e-09 	 28 
-2.13628 	 -0.401748 	 0.535827 	 16 	 -3.91769e-10 	 28 
-2.07345 	 -0.426052 	 0.481754 	 17 	 8.06815e-10 	 28 
-2.01062 	 -0.448858 	 0.425779 	 18 	 -3.43028e-10 	 28 
-1.94779 	 -0.469752 	 0.368125 	 19 	 9.62295e-10 	 28 
-1.88496 	 -0.48832 	 0.309017 	 20 	 -2.87741e-10 	 28 
-1.82212 	 -0.504159 	 0.24869 	 21 	 6.29915e-10 	 28 
-1.75929 	 -0.516904 	 0.187381 	 22 	 -2.18639e-10 	 28 
-1.69646 	 -0.526246 	 0.125333 	 23 	 4.31374e-10 	 28 
-1.63363 	 -0.531949 	 0.0627905 	 24 	 -1.5887e-10 	 28 
-1.5708 	 -0.533867 	 -2.83277e-16 	 25 	 2.8862e-10 	 28 
-1.50796 	 -0.531948 	 -0.0627905 	 26 	 -1.13623e-10 	 28 
-1.44513 	 -0.526243 	 -0.125333 	 27 	 1.92357e-10 	 28 
-1.3823 	 -0.5169 	 -0.187381 	 28 	 -8.03196e-11 	 28 
-1.31947 	 -0.504153 	 -0.24869 	 29 	 1.2803e-10 	 28 
-1.25664 	 -0.488314 	 -0.309017 	 30 	 -5.66114e-11 	 28 
-1.19381 	 -0.469747 	 -0.368125 	 31 	 8.52997e-11 	 28 
-1.13097 	 -0.448852 	 -0.425779 	 32 	 -3.9902e-11 	 28 
-1.06814 	 -0.426047 	 -0.481754 	 33 	 5.70326e-11 	 28 
-1.00531 	 -0.401744 	 -0.535827 	 34 	 -2.81836e-11 	 28 
-0.942478 	 -0.376334 	 -0.587785 	 35 	 3.8301e-11 	 28 
-0.879646 	 -0.350176 	 -0.637424 	 36 	 -1.99549e-11 	 28 
-0.816814 	 -0.323586 	 -0.684547 	 37 	 2.58347e-11 	 28 
-0.753982 	 -0.296831 	 -0.728969 	 38 	 -1.41373e-11 	 28 
-0.69115 	 -0.270126 	 -0.770513 	 39 	 1.74652e-11 	 28 
-0.628319 	 -0.24364 	 -0.809017 	 40 	 -9.97563e-12 	 28 
-0.565487 	 -0.217492 	 -0.844328 	 41 	 1.17639e-11 	 28 
-0.502655 	 -0.191759 	 -0.876307 	 42 	 -6.93851e-12 	 28 
-0.439823 	 -0.16648 	 -0.904827 	 43 	 7.79189e-12 	 28 
-0.376991 	 -0.141663 	 -0.929776 	 44 	 -4.65697e-12 	 28 
-0.314159 	 -0.117286 	 -0.951057 	 45 	 4.91715e-12 	 28 
-0.251327 	 -0.0933085 	 -0.968583 	 46 	 -2.86341e-12 	 28 
-0.188496 	 -0.0696688 	 -0.982287 	 47 	 2.71222e-12 	 28 
-0.125664 	 -0.046294 	 -0.992115 	 48 	 -1.36335e-12 	 28 
-0.0628319 	 -0.0231008 	 -0.998027 	 49 	 8.66575e-13 	 28 
4.44089e-16 	 1.58011e-16 	 -1 	 50 	 -1.07443e-17 	 28 
0.0628319 	 0.0231008 	 -0.998027 	 51 	 -8.66069e-13 	 28 
0.125664 	 0.0462941 	 -0.992115 	 52 	 1.36356e-12 	 28 
0.188496 	 0.0696692 	 -0.982287 	 53 	 -2.71231e-12 	 28 
0.251327 	 0.0933093 	 -0.968583 	 54 	 2.86384e-12 	 28 
0.314159 	 0.117288 	 -0.951057 	 55 	 -4.91756e-12 	 28 
0.376991 	 0.141665 	 -0.929776 	 56 	 4.65636e-12 	 28 
0.439823 	 0.166484 	 -0.904827 	 57 	 -7.79104e-12 	 28 
0.502655 	 0.191763 	 -0.876307 	 58 	 6.93936e-12 	 28 
0.565487 	 0.217498 	 -0.844328 	 59 	 -1.17655e-11 	 28 
0.628319 	 0.243648 	 -0.809017 	 60 	 9.97523e-12 	 28 
0.69115 	 0.270135 	 -0.770513 	 61 	 -1.74647e-11 	 28 
0.753982 	 0.296841 	 -0.728969 	 62 	 1.4138e-11 	 28 
0.816814 	 0.323598 	 -0.684547 	 63 	 -2.58346e-11 	 28 
0.879646 	 0.350189 	 -0.637424 	 64 	 1.9954e-11 	 28 
0.942478 	 0.376348 	 -0.587785 	 65 	 -3.83008e-11 	 28 
1.00531 	 0.401759 	 -0.535827 	 66 	 2.81839e-11 	 28 
1.06814 	 0.426062 	 -0.481754 	 67 	 -5.70322e-11 	 28 
1.13097 	 0.448868 	 -0.425779 	 68 	 3.99024e-11 	 28 
1.19381 	 0.469762 	 -0.368125 	 69 	 -8.52999e-11 	 28 
1.25664 	 0.488329 	 -0.309017 	 70 	 5.66114e-11 	 28 
1.31947 	 0.504167 	 -0.24869 	 71 	 -1.2803e-10 	 28 
1.3823 	 0.516912 	 -0.187381 	 72 	 8.03197e-11 	 28 
1.44513 	 0.526254 	 -0.125333 	 73 	 -1.92357e-10 	 28 
1.50796 	 0.531958 	 -0.0627905 	 74 	 1.13623e-10 	 28 
1.5708 	 0.533876 	 -6.12323e-17 	 75 	 -2.8862e-10 	 28 
1.63363 	 0.531957 	 0.0627905 	 76 	 1.58869e-10 	 28 
1.69646 	 0.526253 	 0.125333 	 77 	 -4.31375e-10 	 28 
1.75929 	 0.51691 	 0.187381 	 78 	 2.18641e-10 	 28 
1.82212 	 0.504165 	 0.24869 	 79 	 -6.29915e-10 	 28 
1.88496 	 0.488326 	 0.309017 	 80 	 2.87741e-10 	 28 
1.94779 	 0.469759 	 0.368125 	 81 	 -9.62295e-10 	 28 
2.01062 	 0.448865 	 0.425779 	 82 	 3.43028e-10 	 28 
2.07345 	 0.42606 	 0.481754 	 83 	 -8.06815e-10 	 28 
2.13628 	 0.401757 	 0.535827 	 84 	 3.91768e-10 	 28 
2.19911 	 0.376347 	 0.587785 	 85 	 -6.3593e-09 	 28 
2.26195 	 0.350189 	 0.637424 	 86 	 -1.14898e-10 	 28 
2.32478 	 0.323599 	 0.684547 	 87 	 3.64007e-08 	 28 
2.38761 	 0.296842 	 0.728969 	 88 	 -2.40329e-11 	 28 
2.45044 	 0.270137 	 0.770513 	 89 	 -1.34024e-07 	 28 
2.51327 	 0.24365 	 0.809017 	 90 	 -5.50423e-09 	 28 
2.57611 	 0.217501 	 0.844328 	 91 	 -2.94348e-06 	 28 
2.63894 	 0.191767 	 0.876307 	 92 	 -1.29738e-08 	 28 
2.70177 	 0.166488 	 0.904827 	 93 	 8.8643e-05 	 28 
2.7646 	 0.141669 	 0.929776 	 94 	 1.79174e-09 	 28 
2.82743 	 0.117292 	 0.951057 	 95 	 -0.0015761 	 28 
2.89027 	 0.0933127 	 0.968583 	 96 	 -3.87494e-07 	 28 
2.9531 	 0.069672 	 0.982287 	 97 	 0.0222126 	 28 
3.01593 	 0.046296 	 0.992115 	 98 	 -3.03614e-08 	 28 
3.07876 	 0.0231018 	 0.998027 	 99 	 -0.243056 	 28 

 
-3.14159 	 -9.74962e-17 	 1 	 0 	 0 	 33 
-3.07876 	 -0.0551683 	 0.998027 	 1 	 0.455644 	 33 
-3.01593 	 -0.110189 	 0.992115 	 2 	 -1.38508e-06 	 33 
-2.9531 	 -0.164912 	 0.982287 	 3 	 -0.00522544 	 33 
-2.89027 	 -0.219183 	 0.968583 	 4 	 1.51041e-06 	 33 
-2.82743 	 -0.272841 	 0.951057 	 5 	 -0.000140283 	 33 
-2.7646 	 -0.325716 	 0.929776 	 6 	 7.40069e-07 	 33 
-2.70177 	 -0.377629 	 0.904827 	 7 	 2.37222e-06 	 33 
-2.63894 	 -0.428393 	 0.876307 	 8 	 1.89052e-07 	 33 
-2.57611 	 -0.477811 	 0.844328 	 9 	 -5.32034e-08 	 33 
-2.51327 	 -0.525678 	 0.809017 	 10 	 5.59188e-08 	 33 
-2.45044 	 -0.571785 	 0.770513 	 11 	 -2.78694e-08 	 33 
-2.38761 	 -0.615916 	 0.728969 	 12 	 1.44568e-08 	 33 
-2.32478 	 -0.657854 	 0.684547 	 13 	 6.2945e-09 	 33 
-2.26195 	 -0.697384 	 0.637424 	 14 	 4.33886e-10 	 33 
-2.19911 	 -0.734295 	 0.587785 	 15 	 1.30798e-08 	 33 
-2.13628 	 -0.768383 	 0.535827 	 16 	 -3.46276e-09 	 33 
-2.07345 	 -0.799453 	 0.481754 	 17 	 1.22154e-08 	 33 
-2.01062 	 -0.827324 	 0.425779 	 18 	 -3.90133e-09 	 33 
-1.94779 	 -0.851832 	 0.368125 	 19 	 9.50326e-09 	 33 
-1.88496 	 -0.872828 	 0.309017 	 20 	 -3.30458e-09 	 33 
-1.82212 	 -0.890186 	 0.24869 	 21 	 6.84273e-09 	 33 
-1.75929 	 -0.903798 	 0.187381 	 22 	 -2.52667e-09 	 33 
-1.69646 	 -0.913581 	 0.125333 	 23 	 4.73529e-09 	 33 
-1.63363 	 -0.919475 	 0.0627905 	 24 	 -1.84163e-09 	 33 
-1.5708 	 -0.921441 	 -2.83277e-16 	 25 	 3.20604e-09 	 33 
-1.50796 	 -0.91947 	 -0.0627905 	 26 	 -1.31025e-09 	 33 
-1.44513 	 -0.913572 	 -0.125333 	 27 	 2.14508e-09 	 33 
-1.3823 	 -0.903785 	 -0.187381 	 28 	 -9.21257e-10 	 33 
-1.31947 	 -0.890168 	 -0.24869 	 29 	 1.42729e-09 	 33 
-1.25664 	 -0.872806 	 -0.309017 	 30 	 -6.44794e-10 	 33 
-1.19381 	 -0.851806 	 -0.368125 	 31 	 9.48497e-10 	 33 
-1.13097 	 -0.827296 	 -0.425779 	 32 	 -4.51202e-10 	 33 
-1.06814 	 -0.799422 	 -0.481754 	 33 	 6.31419e-10 	 33 
-1.00531 	 -0.768351 	 -0.535827 	 34 	 -3.16428e-10 	 33 
-0.942478 	 -0.734264 	 -0.587785 	 35 	 4.21852e-10 	 33 
-0.879646 	 -0.697354 	 -0.637424 	 36 	 -2.22538e-10 	 33 
-0.816814 	 -0.657827 	 -0.684547 	 37 	 2.82989e-10 	 33 
-0.753982 	 -0.615894 	 -0.728969 	 38 	 -1.56716e-10 	 33 
-0.69115 	 -0.571769 	 -0.770513 	 39 	 1.90292e-10 	 33 
-0.628319 	 -0.52567 	 -0.809017 	 40 	 -1.10006e-10 	 33 
-0.565487 	 -0.477811 	 -0.844328 	 41 	 1.27565e-10 	 33 
-0.502655 	 -0.428401 	 -0.876307 	 42 	 -7.61927e-11 	 33 
-0.439823 	 -0.377646 	 -0.904827 	 43 	 8.41432e-11 	 33 
-0.376991 	 -0.325739 	 -0.929776 	 44 	 -5.0965e-11 	 33 
-0.314159 	 -0.272868 	 -0.951057 	 45 	 5.29367e-11 	 33 
-0.251327 	 -0.219211 	 -0.968583 	 46 	 -3.12676e-11 	 33 
-0.188496 	 -0.164937 	 -0.982287 	 47 	 2.91367e-11 	 33 
-0.125664 	 -0.110208 	 -0.992115 	 48 	 -1.4866e-11 	 33 
-0.0628319 	 -0.0551785 	 -0.998027 	 49 	 9.29779e-12 	 33 
4.44089e-16 	 3.79091e-16 	 -1 	 50 	 1.19912e-17 	 33 
0.0628319 	 0.0551785 	 -0.998027 	 51 	 -9.29674e-12 	 33 
0.125664 	 0.110209 	 -0.992115 	 52 	 1.48664e-11 	 33 
0.188496 	 0.16494 	 -0.982287 	 53 	 -2.91369e-11 	 33 
0.251327 	 0.219218 	 -0.968583 	 54 	 3.12684e-11 	 33 
0.314159 	 0.272881 	 -0.951057 	 55 	 -5.29374e-11 	 33 
0.376991 	 0.325759 	 -0.929776 	 56 	 5.09639e-11 	 33 
0.439823 	 0.377674 	 -0.904827 	 57 	 -8.41417e-11 	 33 
0.502655 	 0.428439 	 -0.876307 	 58 	 7.61943e-11 	 33 
0.565487 	 0.477856 	 -0.844328 	 59 	 -1.27568e-10 	 33 
0.628319 	 0.525722 	 -0.809017 	 60 	 1.10005e-10 	 33 
0.69115 	 0.571826 	 -0.770513 	 61 	 -1.90291e-10 	 33 
0.753982 	 0.615955 	 -0.728969 	 62 	 1.56718e-10 	 33 
0.816814 	 0.657891 	 -0.684547 	 63 	 -2.82988e-10 	 33 
0.879646 	 0.697419 	 -0.637424 	 64 	 2.22536e-10 	 33 
0.942478 	 0.734327 	 -0.587785 	 65 	 -4.21852e-10 	 33 
1.00531 	 0.768412 	 -0.535827 	 66 	 3.16428e-10 	 33 
1.06814 	 0.79948 	 -0.481754 	 67 	 -6.31419e-10 	 33 
1.13097 	 0.82735 	 -0.425779 	 68 	 4.51202e-10 	 33 
1.19381 	 0.851857 	 -0.368125 	 69 	 -9.48497e-10 	 33 
1.25664 	 0.872852 	 -0.309017 	 70 	 6.44794e-10 	 33 
1.31947 	 0.890209 	 -0.24869 	 71 	 -1.42728e-09 	 33 
1.3823 	 0.903821 	 -0.187381 	 72 	 9.21257e-10 	 33 
1.44513 	 0.913604 	 -0.125333 	 73 	 -2.14508e-09 	 33 
1.50796 	 0.919498 	 -0.0627905 	 74 	 1.31025e-09 	 33 
1.5708 	 0.921466 	 -6.12323e-17 	 75 	 -3.20604e-09 	 33 
1.63363 	 0.919497 	 0.0627905 	 76 	 1.84163e-09 	 33 
1.69646 	 0.913601 	 0.125333 	 77 	 -4.73529e-09 	 33 
1.75929 	 0.903816 	 0.187381 	 78 	 2.52667e-09 	 33 
1.82212 	 0.890202 	 0.24869 	 79 	 -6.84273e-09 	 33 
1.88496 	 0.872843 	 0.309017 	 80 	 3.30458e-09 	 33 
1.94779 	 0.851846 	 0.368125 	 81 	 -9.50326e-09 	 33 
2.01062 	 0.827339 	 0.425779 	 82 	 3.90133e-09 	 33 
2.07345 	 0.799469 	 0.481754 	 83 	 -1.22154e-08 	 33 
2.13628 	 0.7684 	 0.535827 	 84 	 3.46276e-09 	 33 
2.19911 	 0.734316 	 0.587785 	 85 	 -1.30798e-08 	 33 
2.26195 	 0.697408 	 0.637424 	 86 	 -4.33886e-10 	 33 
2.32478 	 0.657882 	 0.684547 	 87 	 -6.2945e-09 	 33 
2.38761 	 0.615948 	 0.728969 	 88 	 -1.44568e-08 	 33 
2.45044 	 0.571823 	 0.770513 	 89 	 2.78694e-08 	 33 
2.51327 	 0.525722 	 0.809017 	 90 	 -5.59188e-08 	 33 
2.57611 	 0.477859 	 0.844328 	 91 	 5.32034e-08 	 33 
2.63894 	 0.428446 	 0.876307 	 92 	 -1.89052e-07 	 33 
2.70177 	 0.377685 	 0.904827 	 93 	 -2.37222e-06 	 33 
2.7646 	 0.325773 	 0.929776 	 94 	 -7.40069e-07 	 33 
2.82743 	 0.272897 	 0.951057 	 95 	 0.000140283 	 33 
2.89027 	 0.219234 	 0.968583 	 96 	 -1.51041e-06 	 33 
2.9531 	 0.164954 	 0.982287 	 97 	 0.00522544 	 33 
3.01593 	 0.110219 	 0.992115 	 98 	 1.38508e-06 	 33 
3.07876 	 0.055184 	 0.998027 	 99 	 -0.455644 	 33 

 
-3.14159 	 -1.68496e-16 	 1 	 0 	 0 	 37 
-3.07876 	 -0.0942351 	 0.998027 	 1 	 0.671984 	 37 
-3.01593 	 -0.187689 	 0.992115 	 2 	 -3.36389e-06 	 37 
-2.9531 	 -0.279612 	 0.982287 	 3 	 0.0227291 	 37 
-2.89027 	 -0.36931 	 0.968583 	 4 	 1.55469e-06 	 37 
-2.82743 	 -0.456166 	 0.951057 	 5 	 0.00192822 	 37 
-2.7646 	 -0.539654 	 0.929776 	 6 	 1.60953e-06 	 37 
-2.70177 	 -0.619349 	 0.904827 	 7 	 0.00015994 	 37 
-2.63894 	 -0.694925 	 0.876307 	 8 	 7.45403e-07 	 37 
-2.57611 	 -0.766147 	 0.844328 	 9 	 1.36822e-05 	 37 
-2.51327 	 -0.832865 	 0.809017 	 10 	 2.85101e-07 	 37 
-2.45044 	 -0.894995 	 0.770513 	 11 	 1.0956e-06 	 37 
-2.38761 	 -0.952508 	 0.728969 	 12 	 9.33839e-08 	 37 
-2.32478 	 -1.00542 	 0.684547 	 13 	 6.98669e-08 	 37 
-2.26195 	 -1.05376 	 0.637424 	 14 	 2.03096e-08 	 37 
-2.19911 	 -1.0976 	 0.587785 	 15 	 1.86575e-08 	 37 
-2.13628 	 -1.13701 	 0.535827 	 16 	 -4.52955e-09 	 37 
-2.07345 	 -1.17204 	 0.481754 	 17 	 2.55066e-08 	 37 
-2.01062 	 -1.20279 	 0.425779 	 18 	 -1.08091e-08 	 37 
-1.94779 	 -1.2293 	 0.368125 	 19 	 2.52339e-08 	 37 
-1.88496 	 -1.25163 	 0.309017 	 20 	 -1.05747e-08 	 37 
-1.82212 	 -1.26984 	 0.24869 	 21 	 2.05331e-08 	 37 
-1.75929 	 -1.28396 	 0.187381 	 22 	 -8.51824e-09 	 37 
-1.69646 	 -1.29402 	 0.125333 	 23 	 1.51741e-08 	 37 
-1.63363 	 -1.30005 	 0.0627905 	 24 	 -6.3316e-09 	 37 
-1.5708 	 -1.30206 	 -2.83277e-16 	 25 	 1.06424e-08 	 37 
-1.50796 	 -1.30004 	 -0.0627905 	 26 	 -4.52406e-09 	 37 
-1.44513 	 -1.29401 	 -0.125333 	 27 	 7.24339e-09 	 37 
-1.3823 	 -1.28394 	 -0.187381 	 28 	 -3.16848e-09 	 37 
-1.31947 	 -1.26982 	 -0.24869 	 29 	 4.84606e-09 	 37 
-1.25664 	 -1.2516 	 -0.309017 	 30 	 -2.19875e-09 	 37 
-1.19381 	 -1.22926 	 -0.368125 	 31 	 3.21323e-09 	 37 
-1.13097 	 -1.20275 	 -0.425779 	 32 	 -1.52165e-09 	 37 
-1.06814 	 -1.172 	 -0.481754 	 33 	 2.12333e-09 	 37 
-1.00531 	 -1.13696 	 -0.535827 	 34 	 -1.05418e-09 	 37 
-0.942478 	 -1.09755 	 -0.587785 	 35 	 1.40358e-09 	 37 
-0.879646 	 -1.05371 	 -0.637424 	 36 	 -7.323e-10 	 37 
-0.816814 	 -1.00536 	 -0.684547 	 37 	 9.29929e-10 	 37 
-0.753982 	 -0.952456 	 -0.728969 	 38 	 -5.09707e-10 	 37 
-0.69115 	 -0.894947 	 -0.770513 	 39 	 6.17281e-10 	 37 
-0.628319 	 -0.832825 	 -0.809017 	 40 	 -3.54046e-10 	 37 
-0.565487 	 -0.766118 	 -0.844328 	 41 	 4.08718e-10 	 37 
-0.502655 	 -0.694909 	 -0.876307 	 42 	 -2.43048e-10 	 37 
-0.439823 	 -0.619349 	 -0.904827 	 43 	 2.66666e-10 	 37 
-0.376991 	 -0.539669 	 -0.929776 	 44 	 -1.61427e-10 	 37 
-0.314159 	 -0.456195 	 -0.951057 	 45 	 1.66307e-10 	 37 
-0.251327 	 -0.369348 	 -0.968583 	 46 	 -9.85359e-11 	 37 
-0.188496 	 -0.279652 	 -0.982287 	 47 	 9.09812e-11 	 37 
-0.125664 	 -0.187722 	 -0.992115 	 48 	 -4.67046e-11 	 37 
-0.0628319 	 -0.0942529 	 -0.998027 	 49 	 2.89421e-11 	 37 
4.44089e-16 	 6.49438e-16 	 -1 	 50 	 4.02143e-17 	 37 
0.0628319 	 0.0942531 	 -0.998027 	 51 	 -2.89405e-11 	 37 
0.125664 	 0.187724 	 -0.992115 	 52 	 4.67052e-11 	 37 
0.188496 	 0.27966 	 -0.982287 	 53 	 -9.09814e-11 	 37 
0.251327 	 0.369367 	 -0.968583 	 54 	 9.8537e-11 	 37 
0.314159 	 0.456227 	 -0.951057 	 55 	 -1.66308e-10 	 37 
0.376991 	 0.539717 	 -0.929776 	 56 	 1.61426e-10 	 37 
0.439823 	 0.619411 	 -0.904827 	 57 	 -2.66664e-10 	 37 
0.502655 	 0.694984 	 -0.876307 	 58 	 2.4305e-10 	 37 
0.565487 	 0.766203 	 -0.844328 	 59 	 -4.08722e-10 	 37 
0.628319 	 0.832918 	 -0.809017 	 60 	 3.54045e-10 	 37 
0.69115 	 0.895044 	 -0.770513 	 61 	 -6.1728e-10 	 37 
0.753982 	 0.952553 	 -0.728969 	 62 	 5.09708e-10 	 37 
0.816814 	 1.00546 	 -0.684547 	 63 	 -9.29928e-10 	 37 
0.879646 	 1.0538 	 -0.637424 	 64 	 7.32297e-10 	 37 
0.942478 	 1.09764 	 -0.587785 	 65 	 -1.40358e-09 	 37 
1.00531 	 1.13704 	 -0.535827 	 66 	 1.05418e-09 	 37 
1.06814 	 1.17207 	 -0.481754 	 67 	 -2.12333e-09 	 37 
1.13097 	 1.20281 	 -0.425779 	 68 	 1.52165e-09 	 37 
1.19381 	 1.22932 	 -0.368125 	 69 	 -3.21323e-09 	 37 
1.25664 	 1.25166 	 -0.309017 	 70 	 2.19875e-09 	 37 
1.31947 	 1.26986 	 -0.24869 	 71 	 -4.84605e-09 	 37 
1.3823 	 1.28398 	 -0.187381 	 72 	 3.16848e-09 	 37 
1.44513 	 1.29405 	 -0.125333 	 73 	 -7.24339e-09 	 37 
1.50796 	 1.30008 	 -0.0627905 	 74 	 4.52406e-09 	 37 
1.5708 	 1.30209 	 -6.12323e-17 	 75 	 -1.06424e-08 	 37 
1.63363 	 1.30008 	 0.0627905 	 76 	 6.3316e-09 	 37 
1.69646 	 1.29404 	 0.125333 	 77 	 -1.51741e-08 	 37 
1.75929 	 1.28398 	 0.187381 	 78 	 8.51824e-09 	 37 
1.82212 	 1.26986 	 0.24869 	 79 	 -2.05331e-08 	 37 
1.88496 	 1.25165 	 0.309017 	 80 	 1.05747e-08 	 37 
1.94779 	 1.22931 	 0.368125 	 81 	 -2.52339e-08 	 37 
2.01062 	 1.2028 	 0.425779 	 82 	 1.08091e-08 	 37 
2.07345 	 1.17206 	 0.481754 	 83 	 -2.55066e-08 	 37 
2.13628 	 1.13702 	 0.535827 	 84 	 4.52955e-09 	 37 
2.19911 	 1.09762 	 0.587785 	 85 	 -1.86575e-08 	 37 
2.26195 	 1.05378 	 0.637424 	 86 	 -2.03096e-08 	 37 
2.32478 	 1.00544 	 0.684547 	 87 	 -6.98669e-08 	 37 
2.38761 	 0.952538 	 0.728969 	 88 	 -9.33839e-08 	 37 
2.45044 	 0.895031 	 0.770513 	 89 	 -1.0956e-06 	 37 
2.51327 	 0.832908 	 0.809017 	 90 	 -2.85101e-07 	 37 
2.57611 	 0.766198 	 0.844328 	 91 	 -1.36822e-05 	 37 
2.63894 	 0.694985 	 0.876307 	 92 	 -7.45403e-07 	 37 
2.70177 	 0.619418 	 0.904827 	 93 	 -0.00015994 	 37 
2.7646 	 0.53973 	 0.929776 	 94 	 -1.60953e-06 	 37 
2.82743 	 0.456245 	 0.951057 	 95 	 -0.00192822 	 37 
2.89027 	 0.369388 	 0.968583 	 96 	 -1.55469e-06 	 37 
2.9531 	 0.279681 	 0.982287 	 97 	 -0.0227291 	 37 
3.01593 	 0.18774 	 0.992115 	 98 	 3.36389e-06 	 37 
3.07876 	 0.094262 	 0.998027 	 99 	 -0.671984 	 37 

 
