0.002 	 1.48 	 0.302425 
0.004 	 1.48 	 0.30251 
0.006 	 1.48 	 0.302518 
0.008 	 1.48 	 0.302519 
0.01 	 1.48 	 0.302519 
0.012 	 1.48 	 0.302519 
0.014 	 1.48 	 0.302519 
0.016 	 1.48 	 0.302519 
0.018 	 1.48 	 0.302519 
0.02 	 1.48 	 0.302518 
0.022 	 1.48 	 0.302518 
0.024 	 1.48 	 0.302516 
0.026 	 1.48 	 0.302512 
0.028 	 1.48 	 0.302503 
0.03 	 1.48 	 0.302488 
0.032 	 1.48 	 0.302463 
0.034 	 1.48 	 0.302424 
0.036 	 1.48 	 0.302367 
0.038 	 1.48 	 0.302286 
0.04 	 1.48 	 0.302177 
0.042 	 1.48 	 0.302033 
0.044 	 1.48 	 0.30185 
0.046 	 1.48 	 0.301622 
0.048 	 1.48 	 0.301343 
0.05 	 1.48 	 0.301007 
0.052 	 1.48 	 0.300611 
0.054 	 1.48 	 0.300148 
0.056 	 1.48 	 0.299613 
0.058 	 1.48 	 0.299003 
0.06 	 1.48 	 0.298312 
0.062 	 1.48 	 0.297536 
0.064 	 1.48 	 0.296671 
0.066 	 1.48 	 0.295713 
0.068 	 1.48 	 0.294657 
0.07 	 1.48 	 0.2935 
0.072 	 1.48 	 0.292239 
0.074 	 1.48 	 0.290868 
0.076 	 1.48 	 0.289384 
0.078 	 1.48 	 0.287784 
0.08 	 1.48 	 0.286063 
0.082 	 1.48 	 0.284218 
0.084 	 1.48 	 0.282244 
0.086 	 1.48 	 0.280137 
0.088 	 1.48 	 0.277892 
0.09 	 1.48 	 0.275507 
0.092 	 1.48 	 0.272974 
0.094 	 1.48 	 0.27029 
0.096 	 1.48 	 0.26745 
0.098 	 1.48 	 0.264447 
0.1 	 1.48 	 0.261277 
0.102 	 1.48 	 0.257932 
0.104 	 1.48 	 0.254406 
0.106 	 1.48 	 0.250692 
0.108 	 1.48 	 0.246783 
0.11 	 1.48 	 0.24267 
0.112 	 1.48 	 0.238345 
0.114 	 1.48 	 0.233798 
0.116 	 1.48 	 0.229018 
0.118 	 1.48 	 0.223996 
0.12 	 1.48 	 0.21872 
0.122 	 1.48 	 0.213177 
0.124 	 1.48 	 0.207353 
0.126 	 1.48 	 0.201236 
0.128 	 1.48 	 0.194809 
0.13 	 1.48 	 0.188058 
0.132 	 1.48 	 0.180968 
0.134 	 1.48 	 0.173524 
0.136 	 1.48 	 0.16571 
0.138 	 1.48 	 0.157517 
0.14 	 1.48 	 0.148936 
0.142 	 1.48 	 0.139964 
0.144 	 1.48 	 0.130611 
0.146 	 1.48 	 0.120895 
0.148 	 1.48 	 0.110855 
0.15 	 1.48 	 0.100553 
0.152 	 1.48 	 0.0900782 
0.154 	 1.47 	 0.0795543 
0.156 	 1.47 	 0.0691353 
0.158 	 1.47 	 0.0590044 
0.16 	 1.46 	 0.0493622 
0.162 	 1.46 	 0.0404087 
0.164 	 1.46 	 0.0323189 
0.166 	 1.45 	 0.025224 
0.168 	 1.45 	 0.0191936 
0.17 	 1.44 	 0.014231 
0.172 	 1.44 	 0.010278 
0.174 	 1.43 	 0.00723002 
0.176 	 1.43 	 0.00495383 
0.178 	 1.42 	 0.00330656 
0.18 	 1.42 	 0.00215043 
0.182 	 1.41 	 0.00136299 
0.184 	 1.4 	 0.000842109 
0.186 	 1.4 	 0.000507298 
0.188 	 1.39 	 0.000298044 
0.19 	 1.38 	 0.000170811 
0.192 	 1.38 	 9.55159e-05 
0.194 	 1.37 	 5.21265e-05 
0.196 	 1.36 	 2.77689e-05 
0.198 	 1.35 	 1.44435e-05 
