k 	 Delta1k 	 Delta2k 	 epsilonk 	 site 	 Delta1ki 	 Delta2ki 	 check 
-3.14159 	 -3.96375e-19 	 -3.93944e-19 	 1.111 	 0 	 0 	 0 	 15 
-3.11018 	 -0.000706946 	 -0.000706356 	 1.11248 	 1 	 0.081444 	 0.0814413 	 15 
-3.07876 	 -0.00141339 	 -0.00141222 	 1.11691 	 2 	 0.0814239 	 0.0814235 	 15 
-3.04734 	 -0.00211887 	 -0.00211715 	 1.12427 	 3 	 0.051252 	 0.0512514 	 15 
-3.01593 	 -0.00282298 	 -0.00282074 	 1.13453 	 4 	 0.0198532 	 0.0198534 	 15 
-2.98451 	 -0.00352543 	 -0.00352274 	 1.14763 	 5 	 0.00114941 	 0.00114936 	 15 
-2.9531 	 -0.00422607 	 -0.00422298 	 1.16351 	 6 	 -0.00587638 	 -0.00587637 	 15 
-2.92168 	 -0.00492491 	 -0.00492147 	 1.18209 	 7 	 -0.00593331 	 -0.00593342 	 15 
-2.89027 	 -0.00562214 	 -0.00561841 	 1.20328 	 8 	 -0.00357666 	 -0.00357671 	 15 
-2.85885 	 -0.00631815 	 -0.00631416 	 1.22697 	 9 	 -0.001309 	 -0.00130904 	 15 
-2.82743 	 -0.00701353 	 -0.00700933 	 1.25304 	 10 	 1.57166e-05 	 1.57278e-05 	 15 
-2.79602 	 -0.00770909 	 -0.00770471 	 1.28137 	 11 	 0.000479838 	 0.000479851 	 15 
-2.7646 	 -0.00840585 	 -0.00840132 	 1.31181 	 12 	 0.000452652 	 0.000452676 	 15 
-2.73319 	 -0.00910505 	 -0.00910041 	 1.34421 	 13 	 0.000261259 	 0.000261268 	 15 
-2.70177 	 -0.00980817 	 -0.00980343 	 1.3784 	 14 	 8.72995e-05 	 8.73051e-05 	 15 
-2.67035 	 -0.0105169 	 -0.010512 	 1.41422 	 15 	 -1.08793e-05 	 -1.08826e-05 	 15 
-2.63894 	 -0.011233 	 -0.0112281 	 1.45148 	 16 	 -4.23865e-05 	 -4.239e-05 	 15 
-2.60752 	 -0.0119587 	 -0.0119538 	 1.48999 	 17 	 -3.69973e-05 	 -3.70019e-05 	 15 
-2.57611 	 -0.0126962 	 -0.0126913 	 1.52955 	 18 	 -2.02331e-05 	 -2.02351e-05 	 15 
-2.54469 	 -0.013448 	 -0.013443 	 1.56996 	 19 	 -5.95624e-06 	 -5.95688e-06 	 15 
-2.51327 	 -0.0142167 	 -0.0142118 	 1.611 	 20 	 1.71808e-06 	 1.71913e-06 	 15 
-2.48186 	 -0.0150053 	 -0.0150004 	 1.65247 	 21 	 3.89095e-06 	 3.89247e-06 	 15 
-2.45044 	 -0.0158168 	 -0.0158118 	 1.69413 	 22 	 3.15288e-06 	 3.15428e-06 	 15 
-2.41903 	 -0.0166544 	 -0.0166495 	 1.73578 	 23 	 1.62185e-06 	 1.62278e-06 	 15 
-2.38761 	 -0.0175216 	 -0.0175167 	 1.77718 	 24 	 4.02748e-07 	 4.02866e-07 	 15 
-2.35619 	 -0.0184223 	 -0.0184174 	 1.81811 	 25 	 -2.15496e-07 	 -2.15732e-07 	 15 
-2.32478 	 -0.0193602 	 -0.0193553 	 1.85834 	 26 	 -3.62196e-07 	 -3.62868e-07 	 15 
-2.29336 	 -0.0203396 	 -0.0203348 	 1.89765 	 27 	 -2.73687e-07 	 -2.74117e-07 	 15 
-2.26195 	 -0.0213652 	 -0.0213603 	 1.93581 	 28 	 -1.31477e-07 	 -1.31872e-07 	 15 
-2.23053 	 -0.0224416 	 -0.0224368 	 1.9726 	 29 	 -2.5981e-08 	 -2.58953e-08 	 15 
-2.19911 	 -0.0235741 	 -0.0235693 	 2.0078 	 30 	 2.40282e-08 	 2.41507e-08 	 15 
-2.1677 	 -0.0247682 	 -0.0247635 	 2.04121 	 31 	 3.29142e-08 	 3.33036e-08 	 15 
-2.13628 	 -0.0260301 	 -0.0260253 	 2.07261 	 32 	 2.31441e-08 	 2.33356e-08 	 15 
-2.10487 	 -0.027366 	 -0.0273613 	 2.1018 	 33 	 1.00762e-08 	 1.03008e-08 	 15 
-2.07345 	 -0.0287832 	 -0.0287784 	 2.12858 	 34 	 1.33981e-09 	 1.29231e-09 	 15 
-2.04204 	 -0.0302891 	 -0.0302844 	 2.15278 	 35 	 -2.45966e-09 	 -2.47985e-09 	 15 
-2.01062 	 -0.0318921 	 -0.0318873 	 2.1742 	 36 	 -2.68429e-09 	 -2.85656e-09 	 15 
-1.9792 	 -0.0336011 	 -0.0335963 	 2.19269 	 37 	 -1.72942e-09 	 -1.778e-09 	 15 
-1.94779 	 -0.035426 	 -0.0354212 	 2.20809 	 38 	 -6.15711e-10 	 -7.04875e-10 	 15 
-1.91637 	 -0.0373773 	 -0.0373725 	 2.22025 	 39 	 -1.0287e-10 	 -4.98175e-11 	 15 
-1.88496 	 -0.0394669 	 -0.039462 	 2.22903 	 40 	 9.90019e-11 	 1.14889e-10 	 15 
-1.85354 	 -0.0417073 	 -0.0417024 	 2.23432 	 41 	 -8.29248e-12 	 8.73336e-11 	 15 
-1.82212 	 -0.0441127 	 -0.0441077 	 2.236 	 42 	 -3.79966e-11 	 -1.69755e-11 	 15 
-1.79071 	 -0.0466982 	 -0.0466932 	 2.23397 	 43 	 -8.88028e-11 	 -3.85902e-11 	 15 
-1.75929 	 -0.0494806 	 -0.0494755 	 2.22816 	 44 	 -8.31182e-12 	 -3.3308e-11 	 15 
-1.72788 	 -0.0524781 	 -0.052473 	 2.21849 	 45 	 1.68276e-11 	 1.9586e-11 	 15 
-1.69646 	 -0.0557109 	 -0.0557057 	 2.20492 	 46 	 7.73303e-11 	 3.6558e-11 	 15 
-1.66504 	 -0.0592008 	 -0.0591955 	 2.1874 	 47 	 4.62405e-11 	 4.70948e-11 	 15 
-1.63363 	 -0.0629716 	 -0.0629663 	 2.16591 	 48 	 3.61478e-11 	 1.63691e-11 	 15 
-1.60221 	 -0.0670496 	 -0.0670441 	 2.14044 	 49 	 -2.38504e-11 	 -5.0112e-12 	 15 
-1.5708 	 -0.0714632 	 -0.0714576 	 2.111 	 50 	 -3.3775e-11 	 -3.43707e-11 	 15 
-1.53938 	 -0.0762431 	 -0.0762374 	 2.07762 	 51 	 -5.82427e-11 	 -3.56034e-11 	 15 
-1.50796 	 -0.0814228 	 -0.081417 	 2.04032 	 52 	 -3.37637e-11 	 -3.48943e-11 	 15 
-1.47655 	 -0.0870383 	 -0.0870323 	 1.99918 	 53 	 -2.73045e-11 	 -1.53863e-11 	 15 
-1.44513 	 -0.0931282 	 -0.093122 	 1.95425 	 54 	 3.74428e-12 	 -5.05901e-12 	 15 
-1.41372 	 -0.0997335 	 -0.0997272 	 1.90562 	 55 	 5.65635e-12 	 9.03059e-12 	 15 
-1.3823 	 -0.106898 	 -0.106891 	 1.8534 	 56 	 1.81942e-11 	 8.3654e-12 	 15 
-1.35088 	 -0.114666 	 -0.114659 	 1.79768 	 57 	 5.5746e-12 	 8.95168e-12 	 15 
-1.31947 	 -0.123085 	 -0.123078 	 1.73862 	 58 	 5.53652e-12 	 4.09691e-13 	 15 
-1.28805 	 -0.132201 	 -0.132194 	 1.67634 	 59 	 -8.22576e-12 	 -2.24394e-12 	 15 
-1.25664 	 -0.142061 	 -0.142054 	 1.611 	 60 	 -5.99528e-12 	 -7.76898e-12 	 15 
-1.22522 	 -0.152707 	 -0.1527 	 1.54278 	 61 	 -1.16648e-11 	 -5.94551e-12 	 15 
-1.19381 	 -0.164179 	 -0.164172 	 1.47184 	 62 	 -4.21571e-12 	 -6.15521e-12 	 15 
-1.16239 	 -0.176507 	 -0.176499 	 1.3984 	 63 	 -5.13655e-12 	 -1.77286e-12 	 15 
-1.13097 	 -0.189708 	 -0.189701 	 1.32264 	 64 	 1.88531e-12 	 -1.06008e-12 	 15 
-1.09956 	 -0.203785 	 -0.203777 	 1.24479 	 65 	 -1.2061e-13 	 1.69414e-12 	 15 
-1.06814 	 -0.218716 	 -0.218708 	 1.16507 	 66 	 3.28682e-12 	 5.91378e-13 	 15 
-1.03673 	 -0.234449 	 -0.234441 	 1.08371 	 67 	 -5.4859e-13 	 1.1934e-12 	 15 
-1.00531 	 -0.250896 	 -0.250888 	 1.00095 	 68 	 9.36598e-13 	 -7.36953e-13 	 15 
-0.973894 	 -0.267921 	 -0.267914 	 0.917041 	 69 	 -2.42601e-12 	 -4.65121e-13 	 15 
-0.942478 	 -0.285337 	 -0.285329 	 0.832232 	 70 	 -6.05006e-13 	 -1.65461e-12 	 15 
-0.911062 	 -0.302891 	 -0.302884 	 0.746783 	 71 	 -2.43962e-12 	 -7.5947e-13 	 15 
-0.879646 	 -0.320269 	 -0.320262 	 0.660957 	 72 	 -1.28595e-13 	 -1.13909e-12 	 15 
-0.84823 	 -0.337088 	 -0.337081 	 0.575021 	 73 	 -1.21779e-12 	 -6.61887e-14 	 15 
-0.816814 	 -0.352907 	 -0.352901 	 0.489243 	 74 	 6.97139e-13 	 -3.55718e-13 	 15 
-0.785398 	 -0.367244 	 -0.367237 	 0.403893 	 75 	 -4.87442e-13 	 3.42366e-13 	 15 
-0.753982 	 -0.379591 	 -0.379586 	 0.319241 	 76 	 7.24986e-13 	 -1.65488e-13 	 15 
-0.722566 	 -0.389458 	 -0.389452 	 0.235556 	 77 	 -5.54997e-13 	 1.95252e-13 	 15 
-0.69115 	 -0.396398 	 -0.396393 	 0.153105 	 78 	 3.14141e-13 	 -3.33886e-13 	 15 
-0.659734 	 -0.400056 	 -0.400051 	 0.0721551 	 79 	 -7.27338e-13 	 -2.66965e-14 	 15 
-0.628319 	 -0.400192 	 -0.400187 	 -0.00703399 	 80 	 1.12517e-13 	 -3.87268e-13 	 15 
-0.596903 	 -0.396708 	 -0.396703 	 -0.0842051 	 81 	 -6.12423e-13 	 -3.39593e-14 	 15 
-0.565487 	 -0.389653 	 -0.389648 	 -0.159107 	 82 	 1.84666e-13 	 -2.60738e-13 	 15 
-0.534071 	 -0.37921 	 -0.379205 	 -0.231496 	 83 	 -3.7879e-13 	 6.09121e-14 	 15 
-0.502655 	 -0.365676 	 -0.365671 	 -0.301133 	 84 	 2.5992e-13 	 -1.38855e-13 	 15 
-0.471239 	 -0.349427 	 -0.349422 	 -0.367792 	 85 	 -2.55117e-13 	 9.25513e-14 	 15 
-0.439823 	 -0.330884 	 -0.330879 	 -0.431251 	 86 	 2.17158e-13 	 -1.08164e-13 	 15 
-0.408407 	 -0.310479 	 -0.310474 	 -0.491302 	 87 	 -2.38253e-13 	 5.69292e-14 	 15 
-0.376991 	 -0.288625 	 -0.288621 	 -0.547745 	 88 	 1.35741e-13 	 -1.14133e-13 	 15 
-0.345575 	 -0.265701 	 -0.265698 	 -0.600394 	 89 	 -2.2154e-13 	 2.54772e-14 	 15 
-0.314159 	 -0.242035 	 -0.242031 	 -0.649074 	 90 	 9.6443e-14 	 -9.85502e-14 	 15 
-0.282743 	 -0.217897 	 -0.217894 	 -0.693622 	 91 	 -1.67762e-13 	 2.36565e-14 	 15 
-0.251327 	 -0.193503 	 -0.1935 	 -0.73389 	 92 	 8.96036e-14 	 -6.56024e-14 	 15 
-0.219911 	 -0.169014 	 -0.169012 	 -0.769744 	 93 	 -1.09799e-13 	 2.86665e-14 	 15 
-0.188496 	 -0.144545 	 -0.144542 	 -0.801064 	 94 	 7.6113e-14 	 -4.03269e-14 	 15 
-0.15708 	 -0.120165 	 -0.120163 	 -0.827745 	 95 	 -7.25466e-14 	 2.27549e-14 	 15 
-0.125664 	 -0.09591 	 -0.0959086 	 -0.849698 	 96 	 4.77087e-14 	 -2.74037e-14 	 15 
-0.0942478 	 -0.0717885 	 -0.0717874 	 -0.866849 	 97 	 -4.72243e-14 	 1.06191e-14 	 15 
-0.0628319 	 -0.0477852 	 -0.0477845 	 -0.879141 	 98 	 1.9688e-14 	 -1.59818e-14 	 15 
-0.0314159 	 -0.0238694 	 -0.0238691 	 -0.886533 	 99 	 -1.73892e-14 	 2.35822e-15 	 15 
4.44089e-16 	 3.38686e-16 	 3.38681e-16 	 -0.889 	 100 	 -3.85601e-17 	 -3.85596e-17 	 15 
0.0314159 	 0.0238694 	 0.0238691 	 -0.886533 	 101 	 1.74129e-14 	 -2.33105e-15 	 15 
0.0628319 	 0.0477852 	 0.0477845 	 -0.879141 	 102 	 -1.95228e-14 	 1.61494e-14 	 15 
0.0942478 	 0.0717884 	 0.0717873 	 -0.866849 	 103 	 4.74299e-14 	 -1.04122e-14 	 15 
0.125664 	 0.0959097 	 0.0959083 	 -0.849698 	 104 	 -4.75631e-14 	 2.75473e-14 	 15 
0.15708 	 0.120164 	 0.120162 	 -0.827745 	 105 	 7.24614e-14 	 -2.28392e-14 	 15 
0.188496 	 0.144543 	 0.144541 	 -0.801064 	 106 	 -7.63205e-14 	 4.01175e-14 	 15 
0.219911 	 0.169013 	 0.16901 	 -0.769744 	 107 	 1.09564e-13 	 -2.8901e-14 	 15 
0.251327 	 0.1935 	 0.193498 	 -0.73389 	 108 	 -8.9612e-14 	 6.5593e-14 	 15 
0.282743 	 0.217893 	 0.217891 	 -0.693622 	 109 	 1.67798e-13 	 -2.36197e-14 	 15 
0.314159 	 0.24203 	 0.242028 	 -0.649074 	 110 	 -9.62509e-14 	 9.87436e-14 	 15 
0.345575 	 0.265696 	 0.265693 	 -0.600394 	 111 	 2.21739e-13 	 -2.52795e-14 	 15 
0.376991 	 0.288619 	 0.288616 	 -0.547745 	 112 	 -1.3573e-13 	 1.14145e-13 	 15 
0.408407 	 0.310472 	 0.310469 	 -0.491302 	 113 	 2.38087e-13 	 -5.70969e-14 	 15 
0.439823 	 0.330876 	 0.330873 	 -0.431251 	 114 	 -2.17422e-13 	 1.07901e-13 	 15 
0.471239 	 0.349419 	 0.349415 	 -0.367792 	 115 	 2.54637e-13 	 -9.30323e-14 	 15 
0.502655 	 0.365667 	 0.365664 	 -0.301133 	 116 	 -2.60486e-13 	 1.38288e-13 	 15 
0.534071 	 0.379201 	 0.379198 	 -0.231496 	 117 	 3.78526e-13 	 -6.11754e-14 	 15 
0.565487 	 0.389644 	 0.389641 	 -0.159107 	 118 	 -1.84809e-13 	 2.60594e-13 	 15 
0.596903 	 0.3967 	 0.396697 	 -0.0842051 	 119 	 6.12418e-13 	 3.39545e-14 	 15 
0.628319 	 0.400185 	 0.400181 	 -0.00703399 	 120 	 -1.12243e-13 	 3.87541e-13 	 15 
0.659734 	 0.400049 	 0.400045 	 0.0721551 	 121 	 7.28056e-13 	 2.7416e-14 	 15 
0.69115 	 0.396392 	 0.396388 	 0.153105 	 122 	 -3.13383e-13 	 3.34646e-13 	 15 
0.722566 	 0.389451 	 0.389447 	 0.235556 	 123 	 5.55205e-13 	 -1.95045e-13 	 15 
0.753982 	 0.379585 	 0.37958 	 0.319241 	 124 	 -7.25433e-13 	 1.65041e-13 	 15 
0.785398 	 0.367236 	 0.367232 	 0.403893 	 125 	 4.86964e-13 	 -3.42845e-13 	 15 
0.816814 	 0.352899 	 0.352894 	 0.489243 	 126 	 -6.9736e-13 	 3.55497e-13 	 15 
0.84823 	 0.337078 	 0.337074 	 0.575021 	 127 	 1.21788e-12 	 6.62842e-14 	 15 
0.879646 	 0.320258 	 0.320254 	 0.660957 	 128 	 1.28963e-13 	 1.13946e-12 	 15 
0.911062 	 0.30288 	 0.302875 	 0.746783 	 129 	 2.44005e-12 	 7.59904e-13 	 15 
0.942478 	 0.285325 	 0.28532 	 0.832232 	 130 	 6.0532e-13 	 1.65492e-12 	 15 
0.973894 	 0.267908 	 0.267904 	 0.917041 	 131 	 2.42595e-12 	 4.65063e-13 	 15 
1.00531 	 0.250882 	 0.250878 	 1.00095 	 132 	 -9.36714e-13 	 7.36836e-13 	 15 
1.03673 	 0.234435 	 0.234431 	 1.08371 	 133 	 5.48554e-13 	 -1.19343e-12 	 15 
1.06814 	 0.218702 	 0.218697 	 1.16507 	 134 	 -3.2868e-12 	 -5.9136e-13 	 15 
1.09956 	 0.203771 	 0.203767 	 1.24479 	 135 	 1.20701e-13 	 -1.69405e-12 	 15 
1.13097 	 0.189694 	 0.18969 	 1.32264 	 136 	 -1.88511e-12 	 1.06028e-12 	 15 
1.16239 	 0.176493 	 0.176489 	 1.3984 	 137 	 5.13658e-12 	 1.77289e-12 	 15 
1.19381 	 0.164166 	 0.164162 	 1.47184 	 138 	 4.21566e-12 	 6.15517e-12 	 15 
1.22522 	 0.152694 	 0.15269 	 1.54278 	 139 	 1.16647e-11 	 5.94538e-12 	 15 
1.25664 	 0.142048 	 0.142044 	 1.611 	 140 	 5.99526e-12 	 7.76896e-12 	 15 
1.28805 	 0.132188 	 0.132185 	 1.67634 	 141 	 8.22583e-12 	 2.24402e-12 	 15 
1.31947 	 0.123072 	 0.123069 	 1.73862 	 142 	 -5.53647e-12 	 -4.09642e-13 	 15 
1.35088 	 0.114654 	 0.114651 	 1.79768 	 143 	 -5.57459e-12 	 -8.95167e-12 	 15 
1.3823 	 0.106886 	 0.106883 	 1.8534 	 144 	 -1.81942e-11 	 -8.36545e-12 	 15 
1.41372 	 0.0997225 	 0.0997194 	 1.90562 	 145 	 -5.65648e-12 	 -9.03072e-12 	 15 
1.44513 	 0.0931176 	 0.0931146 	 1.95425 	 146 	 -3.74455e-12 	 5.05874e-12 	 15 
1.47655 	 0.0870281 	 0.0870252 	 1.99918 	 147 	 2.73044e-11 	 1.53862e-11 	 15 
1.50796 	 0.081413 	 0.0814101 	 2.04032 	 148 	 3.37639e-11 	 3.48944e-11 	 15 
1.53938 	 0.0762337 	 0.0762308 	 2.07762 	 149 	 5.82428e-11 	 3.56035e-11 	 15 
1.5708 	 0.0714541 	 0.0714513 	 2.111 	 150 	 3.37752e-11 	 3.43709e-11 	 15 
1.60221 	 0.067041 	 0.0670382 	 2.14044 	 151 	 2.38508e-11 	 5.01158e-12 	 15 
1.63363 	 0.0629633 	 0.0629606 	 2.16591 	 152 	 -3.61475e-11 	 -1.63689e-11 	 15 
1.66504 	 0.0591928 	 0.0591901 	 2.1874 	 153 	 -4.62404e-11 	 -4.70947e-11 	 15 
1.69646 	 0.0557032 	 0.0557006 	 2.20492 	 154 	 -7.73302e-11 	 -3.65579e-11 	 15 
1.72788 	 0.0524707 	 0.0524682 	 2.21849 	 155 	 -1.68276e-11 	 -1.9586e-11 	 15 
1.75929 	 0.0494735 	 0.0494709 	 2.22816 	 156 	 8.3119e-12 	 3.33081e-11 	 15 
1.79071 	 0.0466913 	 0.0466888 	 2.23397 	 157 	 8.8803e-11 	 3.85904e-11 	 15 
1.82212 	 0.0441061 	 0.0441036 	 2.236 	 158 	 3.79963e-11 	 1.69753e-11 	 15 
1.85354 	 0.0417009 	 0.0416985 	 2.23432 	 159 	 8.2917e-12 	 -8.73344e-11 	 15 
1.88496 	 0.0394607 	 0.0394582 	 2.22903 	 160 	 -9.90023e-11 	 -1.1489e-10 	 15 
1.91637 	 0.0373714 	 0.0373689 	 2.22025 	 161 	 1.02871e-10 	 4.98179e-11 	 15 
1.94779 	 0.0354202 	 0.0354177 	 2.20809 	 162 	 6.15712e-10 	 7.04875e-10 	 15 
1.9792 	 0.0335955 	 0.0335931 	 2.19269 	 163 	 1.72942e-09 	 1.778e-09 	 15 
2.01062 	 0.0318867 	 0.0318843 	 2.1742 	 164 	 2.68429e-09 	 2.85656e-09 	 15 
2.04204 	 0.0302839 	 0.0302814 	 2.15278 	 165 	 2.45965e-09 	 2.47985e-09 	 15 
2.07345 	 0.0287781 	 0.0287757 	 2.12858 	 166 	 -1.33981e-09 	 -1.29231e-09 	 15 
2.10487 	 0.0273611 	 0.0273586 	 2.1018 	 167 	 -1.00762e-08 	 -1.03008e-08 	 15 
2.13628 	 0.0260252 	 0.0260228 	 2.07261 	 168 	 -2.31441e-08 	 -2.33356e-08 	 15 
2.1677 	 0.0247635 	 0.0247611 	 2.04121 	 169 	 -3.29142e-08 	 -3.33036e-08 	 15 
2.19911 	 0.0235695 	 0.023567 	 2.0078 	 170 	 -2.40282e-08 	 -2.41507e-08 	 15 
2.23053 	 0.0224371 	 0.0224347 	 1.9726 	 171 	 2.5981e-08 	 2.58953e-08 	 15 
2.26195 	 0.0213607 	 0.0213583 	 1.93581 	 172 	 1.31477e-07 	 1.31872e-07 	 15 
2.29336 	 0.0203353 	 0.0203329 	 1.89765 	 173 	 2.73687e-07 	 2.74117e-07 	 15 
2.32478 	 0.0193559 	 0.0193535 	 1.85834 	 174 	 3.62196e-07 	 3.62868e-07 	 15 
2.35619 	 0.0184181 	 0.0184157 	 1.81811 	 175 	 2.15496e-07 	 2.15732e-07 	 15 
2.38761 	 0.0175175 	 0.0175152 	 1.77718 	 176 	 -4.02748e-07 	 -4.02866e-07 	 15 
2.41903 	 0.0166503 	 0.016648 	 1.73578 	 177 	 -1.62185e-06 	 -1.62278e-06 	 15 
2.45044 	 0.0158127 	 0.0158105 	 1.69413 	 178 	 -3.15288e-06 	 -3.15428e-06 	 15 
2.48186 	 0.0150013 	 0.0149991 	 1.65247 	 179 	 -3.89095e-06 	 -3.89247e-06 	 15 
2.51327 	 0.0142128 	 0.0142106 	 1.611 	 180 	 -1.71808e-06 	 -1.71913e-06 	 15 
2.54469 	 0.0134441 	 0.013442 	 1.56996 	 181 	 5.95624e-06 	 5.95688e-06 	 15 
2.57611 	 0.0126924 	 0.0126903 	 1.52955 	 182 	 2.02331e-05 	 2.02351e-05 	 15 
2.60752 	 0.0119549 	 0.0119529 	 1.48999 	 183 	 3.69973e-05 	 3.70019e-05 	 15 
2.63894 	 0.0112293 	 0.0112274 	 1.45148 	 184 	 4.23865e-05 	 4.239e-05 	 15 
2.67035 	 0.0105132 	 0.0105114 	 1.41422 	 185 	 1.08793e-05 	 1.08826e-05 	 15 
2.70177 	 0.00980461 	 0.00980283 	 1.3784 	 186 	 -8.72995e-05 	 -8.73051e-05 	 15 
2.73319 	 0.00910158 	 0.0090999 	 1.34421 	 187 	 -0.000261259 	 -0.000261268 	 15 
2.7646 	 0.00840247 	 0.00840089 	 1.31181 	 188 	 -0.000452652 	 -0.000452676 	 15 
2.79602 	 0.00770582 	 0.00770436 	 1.28137 	 189 	 -0.000479838 	 -0.000479851 	 15 
2.82743 	 0.00701039 	 0.00700906 	 1.25304 	 190 	 -1.57166e-05 	 -1.57278e-05 	 15 
2.85885 	 0.00631517 	 0.00631396 	 1.22697 	 191 	 0.001309 	 0.00130904 	 15 
2.89027 	 0.00561934 	 0.00561827 	 1.20328 	 192 	 0.00357666 	 0.00357671 	 15 
2.92168 	 0.00492233 	 0.00492139 	 1.18209 	 193 	 0.00593331 	 0.00593342 	 15 
2.9531 	 0.00422374 	 0.00422294 	 1.16351 	 194 	 0.00587638 	 0.00587637 	 15 
2.98451 	 0.00352339 	 0.00352274 	 1.14763 	 195 	 -0.00114941 	 -0.00114936 	 15 
3.01593 	 0.00282128 	 0.00282076 	 1.13453 	 196 	 -0.0198532 	 -0.0198534 	 15 
3.04734 	 0.00211756 	 0.00211717 	 1.12427 	 197 	 -0.051252 	 -0.0512514 	 15 
3.07876 	 0.0014125 	 0.00141224 	 1.11691 	 198 	 -0.0814239 	 -0.0814235 	 15 
3.11018 	 0.000706495 	 0.000706369 	 1.11248 	 199 	 -0.081444 	 -0.0814413 	 15 

 
-3.14159 	 -2.43056e-16 	 2.17651e-16 	 -0.229 	 0 	 0 	 0 	 34 
-3.11018 	 -0.0591647 	 0.0523211 	 -0.22752 	 1 	 0.27785 	 0.0363086 	 34 
-3.07876 	 -0.117154 	 0.103712 	 -0.223088 	 2 	 -0.0452775 	 0.167605 	 34 
-3.04734 	 -0.172895 	 0.153301 	 -0.215725 	 3 	 0.0437271 	 -0.0904492 	 34 
-3.01593 	 -0.225493 	 0.20033 	 -0.205468 	 4 	 -0.0614139 	 0.0056958 	 34 
-2.98451 	 -0.274281 	 0.24418 	 -0.192368 	 5 	 0.00801353 	 -0.0249867 	 34 
-2.9531 	 -0.318827 	 0.284391 	 -0.176489 	 6 	 -0.00469951 	 0.0130582 	 34 
-2.92168 	 -0.35891 	 0.320648 	 -0.15791 	 7 	 0.00949577 	 0.00304714 	 34 
-2.89027 	 -0.394485 	 0.352775 	 -0.136724 	 8 	 -0.001263 	 0.00253262 	 34 
-2.85885 	 -0.425637 	 0.380698 	 -0.113034 	 9 	 0.000994076 	 -0.00259326 	 34 
-2.82743 	 -0.452536 	 0.40443 	 -0.0869605 	 10 	 -0.00202869 	 -0.000394404 	 34 
-2.79602 	 -0.475411 	 0.424041 	 -0.0586325 	 11 	 0.000504816 	 -0.00057519 	 34 
-2.7646 	 -0.494514 	 0.439641 	 -0.0281921 	 12 	 -0.000357062 	 0.0007104 	 34 
-2.73319 	 -0.510114 	 0.451367 	 0.00420752 	 13 	 0.000495161 	 -5.13616e-07 	 34 
-2.70177 	 -0.522478 	 0.459374 	 0.0384031 	 14 	 -0.000168838 	 0.000113105 	 34 
-2.67035 	 -0.531871 	 0.463831 	 0.0742213 	 15 	 0.000111399 	 -0.000163244 	 34 
-2.63894 	 -0.53855 	 0.464916 	 0.11148 	 16 	 -0.000123918 	 8.05156e-06 	 34 
-2.60752 	 -0.542768 	 0.462819 	 0.149988 	 17 	 5.17534e-05 	 -1.96978e-05 	 34 
-2.57611 	 -0.544771 	 0.457742 	 0.189549 	 18 	 -3.38443e-05 	 3.77913e-05 	 34 
-2.54469 	 -0.544799 	 0.449896 	 0.229956 	 19 	 3.26741e-05 	 -4.83295e-06 	 34 
-2.51327 	 -0.543088 	 0.439509 	 0.271 	 20 	 -1.58465e-05 	 4.17336e-06 	 34 
-2.48186 	 -0.539869 	 0.426817 	 0.312465 	 21 	 1.03612e-05 	 -9.11435e-06 	 34 
-2.45044 	 -0.535368 	 0.412066 	 0.354132 	 22 	 -9.01167e-06 	 1.93735e-06 	 34 
-2.41903 	 -0.529804 	 0.395508 	 0.395778 	 23 	 4.84378e-06 	 -9.37243e-07 	 34 
-2.38761 	 -0.523389 	 0.377397 	 0.437178 	 24 	 -3.16508e-06 	 2.16874e-06 	 34 
-2.35619 	 -0.516323 	 0.35798 	 0.478107 	 25 	 2.56375e-06 	 -6.31264e-07 	 34 
-2.32478 	 -0.5088 	 0.337501 	 0.518338 	 26 	 -1.47519e-06 	 2.18685e-07 	 34 
-2.29336 	 -0.500997 	 0.316184 	 0.557645 	 27 	 9.65758e-07 	 -5.15218e-07 	 34 
-2.26195 	 -0.493081 	 0.294241 	 0.595805 	 28 	 -7.46896e-07 	 1.93116e-07 	 34 
-2.23053 	 -0.485204 	 0.271857 	 0.632597 	 29 	 4.50429e-07 	 -5.57076e-08 	 34 
-2.19911 	 -0.477503 	 0.249197 	 0.667802 	 30 	 -2.9434e-07 	 1.23223e-07 	 34 
-2.1677 	 -0.470102 	 0.226398 	 0.701208 	 31 	 2.2349e-07 	 -5.68871e-08 	 34 
-2.13628 	 -0.463109 	 0.203573 	 0.732606 	 32 	 -1.38105e-07 	 1.48178e-08 	 34 
-2.10487 	 -0.45662 	 0.180809 	 0.761795 	 33 	 9.08973e-08 	 -2.93856e-08 	 34 
-2.07345 	 -0.450719 	 0.158167 	 0.78858 	 34 	 -6.89049e-08 	 1.63378e-08 	 34 
-2.04204 	 -0.445476 	 0.135688 	 0.812776 	 35 	 4.38174e-08 	 -3.87657e-09 	 34 
-2.01062 	 -0.440952 	 0.113392 	 0.834203 	 36 	 -2.88371e-08 	 6.91264e-09 	 34 
-1.9792 	 -0.437197 	 0.0912827 	 0.852695 	 37 	 2.30956e-08 	 -4.62982e-09 	 34 
-1.94779 	 -0.434254 	 0.0693462 	 0.868093 	 38 	 -1.4885e-08 	 9.30407e-10 	 34 
-1.91637 	 -0.432155 	 0.0475581 	 0.880251 	 39 	 1.04354e-08 	 -1.5072e-09 	 34 
-1.88496 	 -0.430928 	 0.0258835 	 0.889034 	 40 	 -8.88495e-09 	 1.31254e-09 	 34 
-1.85354 	 -0.430591 	 0.00428072 	 0.894319 	 41 	 6.30275e-09 	 -1.3959e-10 	 34 
-1.82212 	 -0.431156 	 -0.0172966 	 0.895997 	 42 	 -4.67061e-09 	 2.37065e-10 	 34 
-1.79071 	 -0.432631 	 -0.0388964 	 0.89397 	 43 	 4.56374e-09 	 -3.55362e-10 	 34 
-1.75929 	 -0.435012 	 -0.0605654 	 0.888158 	 44 	 -3.44713e-09 	 -3.75406e-11 	 34 
-1.72788 	 -0.438291 	 -0.0823463 	 0.878491 	 45 	 2.973e-09 	 4.88417e-11 	 34 
-1.69646 	 -0.442448 	 -0.104274 	 0.864916 	 46 	 -2.93051e-09 	 8.34274e-11 	 34 
-1.66504 	 -0.447454 	 -0.126373 	 0.847396 	 47 	 2.52936e-09 	 6.7105e-11 	 34 
-1.63363 	 -0.453267 	 -0.148652 	 0.825905 	 48 	 -2.23328e-09 	 -8.75869e-11 	 34 
-1.60221 	 -0.459832 	 -0.171098 	 0.800437 	 49 	 2.2988e-09 	 7.82136e-13 	 34 
-1.5708 	 -0.467073 	 -0.193678 	 0.771 	 50 	 -2.01205e-09 	 -5.51378e-11 	 34 
-1.53938 	 -0.474897 	 -0.216323 	 0.737616 	 51 	 1.89882e-09 	 7.86363e-11 	 34 
-1.50796 	 -0.483186 	 -0.238932 	 0.700324 	 52 	 -1.85607e-09 	 -2.14064e-11 	 34 
-1.47655 	 -0.491797 	 -0.261362 	 0.659179 	 53 	 1.71883e-09 	 4.31455e-11 	 34 
-1.44513 	 -0.500554 	 -0.283422 	 0.61425 	 54 	 -1.58911e-09 	 -5.83513e-11 	 34 
-1.41372 	 -0.509254 	 -0.304873 	 0.565622 	 55 	 1.56679e-09 	 2.63158e-11 	 34 
-1.3823 	 -0.517659 	 -0.325426 	 0.513395 	 56 	 -1.43157e-09 	 -3.09353e-11 	 34 
-1.35088 	 -0.5255 	 -0.344745 	 0.457684 	 57 	 1.35616e-09 	 4.28792e-11 	 34 
-1.31947 	 -0.532479 	 -0.362453 	 0.398617 	 58 	 -1.29047e-09 	 -2.31222e-11 	 34 
-1.28805 	 -0.538278 	 -0.378149 	 0.336337 	 59 	 1.2074e-09 	 2.33921e-11 	 34 
-1.25664 	 -0.542569 	 -0.391427 	 0.271 	 60 	 -1.12193e-09 	 -2.98983e-11 	 34 
-1.22522 	 -0.545025 	 -0.401903 	 0.202775 	 61 	 1.07368e-09 	 1.95613e-11 	 34 
-1.19381 	 -0.545343 	 -0.409247 	 0.131844 	 62 	 -9.9082e-10 	 -1.69545e-11 	 34 
-1.16239 	 -0.543264 	 -0.413214 	 0.0583992 	 63 	 9.3164e-10 	 2.13833e-11 	 34 
-1.13097 	 -0.538591 	 -0.413671 	 -0.0173553 	 64 	 -8.73144e-10 	 -1.5087e-11 	 34 
-1.09956 	 -0.53121 	 -0.410617 	 -0.0952052 	 65 	 8.15343e-10 	 1.28618e-11 	 34 
-1.06814 	 -0.521107 	 -0.404187 	 -0.174927 	 66 	 -7.56217e-10 	 -1.48434e-11 	 34 
-1.03673 	 -0.508367 	 -0.394647 	 -0.256288 	 67 	 7.11898e-10 	 1.17065e-11 	 34 
-1.00531 	 -0.493177 	 -0.382366 	 -0.339048 	 68 	 -6.5771e-10 	 -9.41434e-12 	 34 
-0.973894 	 -0.475808 	 -0.367791 	 -0.422959 	 69 	 6.13991e-10 	 1.06116e-11 	 34 
-0.942478 	 -0.456602 	 -0.351409 	 -0.507768 	 70 	 -5.70516e-10 	 -8.63751e-12 	 34 
-0.911062 	 -0.435937 	 -0.333711 	 -0.593217 	 71 	 5.30395e-10 	 7.10769e-12 	 34 
-0.879646 	 -0.414211 	 -0.315164 	 -0.679043 	 72 	 -4.90296e-10 	 -7.42374e-12 	 34 
-0.84823 	 -0.391813 	 -0.296188 	 -0.764979 	 73 	 4.56882e-10 	 6.45764e-12 	 34 
-0.816814 	 -0.369106 	 -0.277147 	 -0.850757 	 74 	 -4.21222e-10 	 -5.2004e-12 	 34 
-0.785398 	 -0.346411 	 -0.258338 	 -0.936107 	 75 	 3.90645e-10 	 5.33556e-12 	 34 
-0.753982 	 -0.324001 	 -0.239993 	 -1.02076 	 76 	 -3.60665e-10 	 -4.67025e-12 	 34 
-0.722566 	 -0.302097 	 -0.222286 	 -1.10444 	 77 	 3.33411e-10 	 3.88524e-12 	 34 
-0.69115 	 -0.280869 	 -0.205338 	 -1.18689 	 78 	 -3.0673e-10 	 -3.76487e-12 	 34 
-0.659734 	 -0.26044 	 -0.189224 	 -1.26784 	 79 	 2.83378e-10 	 3.42344e-12 	 34 
-0.628319 	 -0.240891 	 -0.173984 	 -1.34703 	 80 	 -2.5995e-10 	 -2.8229e-12 	 34 
-0.596903 	 -0.222268 	 -0.159629 	 -1.42421 	 81 	 2.39155e-10 	 2.71128e-12 	 34 
-0.565487 	 -0.204589 	 -0.146145 	 -1.49911 	 82 	 -2.19029e-10 	 -2.44308e-12 	 34 
-0.534071 	 -0.187845 	 -0.133507 	 -1.5715 	 83 	 2.00665e-10 	 2.07352e-12 	 34 
-0.502655 	 -0.172014 	 -0.121674 	 -1.64113 	 84 	 -1.82917e-10 	 -1.91083e-12 	 34 
-0.471239 	 -0.157058 	 -0.1106 	 -1.70779 	 85 	 1.66904e-10 	 1.75441e-12 	 34 
-0.439823 	 -0.14293 	 -0.100232 	 -1.77125 	 86 	 -1.51272e-10 	 -1.47556e-12 	 34 
-0.408407 	 -0.129577 	 -0.0905163 	 -1.8313 	 87 	 1.37023e-10 	 1.35309e-12 	 34 
-0.376991 	 -0.116942 	 -0.0813974 	 -1.88775 	 88 	 -1.23296e-10 	 -1.21784e-12 	 34 
-0.345575 	 -0.104964 	 -0.0728202 	 -1.94039 	 89 	 1.10572e-10 	 1.03996e-12 	 34 
-0.314159 	 -0.0935846 	 -0.0647306 	 -1.98907 	 90 	 -9.8293e-11 	 -9.17395e-13 	 34 
-0.282743 	 -0.0827427 	 -0.0570761 	 -2.03362 	 91 	 8.68827e-11 	 8.23725e-13 	 34 
-0.251327 	 -0.072379 	 -0.049806 	 -2.07389 	 92 	 -7.57897e-11 	 -6.85051e-13 	 34 
-0.219911 	 -0.0624355 	 -0.0428714 	 -2.10974 	 93 	 6.53536e-11 	 5.903e-13 	 34 
-0.188496 	 -0.0528554 	 -0.0362257 	 -2.14106 	 94 	 -5.52106e-11 	 -5.0345e-13 	 34 
-0.15708 	 -0.0435833 	 -0.0298238 	 -2.16774 	 95 	 4.55147e-11 	 4.04483e-13 	 34 
-0.125664 	 -0.0345654 	 -0.0236224 	 -2.1897 	 96 	 -3.6028e-11 	 -3.15037e-13 	 34 
-0.0942478 	 -0.0257491 	 -0.0175796 	 -2.20685 	 97 	 2.68489e-11 	 2.41068e-13 	 34 
-0.0628319 	 -0.0170831 	 -0.0116547 	 -2.21914 	 98 	 -1.77847e-11 	 -1.55699e-13 	 34 
-0.0314159 	 -0.00851672 	 -0.00580791 	 -2.22653 	 99 	 8.87132e-12 	 7.58496e-14 	 34 
4.44089e-16 	 1.25299e-16 	 7.3908e-17 	 -2.229 	 100 	 -2.6878e-16 	 1.35365e-17 	 34 
0.0314159 	 0.00851672 	 0.00580791 	 -2.22653 	 101 	 -8.87124e-12 	 -7.60821e-14 	 34 
0.0628319 	 0.0170832 	 0.0116547 	 -2.21914 	 102 	 1.77847e-11 	 1.56038e-13 	 34 
0.0942478 	 0.0257494 	 0.0175796 	 -2.20685 	 103 	 -2.68486e-11 	 -2.40858e-13 	 34 
0.125664 	 0.0345661 	 0.0236224 	 -2.1897 	 104 	 3.60277e-11 	 3.15593e-13 	 34 
0.15708 	 0.0435847 	 0.0298239 	 -2.16774 	 105 	 -4.55151e-11 	 -4.04429e-13 	 34 
0.188496 	 0.0528578 	 0.0362258 	 -2.14106 	 106 	 5.52102e-11 	 5.03436e-13 	 34 
0.219911 	 0.0624392 	 0.0428716 	 -2.10974 	 107 	 -6.53536e-11 	 -5.90634e-13 	 34 
0.251327 	 0.0723843 	 0.0498062 	 -2.07389 	 108 	 7.57899e-11 	 6.84973e-13 	 34 
0.282743 	 0.0827498 	 0.0570765 	 -2.03362 	 109 	 -8.68821e-11 	 -8.2427e-13 	 34 
0.314159 	 0.0935938 	 0.0647312 	 -1.98907 	 110 	 9.82931e-11 	 9.17782e-13 	 34 
0.345575 	 0.104976 	 0.0728209 	 -1.94039 	 111 	 -1.10572e-10 	 -1.03988e-12 	 34 
0.376991 	 0.116956 	 0.0813982 	 -1.88775 	 112 	 1.23297e-10 	 1.21679e-12 	 34 
0.408407 	 0.129594 	 0.0905173 	 -1.8313 	 113 	 -1.37023e-10 	 -1.35331e-12 	 34 
0.439823 	 0.142951 	 0.100233 	 -1.77125 	 114 	 1.51271e-10 	 1.47603e-12 	 34 
0.471239 	 0.157082 	 0.110601 	 -1.70779 	 115 	 -1.66903e-10 	 -1.75527e-12 	 34 
0.502655 	 0.172043 	 0.121676 	 -1.64113 	 116 	 1.82916e-10 	 1.91132e-12 	 34 
0.534071 	 0.187878 	 0.133509 	 -1.5715 	 117 	 -2.00664e-10 	 -2.07388e-12 	 34 
0.565487 	 0.204626 	 0.146147 	 -1.49911 	 118 	 2.1903e-10 	 2.44306e-12 	 34 
0.596903 	 0.222312 	 0.159631 	 -1.42421 	 119 	 -2.39157e-10 	 -2.711e-12 	 34 
0.628319 	 0.24094 	 0.173987 	 -1.34703 	 120 	 2.5995e-10 	 2.82165e-12 	 34 
0.659734 	 0.260495 	 0.189228 	 -1.26784 	 121 	 -2.83378e-10 	 -3.42204e-12 	 34 
0.69115 	 0.280931 	 0.205342 	 -1.18689 	 122 	 3.06732e-10 	 3.76528e-12 	 34 
0.722566 	 0.302166 	 0.222291 	 -1.10444 	 123 	 -3.33411e-10 	 -3.88483e-12 	 34 
0.753982 	 0.324078 	 0.239998 	 -1.02076 	 124 	 3.60663e-10 	 4.66947e-12 	 34 
0.785398 	 0.346496 	 0.258343 	 -0.936107 	 125 	 -3.90645e-10 	 -5.33612e-12 	 34 
0.816814 	 0.369199 	 0.277153 	 -0.850757 	 126 	 4.21222e-10 	 5.20055e-12 	 34 
0.84823 	 0.391914 	 0.296195 	 -0.764979 	 127 	 -4.56882e-10 	 -6.45759e-12 	 34 
0.879646 	 0.414318 	 0.315171 	 -0.679043 	 128 	 4.90296e-10 	 7.42412e-12 	 34 
0.911062 	 0.436049 	 0.33372 	 -0.593217 	 129 	 -5.30394e-10 	 -7.10795e-12 	 34 
0.942478 	 0.456716 	 0.351419 	 -0.507768 	 130 	 5.70517e-10 	 8.6376e-12 	 34 
0.973894 	 0.475923 	 0.367801 	 -0.422959 	 131 	 -6.13991e-10 	 -1.06119e-11 	 34 
1.00531 	 0.493287 	 0.382376 	 -0.339048 	 132 	 6.5771e-10 	 9.41408e-12 	 34 
1.03673 	 0.508471 	 0.394657 	 -0.256288 	 133 	 -7.11897e-10 	 -1.17068e-11 	 34 
1.06814 	 0.521203 	 0.404198 	 -0.174927 	 134 	 7.56216e-10 	 1.48443e-11 	 34 
1.09956 	 0.531298 	 0.410627 	 -0.0952052 	 135 	 -8.15342e-10 	 -1.28622e-11 	 34 
1.13097 	 0.53867 	 0.413681 	 -0.0173553 	 136 	 8.73144e-10 	 1.50875e-11 	 34 
1.16239 	 0.543335 	 0.413223 	 0.0583992 	 137 	 -9.3164e-10 	 -2.13833e-11 	 34 
1.19381 	 0.545408 	 0.409255 	 0.131844 	 138 	 9.9082e-10 	 1.69545e-11 	 34 
1.22522 	 0.545084 	 0.401911 	 0.202775 	 139 	 -1.07368e-09 	 -1.95617e-11 	 34 
1.25664 	 0.542623 	 0.391435 	 0.271 	 140 	 1.12193e-09 	 2.98979e-11 	 34 
1.28805 	 0.538327 	 0.378158 	 0.336337 	 141 	 -1.2074e-09 	 -2.33921e-11 	 34 
1.31947 	 0.532523 	 0.362464 	 0.398617 	 142 	 1.29047e-09 	 2.31223e-11 	 34 
1.35088 	 0.52554 	 0.344757 	 0.457684 	 143 	 -1.35616e-09 	 -4.28793e-11 	 34 
1.3823 	 0.517695 	 0.325441 	 0.513395 	 144 	 1.43157e-09 	 3.09354e-11 	 34 
1.41372 	 0.509286 	 0.304889 	 0.565622 	 145 	 -1.56679e-09 	 -2.63161e-11 	 34 
1.44513 	 0.500582 	 0.28344 	 0.61425 	 146 	 1.58911e-09 	 5.8351e-11 	 34 
1.47655 	 0.491821 	 0.261382 	 0.659179 	 147 	 -1.71883e-09 	 -4.31454e-11 	 34 
1.50796 	 0.483207 	 0.238955 	 0.700324 	 148 	 1.85607e-09 	 2.14064e-11 	 34 
1.53938 	 0.474915 	 0.216348 	 0.737616 	 149 	 -1.89882e-09 	 -7.86366e-11 	 34 
1.5708 	 0.467088 	 0.193704 	 0.771 	 150 	 2.01205e-09 	 5.5138e-11 	 34 
1.60221 	 0.459844 	 0.171126 	 0.800437 	 151 	 -2.2988e-09 	 -7.81982e-13 	 34 
1.63363 	 0.453278 	 0.148681 	 0.825905 	 152 	 2.23328e-09 	 8.75873e-11 	 34 
1.66504 	 0.447463 	 0.126404 	 0.847396 	 153 	 -2.52936e-09 	 -6.71047e-11 	 34 
1.69646 	 0.442455 	 0.104306 	 0.864916 	 154 	 2.93051e-09 	 -8.34276e-11 	 34 
1.72788 	 0.438296 	 0.0823797 	 0.878491 	 155 	 -2.973e-09 	 -4.88427e-11 	 34 
1.75929 	 0.435016 	 0.0605998 	 0.888158 	 156 	 3.44713e-09 	 3.75409e-11 	 34 
1.79071 	 0.432634 	 0.0389316 	 0.89397 	 157 	 -4.56374e-09 	 3.55363e-10 	 34 
1.82212 	 0.431159 	 0.0173327 	 0.895997 	 158 	 4.67061e-09 	 -2.37066e-10 	 34 
1.85354 	 0.430592 	 -0.0042439 	 0.894319 	 159 	 -6.30276e-09 	 1.39591e-10 	 34 
1.88496 	 0.430928 	 -0.025846 	 0.889034 	 160 	 8.88495e-09 	 -1.31255e-09 	 34 
1.91637 	 0.432154 	 -0.04752 	 0.880251 	 161 	 -1.04354e-08 	 1.5072e-09 	 34 
1.94779 	 0.434252 	 -0.0693076 	 0.868093 	 162 	 1.4885e-08 	 -9.30405e-10 	 34 
1.9792 	 0.437194 	 -0.0912435 	 0.852695 	 163 	 -2.30956e-08 	 4.62982e-09 	 34 
2.01062 	 0.440947 	 -0.113353 	 0.834203 	 164 	 2.88371e-08 	 -6.91264e-09 	 34 
2.04204 	 0.44547 	 -0.135648 	 0.812776 	 165 	 -4.38174e-08 	 3.87657e-09 	 34 
2.07345 	 0.450711 	 -0.158126 	 0.78858 	 166 	 6.89049e-08 	 -1.63378e-08 	 34 
2.10487 	 0.45661 	 -0.180768 	 0.761795 	 167 	 -9.08973e-08 	 2.93856e-08 	 34 
2.13628 	 0.463096 	 -0.203533 	 0.732606 	 168 	 1.38105e-07 	 -1.48178e-08 	 34 
2.1677 	 0.470087 	 -0.226358 	 0.701208 	 169 	 -2.2349e-07 	 5.68871e-08 	 34 
2.19911 	 0.477486 	 -0.249156 	 0.667802 	 170 	 2.9434e-07 	 -1.23223e-07 	 34 
2.23053 	 0.485184 	 -0.271817 	 0.632597 	 171 	 -4.50429e-07 	 5.57076e-08 	 34 
2.26195 	 0.493059 	 -0.294201 	 0.595805 	 172 	 7.46896e-07 	 -1.93116e-07 	 34 
2.29336 	 0.500973 	 -0.316145 	 0.557645 	 173 	 -9.65758e-07 	 5.15218e-07 	 34 
2.32478 	 0.508773 	 -0.337462 	 0.518338 	 174 	 1.47519e-06 	 -2.18685e-07 	 34 
2.35619 	 0.516295 	 -0.357943 	 0.478107 	 175 	 -2.56375e-06 	 6.31264e-07 	 34 
2.38761 	 0.523358 	 -0.37736 	 0.437178 	 176 	 3.16508e-06 	 -2.16874e-06 	 34 
2.41903 	 0.529772 	 -0.395473 	 0.395778 	 177 	 -4.84378e-06 	 9.37243e-07 	 34 
2.45044 	 0.535336 	 -0.412033 	 0.354132 	 178 	 9.01167e-06 	 -1.93735e-06 	 34 
2.48186 	 0.539836 	 -0.426786 	 0.312465 	 179 	 -1.03612e-05 	 9.11435e-06 	 34 
2.51327 	 0.543055 	 -0.43948 	 0.271 	 180 	 1.58465e-05 	 -4.17336e-06 	 34 
2.54469 	 0.544767 	 -0.449869 	 0.229956 	 181 	 -3.26741e-05 	 4.83295e-06 	 34 
2.57611 	 0.54474 	 -0.457717 	 0.189549 	 182 	 3.38443e-05 	 -3.77913e-05 	 34 
2.60752 	 0.54274 	 -0.462797 	 0.149988 	 183 	 -5.17534e-05 	 1.96978e-05 	 34 
2.63894 	 0.538524 	 -0.464896 	 0.11148 	 184 	 0.000123918 	 -8.05156e-06 	 34 
2.67035 	 0.531847 	 -0.463813 	 0.0742213 	 185 	 -0.000111399 	 0.000163244 	 34 
2.70177 	 0.522457 	 -0.459358 	 0.0384031 	 186 	 0.000168838 	 -0.000113105 	 34 
2.73319 	 0.510095 	 -0.451352 	 0.00420752 	 187 	 -0.000495161 	 5.13616e-07 	 34 
2.7646 	 0.494498 	 -0.439628 	 -0.0281921 	 188 	 0.000357062 	 -0.0007104 	 34 
2.79602 	 0.475396 	 -0.42403 	 -0.0586325 	 189 	 -0.000504816 	 0.00057519 	 34 
2.82743 	 0.452524 	 -0.40442 	 -0.0869605 	 190 	 0.00202869 	 0.000394404 	 34 
2.85885 	 0.425626 	 -0.38069 	 -0.113034 	 191 	 -0.000994076 	 0.00259326 	 34 
2.89027 	 0.394476 	 -0.352767 	 -0.136724 	 192 	 0.001263 	 -0.00253262 	 34 
2.92168 	 0.358903 	 -0.320642 	 -0.15791 	 193 	 -0.00949577 	 -0.00304714 	 34 
2.9531 	 0.318822 	 -0.284385 	 -0.176489 	 194 	 0.00469951 	 -0.0130582 	 34 
2.98451 	 0.274279 	 -0.244176 	 -0.192368 	 195 	 -0.00801353 	 0.0249867 	 34 
3.01593 	 0.225493 	 -0.200326 	 -0.205468 	 196 	 0.0614139 	 -0.0056958 	 34 
3.04734 	 0.172898 	 -0.153298 	 -0.215725 	 197 	 -0.0437271 	 0.0904492 	 34 
3.07876 	 0.117158 	 -0.10371 	 -0.223088 	 198 	 0.0452775 	 -0.167605 	 34 
3.11018 	 0.0591673 	 -0.05232 	 -0.22752 	 199 	 -0.27785 	 -0.0363086 	 34 

 
-3.14159 	 -1.00955e-16 	 1.00923e-16 	 -0.951 	 0 	 0 	 0 	 45 
-3.11018 	 -0.0253026 	 0.0252962 	 -0.94952 	 1 	 0.31971 	 -0.319681 	 45 
-3.07876 	 -0.050647 	 0.0506346 	 -0.945088 	 2 	 -0.0942143 	 0.0942431 	 45 
-3.04734 	 -0.0760727 	 0.0760556 	 -0.937725 	 3 	 -0.0255108 	 0.0255096 	 45 
-3.01593 	 -0.101615 	 0.101596 	 -0.927468 	 4 	 -0.000827946 	 0.000823262 	 45 
-2.98451 	 -0.127306 	 0.127286 	 -0.914368 	 5 	 0.00225704 	 -0.00225974 	 45 
-2.9531 	 -0.153168 	 0.153151 	 -0.898489 	 6 	 0.0069677 	 -0.00696723 	 45 
-2.92168 	 -0.179217 	 0.179203 	 -0.87991 	 7 	 -0.00183052 	 0.00183413 	 45 
-2.89027 	 -0.205456 	 0.205448 	 -0.858724 	 8 	 -0.0013651 	 0.00136298 	 45 
-2.85885 	 -0.231876 	 0.231874 	 -0.835034 	 9 	 8.57032e-06 	 -8.39409e-06 	 45 
-2.82743 	 -0.258455 	 0.258459 	 -0.80896 	 10 	 0.000221296 	 -0.000222495 	 45 
-2.79602 	 -0.285154 	 0.285164 	 -0.780632 	 11 	 0.000192061 	 -0.00019076 	 45 
-2.7646 	 -0.311917 	 0.311934 	 -0.750192 	 12 	 -6.03545e-05 	 6.02679e-05 	 45 
-2.73319 	 -0.338675 	 0.338696 	 -0.717792 	 13 	 -5.87749e-05 	 5.8854e-05 	 45 
-2.70177 	 -0.365338 	 0.365364 	 -0.683597 	 14 	 3.22812e-07 	 -7.65813e-07 	 45 
-2.67035 	 -0.391805 	 0.391833 	 -0.647779 	 15 	 1.33202e-05 	 -1.32279e-05 	 45 
-2.63894 	 -0.417958 	 0.417987 	 -0.61052 	 16 	 6.45903e-06 	 -6.39327e-06 	 45 
-2.60752 	 -0.44367 	 0.4437 	 -0.572012 	 17 	 -2.76588e-06 	 2.88621e-06 	 45 
-2.57611 	 -0.468807 	 0.468836 	 -0.532451 	 18 	 -2.67011e-06 	 2.59012e-06 	 45 
-2.54469 	 -0.493229 	 0.493256 	 -0.492044 	 19 	 1.08057e-07 	 -1.44055e-07 	 45 
-2.51327 	 -0.5168 	 0.516825 	 -0.451 	 20 	 6.89038e-07 	 -7.0758e-07 	 45 
-2.48186 	 -0.539389 	 0.539411 	 -0.409535 	 21 	 2.66633e-07 	 -2.28053e-07 	 45 
-2.45044 	 -0.560873 	 0.560892 	 -0.367868 	 22 	 -1.47837e-07 	 1.57684e-07 	 45 
-2.41903 	 -0.581147 	 0.581163 	 -0.326222 	 23 	 -1.24446e-07 	 1.15073e-07 	 45 
-2.38761 	 -0.600123 	 0.600135 	 -0.284822 	 24 	 3.91902e-09 	 -1.56829e-08 	 45 
-2.35619 	 -0.617733 	 0.617742 	 -0.243893 	 25 	 3.17571e-08 	 -3.60899e-08 	 45 
-2.32478 	 -0.633935 	 0.633941 	 -0.203662 	 26 	 1.84043e-08 	 -7.98988e-09 	 45 
-2.29336 	 -0.648706 	 0.648709 	 -0.164355 	 27 	 -1.15015e-08 	 9.39438e-09 	 45 
-2.26195 	 -0.662048 	 0.662048 	 -0.126195 	 28 	 -1.76165e-09 	 4.48144e-09 	 45 
-2.23053 	 -0.673985 	 0.673983 	 -0.0894031 	 29 	 -7.37659e-09 	 -9.95616e-10 	 45 
-2.19911 	 -0.684558 	 0.684553 	 -0.0541978 	 30 	 6.89348e-09 	 -2.23542e-09 	 45 
-2.1677 	 -0.693823 	 0.693815 	 -0.0207921 	 31 	 -3.93778e-09 	 2.20202e-10 	 45 
-2.13628 	 -0.701851 	 0.70184 	 0.0106061 	 32 	 4.90783e-09 	 1.96338e-10 	 45 
-2.10487 	 -0.708716 	 0.708703 	 0.0397951 	 33 	 -5.44257e-09 	 4.56609e-10 	 45 
-2.07345 	 -0.714502 	 0.714486 	 0.0665805 	 34 	 3.62122e-09 	 -4.23635e-10 	 45 
-2.04204 	 -0.71929 	 0.719272 	 0.0907758 	 35 	 -4.04078e-09 	 1.48214e-10 	 45 
-2.01062 	 -0.72316 	 0.723138 	 0.112203 	 36 	 3.77076e-09 	 -2.08958e-10 	 45 
-1.9792 	 -0.726184 	 0.72616 	 0.130695 	 37 	 -3.28486e-09 	 2.3388e-10 	 45 
-1.94779 	 -0.728427 	 0.7284 	 0.146093 	 38 	 2.79291e-09 	 -1.95614e-10 	 45 
-1.91637 	 -0.729943 	 0.729913 	 0.158251 	 39 	 -2.92015e-09 	 1.39932e-10 	 45 
-1.88496 	 -0.730771 	 0.730738 	 0.167034 	 40 	 2.36499e-09 	 -1.58782e-10 	 45 
-1.85354 	 -0.730936 	 0.7309 	 0.172319 	 41 	 -2.21174e-09 	 1.35899e-10 	 45 
-1.82212 	 -0.730445 	 0.730406 	 0.173997 	 42 	 1.96122e-09 	 -1.20322e-10 	 45 
-1.79071 	 -0.72929 	 0.729247 	 0.17197 	 43 	 -1.85819e-09 	 1.00354e-10 	 45 
-1.75929 	 -0.727442 	 0.727396 	 0.166158 	 44 	 1.5319e-09 	 -1.03216e-10 	 45 
-1.72788 	 -0.724857 	 0.724806 	 0.156491 	 45 	 -1.48217e-09 	 8.28391e-11 	 45 
-1.69646 	 -0.72147 	 0.721414 	 0.142916 	 46 	 1.27251e-09 	 -7.7892e-11 	 45 
-1.66504 	 -0.717202 	 0.717142 	 0.125396 	 47 	 -1.18061e-09 	 6.71237e-11 	 45 
-1.63363 	 -0.711961 	 0.711894 	 0.103905 	 48 	 1.00873e-09 	 -6.44435e-11 	 45 
-1.60221 	 -0.705641 	 0.705567 	 0.0784375 	 49 	 -9.60163e-10 	 5.24958e-11 	 45 
-1.5708 	 -0.698132 	 0.69805 	 0.049 	 50 	 8.14647e-10 	 -5.08352e-11 	 45 
-1.53938 	 -0.689322 	 0.689232 	 0.015616 	 51 	 -7.62203e-10 	 4.31643e-11 	 45 
-1.50796 	 -0.679106 	 0.679006 	 -0.0216758 	 52 	 6.58395e-10 	 -4.05719e-11 	 45 
-1.47655 	 -0.667392 	 0.667281 	 -0.0628211 	 53 	 -6.16043e-10 	 3.41536e-11 	 45 
-1.44513 	 -0.654109 	 0.653986 	 -0.10775 	 54 	 5.27972e-10 	 -3.2807e-11 	 45 
-1.41372 	 -0.639217 	 0.639082 	 -0.156378 	 55 	 -4.95303e-10 	 2.76691e-11 	 45 
-1.3823 	 -0.622713 	 0.622565 	 -0.208605 	 56 	 4.2863e-10 	 -2.6111e-11 	 45 
-1.35088 	 -0.604638 	 0.604477 	 -0.264316 	 57 	 -3.99128e-10 	 2.23508e-11 	 45 
-1.31947 	 -0.585077 	 0.584905 	 -0.323383 	 58 	 3.46458e-10 	 -2.11588e-11 	 45 
-1.28805 	 -0.564162 	 0.56398 	 -0.385663 	 59 	 -3.23716e-10 	 1.80264e-11 	 45 
-1.25664 	 -0.542069 	 0.541879 	 -0.451 	 60 	 2.81708e-10 	 -1.70532e-11 	 45 
-1.22522 	 -0.519007 	 0.518812 	 -0.519225 	 61 	 -2.62377e-10 	 1.46958e-11 	 45 
-1.19381 	 -0.495214 	 0.495016 	 -0.590156 	 62 	 2.29839e-10 	 -1.38217e-11 	 45 
-1.16239 	 -0.47094 	 0.470742 	 -0.663601 	 63 	 -2.13982e-10 	 1.1944e-11 	 45 
-1.13097 	 -0.446439 	 0.446243 	 -0.739355 	 64 	 1.87906e-10 	 -1.12599e-11 	 45 
-1.09956 	 -0.421956 	 0.421764 	 -0.817205 	 65 	 -1.74955e-10 	 9.77643e-12 	 45 
-1.06814 	 -0.39772 	 0.397533 	 -0.896927 	 66 	 1.54425e-10 	 -9.17993e-12 	 45 
-1.03673 	 -0.373932 	 0.37375 	 -0.978288 	 67 	 -1.43574e-10 	 8.02217e-12 	 45 
-1.00531 	 -0.350764 	 0.350588 	 -1.06105 	 68 	 1.27223e-10 	 -7.53057e-12 	 45 
-0.973894 	 -0.328356 	 0.328185 	 -1.14496 	 69 	 -1.18313e-10 	 6.60286e-12 	 45 
-0.942478 	 -0.306816 	 0.306651 	 -1.22977 	 70 	 1.05219e-10 	 -6.18988e-12 	 45 
-0.911062 	 -0.286219 	 0.286061 	 -1.31522 	 71 	 -9.77655e-11 	 5.45685e-12 	 45 
-0.879646 	 -0.266616 	 0.266463 	 -1.40104 	 72 	 8.72875e-11 	 -5.10599e-12 	 45 
-0.84823 	 -0.24803 	 0.247884 	 -1.48698 	 73 	 -8.1064e-11 	 4.51867e-12 	 45 
-0.816814 	 -0.230465 	 0.230325 	 -1.57276 	 74 	 7.25869e-11 	 -4.22513e-12 	 45 
-0.785398 	 -0.213909 	 0.213776 	 -1.65811 	 75 	 -6.73676e-11 	 3.75296e-12 	 45 
-0.753982 	 -0.198335 	 0.198208 	 -1.74276 	 76 	 6.04921e-11 	 -3.50114e-12 	 45 
-0.722566 	 -0.183707 	 0.183586 	 -1.82644 	 77 	 -5.60786e-11 	 3.12122e-12 	 45 
-0.69115 	 -0.169981 	 0.169866 	 -1.90889 	 78 	 5.04577e-11 	 -2.90839e-12 	 45 
-0.659734 	 -0.157109 	 0.157 	 -1.98984 	 79 	 -4.67119e-11 	 2.59676e-12 	 45 
-0.628319 	 -0.145039 	 0.144936 	 -2.06903 	 80 	 4.2079e-11 	 -2.41357e-12 	 45 
-0.596903 	 -0.133718 	 0.133622 	 -2.14621 	 81 	 -3.88733e-11 	 2.15949e-12 	 45 
-0.565487 	 -0.123094 	 0.123003 	 -2.22111 	 82 	 3.50249e-11 	 -2.00094e-12 	 45 
-0.534071 	 -0.113113 	 0.113029 	 -2.2935 	 83 	 -3.22591e-11 	 1.78932e-12 	 45 
-0.502655 	 -0.103725 	 0.103646 	 -2.36313 	 84 	 2.90271e-11 	 -1.65081e-12 	 45 
-0.471239 	 -0.094879 	 0.0948064 	 -2.42979 	 85 	 -2.66202e-11 	 1.4748e-12 	 45 
-0.439823 	 -0.0865289 	 0.086462 	 -2.49325 	 86 	 2.38779e-11 	 -1.35392e-12 	 45 
-0.408407 	 -0.0786288 	 0.0785675 	 -2.5533 	 87 	 -2.17584e-11 	 1.20488e-12 	 45 
-0.376991 	 -0.0711359 	 0.0710801 	 -2.60975 	 88 	 1.93992e-11 	 -1.09693e-12 	 45 
-0.345575 	 -0.0640092 	 0.0639588 	 -2.66239 	 89 	 -1.75089e-11 	 9.68512e-13 	 45 
-0.314159 	 -0.0572102 	 0.0571651 	 -2.71107 	 90 	 1.54498e-11 	 -8.71745e-13 	 45 
-0.282743 	 -0.0507023 	 0.0506624 	 -2.75562 	 91 	 -1.37379e-11 	 7.59154e-13 	 45 
-0.251327 	 -0.0444508 	 0.0444159 	 -2.79589 	 92 	 1.19094e-11 	 -6.70387e-13 	 45 
-0.219911 	 -0.0384229 	 0.0383929 	 -2.83174 	 93 	 -1.03336e-11 	 5.71103e-13 	 45 
-0.188496 	 -0.0325871 	 0.0325618 	 -2.86306 	 94 	 8.6775e-12 	 -4.87295e-13 	 45 
-0.15708 	 -0.0269135 	 0.0268928 	 -2.88974 	 95 	 -7.19802e-12 	 3.97553e-13 	 45 
-0.125664 	 -0.0213733 	 0.021357 	 -2.9117 	 96 	 5.6671e-12 	 -3.17995e-13 	 45 
-0.0942478 	 -0.0159386 	 0.0159266 	 -2.92885 	 97 	 -4.247e-12 	 2.34379e-13 	 45 
-0.0628319 	 -0.0105824 	 0.0105745 	 -2.94114 	 98 	 2.79861e-12 	 -1.56841e-13 	 45 
-0.0314159 	 -0.00527827 	 0.00527432 	 -2.94853 	 99 	 -1.40374e-12 	 7.73204e-14 	 45 
4.44089e-16 	 7.70143e-17 	 -7.69591e-17 	 -2.951 	 100 	 -2.65336e-16 	 2.65324e-16 	 45 
0.0314159 	 0.00527827 	 -0.00527432 	 -2.94853 	 101 	 1.4038e-12 	 -7.73827e-14 	 45 
0.0628319 	 0.0105824 	 -0.0105745 	 -2.94114 	 102 	 -2.79868e-12 	 1.56908e-13 	 45 
0.0942478 	 0.0159383 	 -0.0159266 	 -2.92885 	 103 	 4.24715e-12 	 -2.34525e-13 	 45 
0.125664 	 0.0213726 	 -0.0213571 	 -2.9117 	 104 	 -5.66724e-12 	 3.18132e-13 	 45 
0.15708 	 0.026912 	 -0.0268929 	 -2.88974 	 105 	 7.19769e-12 	 -3.97227e-13 	 45 
0.188496 	 0.0325846 	 -0.0325621 	 -2.86306 	 106 	 -8.67782e-12 	 4.8761e-13 	 45 
0.219911 	 0.038419 	 -0.0383932 	 -2.83174 	 107 	 1.03337e-11 	 -5.71202e-13 	 45 
0.251327 	 0.0444454 	 -0.0444164 	 -2.79589 	 108 	 -1.19092e-11 	 6.70158e-13 	 45 
0.282743 	 0.050695 	 -0.050663 	 -2.75562 	 109 	 1.37382e-11 	 -7.59451e-13 	 45 
0.314159 	 0.0572008 	 -0.0571659 	 -2.71107 	 110 	 -1.54497e-11 	 8.71645e-13 	 45 
0.345575 	 0.0639975 	 -0.0639598 	 -2.66239 	 111 	 1.75095e-11 	 -9.69074e-13 	 45 
0.376991 	 0.0711216 	 -0.0710813 	 -2.60975 	 112 	 -1.93984e-11 	 1.09612e-12 	 45 
0.408407 	 0.0786118 	 -0.078569 	 -2.5533 	 113 	 2.17579e-11 	 -1.20434e-12 	 45 
0.439823 	 0.0865089 	 -0.0864637 	 -2.49325 	 114 	 -2.38776e-11 	 1.35357e-12 	 45 
0.471239 	 0.0948559 	 -0.0948084 	 -2.42979 	 115 	 2.66209e-11 	 -1.47549e-12 	 45 
0.502655 	 0.103698 	 -0.103648 	 -2.36313 	 116 	 -2.90293e-11 	 1.65305e-12 	 45 
0.534071 	 0.113083 	 -0.113031 	 -2.2935 	 117 	 3.22602e-11 	 -1.79039e-12 	 45 
0.565487 	 0.12306 	 -0.123006 	 -2.22111 	 118 	 -3.5024e-11 	 2.00006e-12 	 45 
0.596903 	 0.13368 	 -0.133625 	 -2.14621 	 119 	 3.88719e-11 	 -2.15806e-12 	 45 
0.628319 	 0.144996 	 -0.14494 	 -2.06903 	 120 	 -4.20793e-11 	 2.41383e-12 	 45 
0.659734 	 0.157061 	 -0.157004 	 -1.98984 	 121 	 4.67119e-11 	 -2.59683e-12 	 45 
0.69115 	 0.169929 	 -0.169871 	 -1.90889 	 122 	 -5.04556e-11 	 2.90628e-12 	 45 
0.722566 	 0.18365 	 -0.183591 	 -1.82644 	 123 	 5.60785e-11 	 -3.12113e-12 	 45 
0.753982 	 0.198272 	 -0.198214 	 -1.74276 	 124 	 -6.0494e-11 	 3.50301e-12 	 45 
0.785398 	 0.213841 	 -0.213782 	 -1.65811 	 125 	 6.73676e-11 	 -3.75291e-12 	 45 
0.816814 	 0.230391 	 -0.230333 	 -1.57276 	 126 	 -7.25863e-11 	 4.2245e-12 	 45 
0.84823 	 0.247949 	 -0.247892 	 -1.48698 	 127 	 8.10642e-11 	 -4.51895e-12 	 45 
0.879646 	 0.266528 	 -0.266473 	 -1.40104 	 128 	 -8.72878e-11 	 5.10626e-12 	 45 
0.911062 	 0.286125 	 -0.286071 	 -1.31522 	 129 	 9.77664e-11 	 -5.45782e-12 	 45 
0.942478 	 0.306715 	 -0.306662 	 -1.22977 	 130 	 -1.05218e-10 	 6.18903e-12 	 45 
0.973894 	 0.328249 	 -0.328197 	 -1.14496 	 131 	 1.18313e-10 	 -6.60269e-12 	 45 
1.00531 	 0.35065 	 -0.3506 	 -1.06105 	 132 	 -1.27223e-10 	 7.52988e-12 	 45 
1.03673 	 0.373811 	 -0.373764 	 -0.978288 	 133 	 1.43575e-10 	 -8.02309e-12 	 45 
1.06814 	 0.397593 	 -0.397548 	 -0.896927 	 134 	 -1.54426e-10 	 9.18124e-12 	 45 
1.09956 	 0.421823 	 -0.42178 	 -0.817205 	 135 	 1.74956e-10 	 -9.77731e-12 	 45 
1.13097 	 0.446301 	 -0.44626 	 -0.739355 	 136 	 -1.87906e-10 	 1.12601e-11 	 45 
1.16239 	 0.470799 	 -0.47076 	 -0.663601 	 137 	 2.13982e-10 	 -1.19439e-11 	 45 
1.19381 	 0.495071 	 -0.495034 	 -0.590156 	 138 	 -2.29839e-10 	 1.38215e-11 	 45 
1.22522 	 0.518866 	 -0.51883 	 -0.519225 	 139 	 2.62377e-10 	 -1.46958e-11 	 45 
1.25664 	 0.54193 	 -0.541897 	 -0.451 	 140 	 -2.81708e-10 	 1.70539e-11 	 45 
1.28805 	 0.564029 	 -0.563997 	 -0.385663 	 141 	 3.23716e-10 	 -1.80262e-11 	 45 
1.31947 	 0.58495 	 -0.584921 	 -0.323383 	 142 	 -3.46457e-10 	 2.11586e-11 	 45 
1.35088 	 0.60452 	 -0.604493 	 -0.264316 	 143 	 3.99128e-10 	 -2.23509e-11 	 45 
1.3823 	 0.622604 	 -0.62258 	 -0.208605 	 144 	 -4.2863e-10 	 2.61113e-11 	 45 
1.41372 	 0.639117 	 -0.639095 	 -0.156378 	 145 	 4.95303e-10 	 -2.76692e-11 	 45 
1.44513 	 0.654018 	 -0.653998 	 -0.10775 	 146 	 -5.27972e-10 	 3.28073e-11 	 45 
1.47655 	 0.66731 	 -0.667292 	 -0.0628211 	 147 	 6.16043e-10 	 -3.41533e-11 	 45 
1.50796 	 0.679032 	 -0.679016 	 -0.0216758 	 148 	 -6.58394e-10 	 4.05709e-11 	 45 
1.53938 	 0.689255 	 -0.689241 	 0.015616 	 149 	 7.62203e-10 	 -4.3164e-11 	 45 
1.5708 	 0.698071 	 -0.698058 	 0.049 	 150 	 -8.14647e-10 	 5.08355e-11 	 45 
1.60221 	 0.705586 	 -0.705574 	 0.0784375 	 151 	 9.60164e-10 	 -5.24967e-11 	 45 
1.63363 	 0.711911 	 -0.711901 	 0.103905 	 152 	 -1.00873e-09 	 6.44442e-11 	 45 
1.66504 	 0.717156 	 -0.717148 	 0.125396 	 153 	 1.18061e-09 	 -6.7123e-11 	 45 
1.69646 	 0.721428 	 -0.72142 	 0.142916 	 154 	 -1.27251e-09 	 7.78913e-11 	 45 
1.72788 	 0.724818 	 -0.724811 	 0.156491 	 155 	 1.48217e-09 	 -8.28396e-11 	 45 
1.75929 	 0.727406 	 -0.727401 	 0.166158 	 156 	 -1.53191e-09 	 1.03217e-10 	 45 
1.79071 	 0.729256 	 -0.729252 	 0.17197 	 157 	 1.85819e-09 	 -1.00356e-10 	 45 
1.82212 	 0.730414 	 -0.73041 	 0.173997 	 158 	 -1.96122e-09 	 1.20319e-10 	 45 
1.85354 	 0.730906 	 -0.730904 	 0.172319 	 159 	 2.21174e-09 	 -1.35895e-10 	 45 
1.88496 	 0.730743 	 -0.730742 	 0.167034 	 160 	 -2.36499e-09 	 1.58782e-10 	 45 
1.91637 	 0.729917 	 -0.729916 	 0.158251 	 161 	 2.92015e-09 	 -1.39933e-10 	 45 
1.94779 	 0.728403 	 -0.728403 	 0.146093 	 162 	 -2.79291e-09 	 1.95613e-10 	 45 
1.9792 	 0.726161 	 -0.726162 	 0.130695 	 163 	 3.28486e-09 	 -2.3388e-10 	 45 
2.01062 	 0.723138 	 -0.723141 	 0.112203 	 164 	 -3.77077e-09 	 2.08961e-10 	 45 
2.04204 	 0.71927 	 -0.719274 	 0.0907758 	 165 	 4.04078e-09 	 -1.48215e-10 	 45 
2.07345 	 0.714484 	 -0.714488 	 0.0665805 	 166 	 -3.62122e-09 	 4.23633e-10 	 45 
2.10487 	 0.708699 	 -0.708705 	 0.0397951 	 167 	 5.44257e-09 	 -4.56608e-10 	 45 
2.13628 	 0.701835 	 -0.701842 	 0.0106061 	 168 	 -4.90783e-09 	 -1.96337e-10 	 45 
2.1677 	 0.693809 	 -0.693817 	 -0.0207921 	 169 	 3.93778e-09 	 -2.20202e-10 	 45 
2.19911 	 0.684544 	 -0.684554 	 -0.0541978 	 170 	 -6.89348e-09 	 2.23542e-09 	 45 
2.23053 	 0.673972 	 -0.673984 	 -0.0894031 	 171 	 7.37659e-09 	 9.95616e-10 	 45 
2.26195 	 0.662036 	 -0.66205 	 -0.126195 	 172 	 1.76165e-09 	 -4.48144e-09 	 45 
2.29336 	 0.648695 	 -0.64871 	 -0.164355 	 173 	 1.15015e-08 	 -9.39438e-09 	 45 
2.32478 	 0.633925 	 -0.633942 	 -0.203662 	 174 	 -1.84043e-08 	 7.98988e-09 	 45 
2.35619 	 0.617724 	 -0.617743 	 -0.243893 	 175 	 -3.17571e-08 	 3.60898e-08 	 45 
2.38761 	 0.600115 	 -0.600136 	 -0.284822 	 176 	 -3.91902e-09 	 1.56829e-08 	 45 
2.41903 	 0.581141 	 -0.581163 	 -0.326222 	 177 	 1.24446e-07 	 -1.15073e-07 	 45 
2.45044 	 0.560868 	 -0.560892 	 -0.367868 	 178 	 1.47837e-07 	 -1.57684e-07 	 45 
2.48186 	 0.539386 	 -0.53941 	 -0.409535 	 179 	 -2.66633e-07 	 2.28053e-07 	 45 
2.51327 	 0.516799 	 -0.516824 	 -0.451 	 180 	 -6.89038e-07 	 7.0758e-07 	 45 
2.54469 	 0.49323 	 -0.493255 	 -0.492044 	 181 	 -1.08057e-07 	 1.44055e-07 	 45 
2.57611 	 0.468808 	 -0.468834 	 -0.532451 	 182 	 2.67011e-06 	 -2.59012e-06 	 45 
2.60752 	 0.443672 	 -0.443697 	 -0.572012 	 183 	 2.76588e-06 	 -2.88621e-06 	 45 
2.63894 	 0.41796 	 -0.417984 	 -0.61052 	 184 	 -6.45903e-06 	 6.39327e-06 	 45 
2.67035 	 0.391806 	 -0.391829 	 -0.647779 	 185 	 -1.33202e-05 	 1.32279e-05 	 45 
2.70177 	 0.365337 	 -0.365359 	 -0.683597 	 186 	 -3.22812e-07 	 7.65813e-07 	 45 
2.73319 	 0.338671 	 -0.33869 	 -0.717792 	 187 	 5.87749e-05 	 -5.8854e-05 	 45 
2.7646 	 0.31191 	 -0.311927 	 -0.750192 	 188 	 6.03545e-05 	 -6.02679e-05 	 45 
2.79602 	 0.285142 	 -0.285157 	 -0.780632 	 189 	 -0.000192061 	 0.00019076 	 45 
2.82743 	 0.258439 	 -0.258452 	 -0.80896 	 190 	 -0.000221296 	 0.000222495 	 45 
2.85885 	 0.231856 	 -0.231866 	 -0.835034 	 191 	 -8.57032e-06 	 8.39409e-06 	 45 
2.89027 	 0.205431 	 -0.20544 	 -0.858724 	 192 	 0.0013651 	 -0.00136298 	 45 
2.92168 	 0.179189 	 -0.179195 	 -0.87991 	 193 	 0.00183052 	 -0.00183413 	 45 
2.9531 	 0.153139 	 -0.153143 	 -0.898489 	 194 	 -0.0069677 	 0.00696723 	 45 
2.98451 	 0.127276 	 -0.127279 	 -0.914368 	 195 	 -0.00225704 	 0.00225974 	 45 
3.01593 	 0.101588 	 -0.10159 	 -0.927468 	 196 	 0.000827946 	 -0.000823262 	 45 
3.04734 	 0.07605 	 -0.076051 	 -0.937725 	 197 	 0.0255108 	 -0.0255096 	 45 
3.07876 	 0.0506309 	 -0.0506314 	 -0.945088 	 198 	 0.0942143 	 -0.0942431 	 45 
3.11018 	 0.0252944 	 -0.0252946 	 -0.94952 	 199 	 -0.31971 	 0.319681 	 45 

 
