1 	 0.236237 	 0.944 	 0 
0.793701 	 0.303353 	 0.938 	 0 
0.693361 	 0.346312 	 0.934 	 0 
0.629961 	 0.378215 	 0.931 	 0 
0.584804 	 0.403769 	 0.928 	 0 
0.550321 	 0.424999 	 0.926 	 0 
0.522758 	 0.443384 	 0.925 	 0 
0.5 	 0.459564 	 0.924 	 0 
0.48075 	 0.473897 	 0.923 	 0 
0.464159 	 0.486727 	 0.922 	 0 
0.449644 	 0.498315 	 0.921 	 0 
0.43679 	 0.508632 	 0.92 	 0 
0.42529 	 0.518584 	 0.92 	 0 
0.414913 	 0.527562 	 0.919 	 0 
0.40548 	 0.536115 	 0.919 	 0 
0.39685 	 0.543841 	 0.918 	 0 
0.388911 	 0.551275 	 0.918 	 0 
0.381571 	 0.558338 	 0.918 	 0 
0.374756 	 0.564485 	 0.917 	 0 
0.368403 	 0.57051 	 0.917 	 0 
0.36246 	 0.576414 	 0.917 	 0 
0.356883 	 0.582043 	 0.917 	 0 
0.351634 	 0.587396 	 0.917 	 0 
0.346681 	 0.592307 	 0.916 	 0 
0.341995 	 0.596984 	 0.916 	 0 
0.337553 	 0.601514 	 0.916 	 0 
0.333333 	 0.60591 	 0.916 	 0 
0.329317 	 0.610125 	 0.916 	 0 
0.325487 	 0.613811 	 0.916 	 0 
0.32183 	 0.617602 	 0.916 	 0 
0.318331 	 0.621306 	 0.916 	 0 
0.31498 	 0.624884 	 0.916 	 0 
0.311766 	 0.628326 	 0.916 	 0 
0.308679 	 0.631636 	 0.916 	 0 
0.305711 	 0.63482 	 0.916 	 0 
0.302853 	 0.637883 	 0.916 	 0 
0.3001 	 0.640833 	 0.916 	 0 
0.297444 	 0.643686 	 0.916 	 0 
0.29488 	 0.646437 	 0.916 	 0 
0.292402 	 0.649089 	 0.916 	 0 
0.290005 	 0.651646 	 0.916 	 0 
0.287685 	 0.654123 	 0.916 	 0 
0.285437 	 0.656519 	 0.916 	 0 
0.283258 	 0.658831 	 0.916 	 0 
0.281144 	 0.661065 	 0.916 	 0 
0.279092 	 0.663238 	 0.916 	 0 
0.277098 	 0.665023 	 0.916 	 0 
0.275161 	 0.667276 	 0.916 	 0 
0.273276 	 0.669008 	 0.916 	 0 
0.271442 	 0.67083 	 0.916 	 0 
0.269656 	 0.672645 	 0.916 	 0 
0.267916 	 0.675165 	 0.916 	 0 
0.26622 	 0.676707 	 0.917 	 0 
0.264567 	 0.678445 	 0.917 	 0 
0.262954 	 0.680119 	 0.917 	 0 
0.261379 	 0.681729 	 0.917 	 0 
0.259841 	 0.683297 	 0.917 	 0 
0.258339 	 0.684814 	 0.917 	 0 
0.256872 	 0.686285 	 0.917 	 0 
0.255436 	 0.68772 	 0.917 	 0 
0.254033 	 0.689104 	 0.917 	 0 
0.25266 	 0.69046 	 0.917 	 0 
0.251316 	 0.69177 	 0.917 	 0 
0.25 	 0.693048 	 0.917 	 0 
0.248711 	 0.694288 	 0.917 	 0 
0.247449 	 0.695493 	 0.917 	 0 
0.246212 	 0.696875 	 0.918 	 0 
0.244999 	 0.698235 	 0.918 	 0 
0.243809 	 0.699453 	 0.918 	 0 
0.242643 	 0.70058 	 0.918 	 0 
0.241498 	 0.701661 	 0.918 	 0 
0.240375 	 0.702351 	 0.918 	 0 
0.239272 	 0.703608 	 0.918 	 0 
0.23819 	 0.704286 	 0.918 	 0 
0.237126 	 0.705502 	 0.918 	 0 
0.236082 	 0.706154 	 0.918 	 0 
0.235055 	 0.707312 	 0.918 	 0 
0.234046 	 0.707933 	 0.918 	 0 
0.233055 	 0.709031 	 0.918 	 0 
0.232079 	 0.710109 	 0.919 	 0 
0.23112 	 0.710814 	 0.919 	 0 
0.230177 	 0.711964 	 0.919 	 0 
0.229249 	 0.712559 	 0.919 	 0 
0.228336 	 0.71327 	 0.919 	 0 
0.227437 	 0.714277 	 0.919 	 0 
0.226552 	 0.714805 	 0.919 	 0 
0.22568 	 0.715449 	 0.919 	 0 
0.224822 	 0.716109 	 0.919 	 0 
0.223977 	 0.716751 	 0.919 	 0 
0.223144 	 0.717389 	 0.919 	 0 
0.222324 	 0.718005 	 0.919 	 0 
0.221515 	 0.718613 	 0.919 	 0 
0.220719 	 0.719621 	 0.92 	 0 
0.219933 	 0.720187 	 0.92 	 0 
0.219159 	 0.720816 	 0.92 	 0 
0.218395 	 0.721419 	 0.92 	 0 
0.217642 	 0.721999 	 0.92 	 0 
0.216899 	 0.722544 	 0.92 	 0 
0.216166 	 0.723071 	 0.92 	 0 
0.215443 	 0.723576 	 0.92 	 0 
0.21473 	 0.724061 	 0.92 	 0 
0.214026 	 0.724533 	 0.92 	 0 
0.213331 	 0.724983 	 0.92 	 0 
0.212645 	 0.725426 	 0.92 	 0 
0.211968 	 0.72585 	 0.92 	 0 
0.211299 	 0.726571 	 0.921 	 0 
0.210639 	 0.727005 	 0.921 	 0 
0.209987 	 0.72748 	 0.921 	 0 
0.209343 	 0.727936 	 0.921 	 0 
0.208706 	 0.728357 	 0.921 	 0 
0.208078 	 0.728748 	 0.921 	 0 
0.207457 	 0.729123 	 0.921 	 0 
0.206843 	 0.729473 	 0.921 	 0 
0.206236 	 0.72981 	 0.921 	 0 
0.205637 	 0.730133 	 0.921 	 0 
0.205044 	 0.730437 	 0.921 	 0 
0.204458 	 0.730736 	 0.921 	 0 
0.203879 	 0.73102 	 0.921 	 0 
0.203306 	 0.731515 	 0.922 	 0 
0.20274 	 0.731846 	 0.922 	 0 
0.20218 	 0.732209 	 0.922 	 0 
0.201626 	 0.732544 	 0.922 	 0 
0.201078 	 0.732849 	 0.922 	 0 
0.200536 	 0.733122 	 0.922 	 0 
0.2 	 0.733378 	 0.922 	 0 
0.199469 	 0.733615 	 0.922 	 0 
0.198945 	 0.733833 	 0.922 	 0 
0.198425 	 0.734044 	 0.922 	 0 
0.197911 	 0.73424 	 0.922 	 0 
0.197402 	 0.734422 	 0.922 	 0 
0.196899 	 0.734602 	 0.922 	 0 
0.1964 	 0.734769 	 0.922 	 0 
0.195907 	 0.735076 	 0.923 	 0 
0.195418 	 0.735321 	 0.923 	 0 
0.194935 	 0.735589 	 0.923 	 0 
0.194456 	 0.735823 	 0.923 	 0 
0.193981 	 0.736031 	 0.923 	 0 
0.193512 	 0.736209 	 0.923 	 0 
0.193046 	 0.736363 	 0.923 	 0 
0.192586 	 0.736506 	 0.923 	 0 
0.192129 	 0.736631 	 0.923 	 0 
0.191677 	 0.736741 	 0.923 	 0 
0.191229 	 0.736847 	 0.923 	 0 
0.190786 	 0.73694 	 0.923 	 0 
0.190346 	 0.737022 	 0.923 	 0 
0.189911 	 0.737103 	 0.923 	 0 
0.189479 	 0.737174 	 0.923 	 0 
0.189051 	 0.737326 	 0.924 	 0 
0.188627 	 0.737499 	 0.924 	 0 
0.188207 	 0.737688 	 0.924 	 0 
0.187791 	 0.737842 	 0.924 	 0 
0.187378 	 0.737967 	 0.924 	 0 
0.186969 	 0.738066 	 0.924 	 0 
0.186563 	 0.738141 	 0.924 	 0 
0.186161 	 0.7382 	 0.924 	 0 
0.185763 	 0.738248 	 0.924 	 0 
0.185367 	 0.738282 	 0.924 	 0 
0.184976 	 0.738305 	 0.924 	 0 
0.184587 	 0.738324 	 0.924 	 0 
0.184202 	 0.738333 	 0.924 	 0 
0.183819 	 0.738333 	 0.924 	 0 
0.18344 	 0.738332 	 0.924 	 0 
0.183064 	 0.738371 	 0.925 	 0 
0.182692 	 0.738483 	 0.925 	 0 
0.182322 	 0.73861 	 0.925 	 0 
0.181955 	 0.738705 	 0.925 	 0 
0.181591 	 0.738765 	 0.925 	 0 
0.18123 	 0.738797 	 0.925 	 0 
0.180872 	 0.738814 	 0.925 	 0 
0.180517 	 0.738812 	 0.925 	 0 
0.180164 	 0.738795 	 0.925 	 0 
0.179814 	 0.738769 	 0.925 	 0 
0.179467 	 0.738735 	 0.925 	 0 
0.179123 	 0.738691 	 0.925 	 0 
0.178781 	 0.738638 	 0.925 	 0 
0.178441 	 0.738585 	 0.925 	 0 
0.178105 	 0.738524 	 0.925 	 0 
0.177771 	 0.738457 	 0.925 	 0 
0.177439 	 0.738395 	 0.926 	 0 
0.17711 	 0.738463 	 0.926 	 0 
0.176783 	 0.738537 	 0.926 	 0 
0.176459 	 0.738575 	 0.926 	 0 
0.176137 	 0.738585 	 0.926 	 0 
0.175817 	 0.738568 	 0.926 	 0 
0.1755 	 0.738529 	 0.926 	 0 
0.175185 	 0.738473 	 0.926 	 0 
0.174872 	 0.738408 	 0.926 	 0 
0.174561 	 0.73833 	 0.926 	 0 
0.174253 	 0.738242 	 0.926 	 0 
0.173946 	 0.738149 	 0.926 	 0 
0.173642 	 0.73805 	 0.926 	 0 
0.17334 	 0.737945 	 0.926 	 0 
0.17304 	 0.737833 	 0.926 	 0 
0.172743 	 0.737721 	 0.926 	 0 
0.172447 	 0.737604 	 0.926 	 0 
0.172153 	 0.737459 	 0.927 	 0 
0.171861 	 0.737483 	 0.927 	 0 
0.171571 	 0.737515 	 0.927 	 0 
0.171284 	 0.737512 	 0.927 	 0 
0.170998 	 0.737476 	 0.927 	 0 
0.170714 	 0.737412 	 0.927 	 0 
0.170431 	 0.737333 	 0.927 	 0 
0.170151 	 0.737236 	 0.927 	 0 
0.169873 	 0.737124 	 0.927 	 0 
0.169596 	 0.737003 	 0.927 	 0 
0.169321 	 0.736876 	 0.927 	 0 
0.169048 	 0.736741 	 0.927 	 0 
0.168777 	 0.736598 	 0.927 	 0 
0.168507 	 0.736451 	 0.927 	 0 
0.168239 	 0.736303 	 0.927 	 0 
0.167973 	 0.736149 	 0.927 	 0 
0.167708 	 0.73599 	 0.927 	 0 
0.167445 	 0.735829 	 0.927 	 0 
0.167184 	 0.735667 	 0.927 	 0 
0.166925 	 0.735451 	 0.928 	 0 
0.166667 	 0.735441 	 0.928 	 0 
0.16641 	 0.735431 	 0.928 	 0 
0.166155 	 0.73539 	 0.928 	 0 
0.165902 	 0.735317 	 0.928 	 0 
0.16565 	 0.735216 	 0.928 	 0 
0.1654 	 0.735095 	 0.928 	 0 
0.165151 	 0.734962 	 0.928 	 0 
0.164904 	 0.734816 	 0.928 	 0 
0.164658 	 0.734658 	 0.928 	 0 
0.164414 	 0.73449 	 0.928 	 0 
0.164171 	 0.73432 	 0.928 	 0 
0.16393 	 0.734144 	 0.928 	 0 
0.16369 	 0.733962 	 0.928 	 0 
0.163451 	 0.733774 	 0.928 	 0 
0.163214 	 0.733586 	 0.928 	 0 
0.162978 	 0.733395 	 0.928 	 0 
0.162744 	 0.7332 	 0.928 	 0 
0.16251 	 0.733001 	 0.928 	 0 
0.162279 	 0.732731 	 0.929 	 0 
0.162048 	 0.732697 	 0.929 	 0 
0.161819 	 0.732658 	 0.929 	 0 
0.161591 	 0.732585 	 0.929 	 0 
0.161364 	 0.73248 	 0.929 	 0 
0.161139 	 0.732353 	 0.929 	 0 
0.160915 	 0.732206 	 0.929 	 0 
0.160692 	 0.732042 	 0.929 	 0 
0.16047 	 0.731865 	 0.929 	 0 
0.16025 	 0.73168 	 0.929 	 0 
0.160031 	 0.731488 	 0.929 	 0 
0.159813 	 0.731288 	 0.929 	 0 
0.159596 	 0.731082 	 0.929 	 0 
0.15938 	 0.730872 	 0.929 	 0 
0.159166 	 0.73066 	 0.929 	 0 
0.158952 	 0.730445 	 0.929 	 0 
0.15874 	 0.730225 	 0.929 	 0 
0.158529 	 0.730002 	 0.929 	 0 
0.158319 	 0.72978 	 0.929 	 0 
0.15811 	 0.729556 	 0.929 	 0 
0.157902 	 0.729329 	 0.929 	 0 
0.157696 	 0.729099 	 0.929 	 0 
0.15749 	 0.728779 	 0.93 	 0 
0.157286 	 0.72872 	 0.93 	 0 
0.157082 	 0.728654 	 0.93 	 0 
0.15688 	 0.728554 	 0.93 	 0 
0.156678 	 0.728423 	 0.93 	 0 
0.156478 	 0.728269 	 0.93 	 0 
0.156279 	 0.728097 	 0.93 	 0 
0.15608 	 0.727908 	 0.93 	 0 
0.155883 	 0.727707 	 0.93 	 0 
0.155687 	 0.727495 	 0.93 	 0 
0.155491 	 0.727279 	 0.93 	 0 
0.155297 	 0.727055 	 0.93 	 0 
0.155104 	 0.726825 	 0.93 	 0 
0.154911 	 0.726591 	 0.93 	 0 
0.15472 	 0.726353 	 0.93 	 0 
0.154529 	 0.726115 	 0.93 	 0 
0.154339 	 0.725873 	 0.93 	 0 
0.154151 	 0.725628 	 0.93 	 0 
0.153963 	 0.72538 	 0.93 	 0 
0.153776 	 0.725132 	 0.93 	 0 
0.15359 	 0.724884 	 0.93 	 0 
0.153405 	 0.724633 	 0.93 	 0 
0.153221 	 0.724277 	 0.931 	 0 
0.153038 	 0.724197 	 0.931 	 0 
0.152855 	 0.724111 	 0.931 	 0 
0.152674 	 0.723992 	 0.931 	 0 
0.152493 	 0.723843 	 0.931 	 0 
0.152313 	 0.723669 	 0.931 	 0 
0.152134 	 0.723475 	 0.931 	 0 
0.151956 	 0.723269 	 0.931 	 0 
0.151779 	 0.723051 	 0.931 	 0 
0.151602 	 0.722822 	 0.931 	 0 
0.151427 	 0.722585 	 0.931 	 0 
0.151252 	 0.722341 	 0.931 	 0 
0.151078 	 0.722095 	 0.931 	 0 
0.150905 	 0.721844 	 0.931 	 0 
0.150732 	 0.721589 	 0.931 	 0 
0.15056 	 0.721331 	 0.931 	 0 
0.15039 	 0.721069 	 0.931 	 0 
0.150219 	 0.720809 	 0.931 	 0 
0.15005 	 0.720546 	 0.931 	 0 
0.149881 	 0.720281 	 0.931 	 0 
0.149714 	 0.720014 	 0.931 	 0 
0.149547 	 0.719745 	 0.931 	 0 
0.14938 	 0.719477 	 0.931 	 0 
0.149215 	 0.719208 	 0.931 	 0 
0.14905 	 0.718938 	 0.931 	 0 
0.148886 	 0.718551 	 0.932 	 0 
0.148722 	 0.718454 	 0.932 	 0 
0.148559 	 0.71835 	 0.932 	 0 
0.148397 	 0.718214 	 0.932 	 0 
0.148236 	 0.718048 	 0.932 	 0 
0.148075 	 0.717858 	 0.932 	 0 
0.147916 	 0.717649 	 0.932 	 0 
0.147756 	 0.717427 	 0.932 	 0 
0.147598 	 0.717193 	 0.932 	 0 
0.14744 	 0.716949 	 0.932 	 0 
0.147283 	 0.716697 	 0.932 	 0 
0.147126 	 0.716439 	 0.932 	 0 
0.14697 	 0.716176 	 0.932 	 0 
0.146815 	 0.715911 	 0.932 	 0 
0.146661 	 0.715641 	 0.932 	 0 
0.146507 	 0.715369 	 0.932 	 0 
0.146353 	 0.715094 	 0.932 	 0 
0.146201 	 0.714816 	 0.932 	 0 
0.146049 	 0.714539 	 0.932 	 0 
0.145898 	 0.714261 	 0.932 	 0 
0.145747 	 0.71398 	 0.932 	 0 
0.145597 	 0.713698 	 0.932 	 0 
0.145447 	 0.713415 	 0.932 	 0 
0.145298 	 0.713132 	 0.932 	 0 
0.14515 	 0.712849 	 0.932 	 0 
0.145002 	 0.712565 	 0.932 	 0 
0.144855 	 0.712279 	 0.932 	 0 
0.144709 	 0.711869 	 0.933 	 0 
0.144563 	 0.71176 	 0.933 	 0 
0.144418 	 0.711642 	 0.933 	 0 
0.144273 	 0.711492 	 0.933 	 0 
0.144129 	 0.711313 	 0.933 	 0 
0.143985 	 0.711111 	 0.933 	 0 
0.143842 	 0.71089 	 0.933 	 0 
0.1437 	 0.710656 	 0.933 	 0 
0.143558 	 0.710411 	 0.933 	 0 
0.143417 	 0.710156 	 0.933 	 0 
0.143276 	 0.709892 	 0.933 	 0 
0.143136 	 0.709623 	 0.933 	 0 
0.142996 	 0.709348 	 0.933 	 0 
0.142857 	 0.709072 	 0.933 	 0 
0.142719 	 0.708792 	 0.933 	 0 
0.142581 	 0.708508 	 0.933 	 0 
0.142443 	 0.708222 	 0.933 	 0 
0.142306 	 0.707934 	 0.933 	 0 
0.14217 	 0.707646 	 0.933 	 0 
0.142034 	 0.707357 	 0.933 	 0 
0.141898 	 0.707066 	 0.933 	 0 
0.141763 	 0.706774 	 0.933 	 0 
0.141629 	 0.70648 	 0.933 	 0 
0.141495 	 0.706186 	 0.933 	 0 
0.141362 	 0.705893 	 0.933 	 0 
0.141229 	 0.705599 	 0.933 	 0 
0.141097 	 0.705304 	 0.933 	 0 
0.140965 	 0.705009 	 0.933 	 0 
0.140833 	 0.704712 	 0.933 	 0 
0.140703 	 0.704286 	 0.934 	 0 
0.140572 	 0.704169 	 0.934 	 0 
0.140442 	 0.704039 	 0.934 	 0 
0.140313 	 0.703878 	 0.934 	 0 
0.140184 	 0.703689 	 0.934 	 0 
0.140055 	 0.703478 	 0.934 	 0 
0.139927 	 0.703249 	 0.934 	 0 
0.1398 	 0.703007 	 0.934 	 0 
0.139673 	 0.702754 	 0.934 	 0 
0.139546 	 0.70249 	 0.934 	 0 
0.13942 	 0.702219 	 0.934 	 0 
0.139294 	 0.701941 	 0.934 	 0 
0.139169 	 0.70166 	 0.934 	 0 
0.139044 	 0.701376 	 0.934 	 0 
0.13892 	 0.701088 	 0.934 	 0 
0.138796 	 0.700796 	 0.934 	 0 
0.138672 	 0.700503 	 0.934 	 0 
0.138549 	 0.700207 	 0.934 	 0 
0.138427 	 0.699911 	 0.934 	 0 
0.138304 	 0.699615 	 0.934 	 0 
0.138183 	 0.699317 	 0.934 	 0 
0.138061 	 0.699017 	 0.934 	 0 
0.13794 	 0.698717 	 0.934 	 0 
0.13782 	 0.698415 	 0.934 	 0 
0.1377 	 0.698115 	 0.934 	 0 
0.13758 	 0.697814 	 0.934 	 0 
0.137461 	 0.697513 	 0.934 	 0 
0.137342 	 0.697211 	 0.934 	 0 
0.137224 	 0.696908 	 0.934 	 0 
0.137106 	 0.696604 	 0.934 	 0 
0.136988 	 0.696301 	 0.934 	 0 
0.136871 	 0.695999 	 0.934 	 0 
0.136754 	 0.695562 	 0.935 	 0 
0.136638 	 0.695436 	 0.935 	 0 
0.136522 	 0.695297 	 0.935 	 0 
0.136406 	 0.695128 	 0.935 	 0 
0.136291 	 0.694933 	 0.935 	 0 
0.136176 	 0.694717 	 0.935 	 0 
0.136062 	 0.694483 	 0.935 	 0 
0.135948 	 0.694235 	 0.935 	 0 
0.135834 	 0.693975 	 0.935 	 0 
0.135721 	 0.693706 	 0.935 	 0 
0.135608 	 0.69343 	 0.935 	 0 
0.135495 	 0.693149 	 0.935 	 0 
0.135383 	 0.692863 	 0.935 	 0 
0.135271 	 0.692573 	 0.935 	 0 
0.13516 	 0.69228 	 0.935 	 0 
0.135049 	 0.691983 	 0.935 	 0 
0.134938 	 0.691684 	 0.935 	 0 
0.134828 	 0.691386 	 0.935 	 0 
0.134718 	 0.691085 	 0.935 	 0 
0.134608 	 0.690783 	 0.935 	 0 
0.134499 	 0.69048 	 0.935 	 0 
0.13439 	 0.690176 	 0.935 	 0 
0.134282 	 0.689871 	 0.935 	 0 
0.134173 	 0.689566 	 0.935 	 0 
0.134066 	 0.689262 	 0.935 	 0 
0.133958 	 0.688956 	 0.935 	 0 
0.133851 	 0.68865 	 0.935 	 0 
0.133744 	 0.688343 	 0.935 	 0 
0.133638 	 0.688036 	 0.935 	 0 
0.133531 	 0.687729 	 0.935 	 0 
0.133426 	 0.687423 	 0.935 	 0 
0.13332 	 0.687116 	 0.935 	 0 
0.133215 	 0.686809 	 0.935 	 0 
0.13311 	 0.686501 	 0.935 	 0 
0.133006 	 0.686193 	 0.935 	 0 
0.132902 	 0.685749 	 0.936 	 0 
0.132798 	 0.685619 	 0.936 	 0 
0.132694 	 0.685474 	 0.936 	 0 
0.132591 	 0.685301 	 0.936 	 0 
0.132488 	 0.685102 	 0.936 	 0 
0.132386 	 0.684881 	 0.936 	 0 
0.132283 	 0.684643 	 0.936 	 0 
0.132182 	 0.684392 	 0.936 	 0 
0.13208 	 0.684131 	 0.936 	 0 
0.131979 	 0.683861 	 0.936 	 0 
0.131878 	 0.683583 	 0.936 	 0 
0.131777 	 0.683299 	 0.936 	 0 
0.131677 	 0.68301 	 0.936 	 0 
0.131577 	 0.682716 	 0.936 	 0 
0.131477 	 0.682422 	 0.936 	 0 
0.131377 	 0.682124 	 0.936 	 0 
0.131278 	 0.681824 	 0.936 	 0 
0.131179 	 0.681523 	 0.936 	 0 
0.131081 	 0.681219 	 0.936 	 0 
0.130983 	 0.680914 	 0.936 	 0 
0.130885 	 0.680609 	 0.936 	 0 
0.130787 	 0.680304 	 0.936 	 0 
0.130689 	 0.679998 	 0.936 	 0 
0.130592 	 0.679691 	 0.936 	 0 
0.130496 	 0.679384 	 0.936 	 0 
0.130399 	 0.679076 	 0.936 	 0 
0.130303 	 0.678767 	 0.936 	 0 
0.130207 	 0.678459 	 0.936 	 0 
0.130111 	 0.678151 	 0.936 	 0 
0.130016 	 0.677843 	 0.936 	 0 
0.129921 	 0.677535 	 0.936 	 0 
0.129826 	 0.677226 	 0.936 	 0 
0.129731 	 0.676917 	 0.936 	 0 
0.129637 	 0.676607 	 0.936 	 0 
0.129543 	 0.676299 	 0.936 	 0 
0.129449 	 0.675991 	 0.936 	 0 
0.129356 	 0.675682 	 0.936 	 0 
0.129263 	 0.675373 	 0.936 	 0 
0.12917 	 0.675064 	 0.936 	 0 
0.129077 	 0.674618 	 0.937 	 0 
0.128985 	 0.674483 	 0.937 	 0 
0.128893 	 0.674334 	 0.937 	 0 
0.128801 	 0.674158 	 0.937 	 0 
0.128709 	 0.673957 	 0.937 	 0 
0.128618 	 0.673736 	 0.937 	 0 
0.128527 	 0.673498 	 0.937 	 0 
0.128436 	 0.673246 	 0.937 	 0 
0.128345 	 0.672983 	 0.937 	 0 
0.128255 	 0.672714 	 0.937 	 0 
0.128165 	 0.672436 	 0.937 	 0 
0.128075 	 0.672153 	 0.937 	 0 
0.127985 	 0.671864 	 0.937 	 0 
0.127896 	 0.671572 	 0.937 	 0 
0.127807 	 0.671276 	 0.937 	 0 
0.127718 	 0.670978 	 0.937 	 0 
0.12763 	 0.670679 	 0.937 	 0 
0.127541 	 0.670378 	 0.937 	 0 
0.127453 	 0.670075 	 0.937 	 0 
0.127365 	 0.669771 	 0.937 	 0 
0.127278 	 0.669466 	 0.937 	 0 
0.12719 	 0.66916 	 0.937 	 0 
0.127103 	 0.668853 	 0.937 	 0 
0.127016 	 0.668547 	 0.937 	 0 
0.12693 	 0.668241 	 0.937 	 0 
0.126843 	 0.667934 	 0.937 	 0 
0.126757 	 0.667626 	 0.937 	 0 
0.126671 	 0.667318 	 0.937 	 0 
0.126586 	 0.66701 	 0.937 	 0 
0.1265 	 0.666702 	 0.937 	 0 
0.126415 	 0.666394 	 0.937 	 0 
0.12633 	 0.666087 	 0.937 	 0 
0.126245 	 0.665779 	 0.937 	 0 
0.126161 	 0.665471 	 0.937 	 0 
0.126076 	 0.665163 	 0.937 	 0 
0.125992 	 0.664854 	 0.937 	 0 
0.125908 	 0.664545 	 0.937 	 0 
0.125825 	 0.664237 	 0.937 	 0 
0.125741 	 0.66393 	 0.937 	 0 
0.125658 	 0.663622 	 0.937 	 0 
0.125575 	 0.663314 	 0.937 	 0 
0.125492 	 0.663006 	 0.937 	 0 
0.12541 	 0.662698 	 0.937 	 0 
0.125327 	 0.662254 	 0.938 	 0 
0.125245 	 0.662118 	 0.938 	 0 
0.125163 	 0.661967 	 0.938 	 0 
0.125081 	 0.66179 	 0.938 	 0 
0.125 	 0.661589 	 0.938 	 0 
0.124919 	 0.661369 	 0.938 	 0 
0.124838 	 0.661132 	 0.938 	 0 
0.124757 	 0.660882 	 0.938 	 0 
0.124676 	 0.660622 	 0.938 	 0 
0.124596 	 0.660354 	 0.938 	 0 
0.124515 	 0.660079 	 0.938 	 0 
0.124435 	 0.659798 	 0.938 	 0 
0.124356 	 0.659512 	 0.938 	 0 
0.124276 	 0.659222 	 0.938 	 0 
0.124197 	 0.658929 	 0.938 	 0 
0.124117 	 0.658633 	 0.938 	 0 
0.124038 	 0.658336 	 0.938 	 0 
0.12396 	 0.658037 	 0.938 	 0 
0.123881 	 0.657737 	 0.938 	 0 
0.123803 	 0.657436 	 0.938 	 0 
0.123724 	 0.657133 	 0.938 	 0 
0.123646 	 0.65683 	 0.938 	 0 
0.123569 	 0.656526 	 0.938 	 0 
0.123491 	 0.656221 	 0.938 	 0 
0.123414 	 0.655917 	 0.938 	 0 
0.123336 	 0.655613 	 0.938 	 0 
0.123259 	 0.655308 	 0.938 	 0 
0.123182 	 0.655003 	 0.938 	 0 
0.123106 	 0.654698 	 0.938 	 0 
0.123029 	 0.654392 	 0.938 	 0 
0.122953 	 0.654086 	 0.938 	 0 
0.122877 	 0.653781 	 0.938 	 0 
0.122801 	 0.653476 	 0.938 	 0 
0.122725 	 0.653171 	 0.938 	 0 
0.12265 	 0.652866 	 0.938 	 0 
0.122574 	 0.65256 	 0.938 	 0 
0.122499 	 0.652255 	 0.938 	 0 
0.122424 	 0.651949 	 0.938 	 0 
0.12235 	 0.651643 	 0.938 	 0 
0.122275 	 0.651338 	 0.938 	 0 
0.122201 	 0.651034 	 0.938 	 0 
0.122126 	 0.650729 	 0.938 	 0 
0.122052 	 0.650424 	 0.938 	 0 
0.121978 	 0.650119 	 0.938 	 0 
0.121905 	 0.649814 	 0.938 	 0 
0.121831 	 0.649509 	 0.938 	 0 
0.121758 	 0.649204 	 0.938 	 0 
0.121685 	 0.6489 	 0.938 	 0 
0.121612 	 0.648596 	 0.938 	 0 
0.121539 	 0.648158 	 0.939 	 0 
0.121466 	 0.648022 	 0.939 	 0 
0.121394 	 0.64787 	 0.939 	 0 
0.121321 	 0.647694 	 0.939 	 0 
0.121249 	 0.647494 	 0.939 	 0 
0.121177 	 0.647276 	 0.939 	 0 
0.121106 	 0.647044 	 0.939 	 0 
0.121034 	 0.646799 	 0.939 	 0 
0.120962 	 0.646543 	 0.939 	 0 
0.120891 	 0.646279 	 0.939 	 0 
0.12082 	 0.646008 	 0.939 	 0 
0.120749 	 0.645731 	 0.939 	 0 
0.120678 	 0.645449 	 0.939 	 0 
0.120608 	 0.645164 	 0.939 	 0 
0.120537 	 0.644876 	 0.939 	 0 
0.120467 	 0.644586 	 0.939 	 0 
0.120397 	 0.644294 	 0.939 	 0 
0.120327 	 0.643999 	 0.939 	 0 
0.120257 	 0.643703 	 0.939 	 0 
0.120187 	 0.643406 	 0.939 	 0 
0.120118 	 0.643108 	 0.939 	 0 
0.120049 	 0.642809 	 0.939 	 0 
0.11998 	 0.64251 	 0.939 	 0 
0.119911 	 0.642211 	 0.939 	 0 
0.119842 	 0.641911 	 0.939 	 0 
0.119773 	 0.641611 	 0.939 	 0 
0.119705 	 0.64131 	 0.939 	 0 
0.119636 	 0.641009 	 0.939 	 0 
0.119568 	 0.640708 	 0.939 	 0 
0.1195 	 0.640407 	 0.939 	 0 
0.119432 	 0.640107 	 0.939 	 0 
0.119364 	 0.639807 	 0.939 	 0 
0.119297 	 0.639506 	 0.939 	 0 
0.119229 	 0.639205 	 0.939 	 0 
0.119162 	 0.638904 	 0.939 	 0 
0.119095 	 0.638603 	 0.939 	 0 
0.119028 	 0.638302 	 0.939 	 0 
0.118961 	 0.638001 	 0.939 	 0 
0.118894 	 0.637701 	 0.939 	 0 
0.118828 	 0.637401 	 0.939 	 0 
0.118761 	 0.637101 	 0.939 	 0 
0.118695 	 0.636801 	 0.939 	 0 
0.118629 	 0.636501 	 0.939 	 0 
0.118563 	 0.636201 	 0.939 	 0 
0.118497 	 0.635901 	 0.939 	 0 
0.118432 	 0.6356 	 0.939 	 0 
0.118366 	 0.635301 	 0.939 	 0 
0.118301 	 0.635002 	 0.939 	 0 
0.118236 	 0.634703 	 0.939 	 0 
0.118171 	 0.634403 	 0.939 	 0 
0.118106 	 0.634104 	 0.939 	 0 
0.118041 	 0.633805 	 0.939 	 0 
0.117976 	 0.633505 	 0.939 	 0 
0.117912 	 0.633206 	 0.939 	 0 
0.117847 	 0.632907 	 0.939 	 0 
0.117783 	 0.632478 	 0.94 	 0 
0.117719 	 0.632344 	 0.94 	 0 
0.117655 	 0.632193 	 0.94 	 0 
0.117591 	 0.632019 	 0.94 	 0 
0.117528 	 0.631823 	 0.94 	 0 
0.117464 	 0.63161 	 0.94 	 0 
0.117401 	 0.631382 	 0.94 	 0 
0.117337 	 0.631142 	 0.94 	 0 
0.117274 	 0.630893 	 0.94 	 0 
0.117211 	 0.630635 	 0.94 	 0 
0.117148 	 0.630371 	 0.94 	 0 
0.117086 	 0.630101 	 0.94 	 0 
0.117023 	 0.629826 	 0.94 	 0 
0.116961 	 0.629547 	 0.94 	 0 
0.116898 	 0.629265 	 0.94 	 0 
0.116836 	 0.628981 	 0.94 	 0 
0.116774 	 0.628695 	 0.94 	 0 
0.116712 	 0.628407 	 0.94 	 0 
0.11665 	 0.628118 	 0.94 	 0 
0.116589 	 0.627828 	 0.94 	 0 
0.116527 	 0.627536 	 0.94 	 0 
0.116466 	 0.627244 	 0.94 	 0 
0.116405 	 0.626951 	 0.94 	 0 
0.116343 	 0.626657 	 0.94 	 0 
0.116282 	 0.626363 	 0.94 	 0 
0.116222 	 0.62607 	 0.94 	 0 
0.116161 	 0.625776 	 0.94 	 0 
0.1161 	 0.625482 	 0.94 	 0 
0.11604 	 0.625188 	 0.94 	 0 
0.115979 	 0.624893 	 0.94 	 0 
0.115919 	 0.624599 	 0.94 	 0 
0.115859 	 0.624304 	 0.94 	 0 
0.115799 	 0.624009 	 0.94 	 0 
0.115739 	 0.623715 	 0.94 	 0 
0.115679 	 0.623421 	 0.94 	 0 
0.11562 	 0.623127 	 0.94 	 0 
0.11556 	 0.622833 	 0.94 	 0 
0.115501 	 0.622539 	 0.94 	 0 
0.115442 	 0.622245 	 0.94 	 0 
0.115382 	 0.621951 	 0.94 	 0 
0.115323 	 0.621656 	 0.94 	 0 
0.115265 	 0.621362 	 0.94 	 0 
0.115206 	 0.621069 	 0.94 	 0 
0.115147 	 0.620776 	 0.94 	 0 
0.115089 	 0.620483 	 0.94 	 0 
0.11503 	 0.62019 	 0.94 	 0 
0.114972 	 0.619896 	 0.94 	 0 
0.114914 	 0.619603 	 0.94 	 0 
0.114856 	 0.61931 	 0.94 	 0 
0.114798 	 0.619017 	 0.94 	 0 
0.11474 	 0.618724 	 0.94 	 0 
0.114682 	 0.618432 	 0.94 	 0 
0.114624 	 0.61814 	 0.94 	 0 
0.114567 	 0.617848 	 0.94 	 0 
0.11451 	 0.617556 	 0.94 	 0 
0.114452 	 0.617264 	 0.94 	 0 
0.114395 	 0.616972 	 0.94 	 0 
0.114338 	 0.61668 	 0.94 	 0 
0.114281 	 0.616387 	 0.94 	 0 
0.114224 	 0.616096 	 0.94 	 0 
0.114168 	 0.615805 	 0.94 	 0 
0.114111 	 0.615514 	 0.94 	 0 
0.114055 	 0.615223 	 0.94 	 0 
0.113998 	 0.614805 	 0.941 	 0 
0.113942 	 0.614672 	 0.941 	 0 
0.113886 	 0.614524 	 0.941 	 0 
0.11383 	 0.614353 	 0.941 	 0 
0.113774 	 0.614162 	 0.941 	 0 
0.113718 	 0.613955 	 0.941 	 0 
0.113663 	 0.613735 	 0.941 	 0 
0.113607 	 0.613503 	 0.941 	 0 
0.113552 	 0.613261 	 0.941 	 0 
0.113496 	 0.613011 	 0.941 	 0 
0.113441 	 0.612755 	 0.941 	 0 
0.113386 	 0.612493 	 0.941 	 0 
0.113331 	 0.612226 	 0.941 	 0 
0.113276 	 0.611955 	 0.941 	 0 
0.113221 	 0.611682 	 0.941 	 0 
0.113166 	 0.611407 	 0.941 	 0 
0.113112 	 0.611129 	 0.941 	 0 
0.113057 	 0.61085 	 0.941 	 0 
0.113003 	 0.610569 	 0.941 	 0 
0.112948 	 0.610286 	 0.941 	 0 
0.112894 	 0.610003 	 0.941 	 0 
0.11284 	 0.609719 	 0.941 	 0 
0.112786 	 0.609434 	 0.941 	 0 
0.112732 	 0.609149 	 0.941 	 0 
0.112678 	 0.608864 	 0.941 	 0 
0.112625 	 0.608578 	 0.941 	 0 
0.112571 	 0.608293 	 0.941 	 0 
0.112518 	 0.608007 	 0.941 	 0 
0.112464 	 0.60772 	 0.941 	 0 
0.112411 	 0.607434 	 0.941 	 0 
0.112358 	 0.607147 	 0.941 	 0 
0.112305 	 0.606861 	 0.941 	 0 
0.112252 	 0.606574 	 0.941 	 0 
0.112199 	 0.606288 	 0.941 	 0 
0.112146 	 0.606002 	 0.941 	 0 
0.112094 	 0.605716 	 0.941 	 0 
0.112041 	 0.60543 	 0.941 	 0 
0.111988 	 0.605144 	 0.941 	 0 
0.111936 	 0.604858 	 0.941 	 0 
0.111884 	 0.604572 	 0.941 	 0 
0.111832 	 0.604286 	 0.941 	 0 
0.11178 	 0.604 	 0.941 	 0 
0.111728 	 0.603715 	 0.941 	 0 
0.111676 	 0.60343 	 0.941 	 0 
0.111624 	 0.603145 	 0.941 	 0 
0.111572 	 0.60286 	 0.941 	 0 
0.111521 	 0.602575 	 0.941 	 0 
0.111469 	 0.60229 	 0.941 	 0 
0.111418 	 0.602005 	 0.941 	 0 
0.111366 	 0.60172 	 0.941 	 0 
0.111315 	 0.601435 	 0.941 	 0 
0.111264 	 0.601151 	 0.941 	 0 
0.111213 	 0.600867 	 0.941 	 0 
0.111162 	 0.600583 	 0.941 	 0 
0.111111 	 0.600299 	 0.941 	 0 
0.11106 	 0.600015 	 0.941 	 0 
0.11101 	 0.599732 	 0.941 	 0 
0.110959 	 0.599448 	 0.941 	 0 
0.110909 	 0.599164 	 0.941 	 0 
0.110858 	 0.598881 	 0.941 	 0 
0.110808 	 0.598597 	 0.941 	 0 
0.110758 	 0.598315 	 0.941 	 0 
0.110708 	 0.598032 	 0.941 	 0 
0.110658 	 0.597749 	 0.941 	 0 
0.110608 	 0.597467 	 0.941 	 0 
0.110558 	 0.597184 	 0.941 	 0 
0.110508 	 0.596902 	 0.941 	 0 
0.110458 	 0.59662 	 0.941 	 0 
0.110409 	 0.596337 	 0.941 	 0 
0.110359 	 0.596055 	 0.941 	 0 
0.11031 	 0.595773 	 0.941 	 0 
0.110261 	 0.595492 	 0.941 	 0 
0.110211 	 0.595211 	 0.941 	 0 
0.110162 	 0.594929 	 0.941 	 0 
0.110113 	 0.594525 	 0.942 	 0 
0.110064 	 0.594395 	 0.942 	 0 
0.110015 	 0.59425 	 0.942 	 0 
0.109967 	 0.594085 	 0.942 	 0 
0.109918 	 0.593901 	 0.942 	 0 
0.109869 	 0.593701 	 0.942 	 0 
0.109821 	 0.593489 	 0.942 	 0 
0.109772 	 0.593265 	 0.942 	 0 
0.109724 	 0.593033 	 0.942 	 0 
0.109676 	 0.592793 	 0.942 	 0 
0.109627 	 0.592546 	 0.942 	 0 
0.109579 	 0.592295 	 0.942 	 0 
0.109531 	 0.592038 	 0.942 	 0 
0.109483 	 0.591778 	 0.942 	 0 
0.109436 	 0.591515 	 0.942 	 0 
0.109388 	 0.591249 	 0.942 	 0 
0.10934 	 0.590982 	 0.942 	 0 
0.109293 	 0.590712 	 0.942 	 0 
0.109245 	 0.590442 	 0.942 	 0 
0.109198 	 0.59017 	 0.942 	 0 
0.10915 	 0.589897 	 0.942 	 0 
0.109103 	 0.589623 	 0.942 	 0 
0.109056 	 0.589348 	 0.942 	 0 
0.109009 	 0.589073 	 0.942 	 0 
0.108962 	 0.588797 	 0.942 	 0 
0.108915 	 0.588522 	 0.942 	 0 
0.108868 	 0.588246 	 0.942 	 0 
0.108821 	 0.58797 	 0.942 	 0 
0.108774 	 0.587694 	 0.942 	 0 
0.108728 	 0.587417 	 0.942 	 0 
0.108681 	 0.587141 	 0.942 	 0 
0.108635 	 0.586864 	 0.942 	 0 
0.108588 	 0.586588 	 0.942 	 0 
0.108542 	 0.586311 	 0.942 	 0 
0.108496 	 0.586034 	 0.942 	 0 
0.10845 	 0.585758 	 0.942 	 0 
0.108404 	 0.585482 	 0.942 	 0 
0.108358 	 0.585206 	 0.942 	 0 
0.108312 	 0.58493 	 0.942 	 0 
0.108266 	 0.584654 	 0.942 	 0 
0.10822 	 0.584378 	 0.942 	 0 
0.108174 	 0.584102 	 0.942 	 0 
0.108129 	 0.583826 	 0.942 	 0 
0.108083 	 0.58355 	 0.942 	 0 
0.108038 	 0.583274 	 0.942 	 0 
0.107992 	 0.582999 	 0.942 	 0 
0.107947 	 0.582724 	 0.942 	 0 
0.107902 	 0.58245 	 0.942 	 0 
0.107857 	 0.582175 	 0.942 	 0 
0.107812 	 0.5819 	 0.942 	 0 
0.107767 	 0.581625 	 0.942 	 0 
0.107722 	 0.58135 	 0.942 	 0 
0.107677 	 0.581076 	 0.942 	 0 
0.107632 	 0.580801 	 0.942 	 0 
0.107587 	 0.580527 	 0.942 	 0 
0.107543 	 0.580253 	 0.942 	 0 
0.107498 	 0.579979 	 0.942 	 0 
0.107454 	 0.579705 	 0.942 	 0 
0.107409 	 0.579432 	 0.942 	 0 
0.107365 	 0.579158 	 0.942 	 0 
0.107321 	 0.578885 	 0.942 	 0 
0.107277 	 0.578612 	 0.942 	 0 
0.107232 	 0.578338 	 0.942 	 0 
0.107188 	 0.578065 	 0.942 	 0 
0.107144 	 0.577792 	 0.942 	 0 
0.107101 	 0.577519 	 0.942 	 0 
0.107057 	 0.577247 	 0.942 	 0 
0.107013 	 0.576975 	 0.942 	 0 
0.106969 	 0.576702 	 0.942 	 0 
0.106926 	 0.57643 	 0.942 	 0 
0.106882 	 0.576158 	 0.942 	 0 
0.106839 	 0.575886 	 0.942 	 0 
0.106795 	 0.575614 	 0.942 	 0 
0.106752 	 0.575342 	 0.942 	 0 
0.106709 	 0.57507 	 0.942 	 0 
0.106666 	 0.574799 	 0.942 	 0 
0.106622 	 0.574528 	 0.942 	 0 
0.106579 	 0.574257 	 0.942 	 0 
0.106536 	 0.573986 	 0.942 	 0 
0.106494 	 0.573715 	 0.942 	 0 
0.106451 	 0.573445 	 0.942 	 0 
0.106408 	 0.573174 	 0.942 	 0 
0.106365 	 0.572903 	 0.942 	 0 
0.106323 	 0.572633 	 0.942 	 0 
0.10628 	 0.572362 	 0.942 	 0 
0.106238 	 0.572092 	 0.942 	 0 
0.106195 	 0.571704 	 0.943 	 0 
0.106153 	 0.571577 	 0.943 	 0 
0.10611 	 0.571437 	 0.943 	 0 
0.106068 	 0.571277 	 0.943 	 0 
0.106026 	 0.571101 	 0.943 	 0 
0.105984 	 0.57091 	 0.943 	 0 
0.105942 	 0.570706 	 0.943 	 0 
0.1059 	 0.570493 	 0.943 	 0 
0.105858 	 0.570271 	 0.943 	 0 
0.105816 	 0.570041 	 0.943 	 0 
0.105775 	 0.569806 	 0.943 	 0 
0.105733 	 0.569566 	 0.943 	 0 
0.105691 	 0.569321 	 0.943 	 0 
0.10565 	 0.569073 	 0.943 	 0 
0.105608 	 0.568822 	 0.943 	 0 
0.105567 	 0.568568 	 0.943 	 0 
0.105525 	 0.568312 	 0.943 	 0 
0.105484 	 0.568054 	 0.943 	 0 
0.105443 	 0.567795 	 0.943 	 0 
0.105402 	 0.567534 	 0.943 	 0 
0.105361 	 0.567272 	 0.943 	 0 
0.105319 	 0.56701 	 0.943 	 0 
0.105279 	 0.566748 	 0.943 	 0 
0.105238 	 0.566484 	 0.943 	 0 
0.105197 	 0.56622 	 0.943 	 0 
0.105156 	 0.565956 	 0.943 	 0 
0.105115 	 0.565691 	 0.943 	 0 
0.105075 	 0.565427 	 0.943 	 0 
0.105034 	 0.565161 	 0.943 	 0 
0.104993 	 0.564896 	 0.943 	 0 
0.104953 	 0.564631 	 0.943 	 0 
0.104913 	 0.564365 	 0.943 	 0 
0.104872 	 0.5641 	 0.943 	 0 
0.104832 	 0.563835 	 0.943 	 0 
0.104792 	 0.56357 	 0.943 	 0 
0.104751 	 0.563305 	 0.943 	 0 
0.104711 	 0.56304 	 0.943 	 0 
0.104671 	 0.562775 	 0.943 	 0 
0.104631 	 0.56251 	 0.943 	 0 
0.104591 	 0.562245 	 0.943 	 0 
0.104552 	 0.56198 	 0.943 	 0 
0.104512 	 0.561715 	 0.943 	 0 
0.104472 	 0.56145 	 0.943 	 0 
0.104432 	 0.561186 	 0.943 	 0 
0.104393 	 0.560922 	 0.943 	 0 
0.104353 	 0.560658 	 0.943 	 0 
0.104314 	 0.560393 	 0.943 	 0 
0.104274 	 0.560129 	 0.943 	 0 
0.104235 	 0.559865 	 0.943 	 0 
0.104196 	 0.559601 	 0.943 	 0 
0.104156 	 0.559337 	 0.943 	 0 
0.104117 	 0.559074 	 0.943 	 0 
0.104078 	 0.55881 	 0.943 	 0 
0.104039 	 0.558547 	 0.943 	 0 
0.104 	 0.558284 	 0.943 	 0 
0.103961 	 0.558021 	 0.943 	 0 
0.103922 	 0.557758 	 0.943 	 0 
0.103883 	 0.557495 	 0.943 	 0 
0.103844 	 0.557233 	 0.943 	 0 
0.103806 	 0.55697 	 0.943 	 0 
0.103767 	 0.556707 	 0.943 	 0 
0.103728 	 0.556445 	 0.943 	 0 
0.10369 	 0.556182 	 0.943 	 0 
0.103651 	 0.55592 	 0.943 	 0 
0.103613 	 0.555658 	 0.943 	 0 
0.103574 	 0.555397 	 0.943 	 0 
0.103536 	 0.555135 	 0.943 	 0 
0.103498 	 0.554874 	 0.943 	 0 
0.10346 	 0.554612 	 0.943 	 0 
0.103421 	 0.554351 	 0.943 	 0 
0.103383 	 0.55409 	 0.943 	 0 
0.103345 	 0.553828 	 0.943 	 0 
0.103307 	 0.553567 	 0.943 	 0 
0.103269 	 0.553306 	 0.943 	 0 
0.103231 	 0.553045 	 0.943 	 0 
0.103194 	 0.552785 	 0.943 	 0 
0.103156 	 0.552525 	 0.943 	 0 
0.103118 	 0.552265 	 0.943 	 0 
0.10308 	 0.552004 	 0.943 	 0 
0.103043 	 0.551744 	 0.943 	 0 
0.103005 	 0.551484 	 0.943 	 0 
0.102968 	 0.551224 	 0.943 	 0 
0.10293 	 0.550965 	 0.943 	 0 
0.102893 	 0.550705 	 0.943 	 0 
0.102856 	 0.550445 	 0.943 	 0 
0.102818 	 0.550186 	 0.943 	 0 
0.102781 	 0.549927 	 0.943 	 0 
0.102744 	 0.549668 	 0.943 	 0 
0.102707 	 0.549409 	 0.943 	 0 
0.10267 	 0.54915 	 0.943 	 0 
0.102633 	 0.548892 	 0.943 	 0 
0.102596 	 0.548633 	 0.943 	 0 
0.102559 	 0.548375 	 0.943 	 0 
0.102522 	 0.548116 	 0.943 	 0 
0.102485 	 0.547858 	 0.943 	 0 
0.102449 	 0.547599 	 0.943 	 0 
0.102412 	 0.547341 	 0.943 	 0 
0.102375 	 0.547084 	 0.943 	 0 
0.102339 	 0.546826 	 0.943 	 0 
0.102302 	 0.546569 	 0.943 	 0 
0.102266 	 0.546311 	 0.943 	 0 
0.102229 	 0.546054 	 0.943 	 0 
0.102193 	 0.545797 	 0.943 	 0 
0.102156 	 0.54554 	 0.943 	 0 
0.10212 	 0.545282 	 0.943 	 0 
0.102084 	 0.54491 	 0.944 	 0 
0.102048 	 0.544787 	 0.944 	 0 
0.102012 	 0.54465 	 0.944 	 0 
0.101976 	 0.544497 	 0.944 	 0 
0.10194 	 0.544329 	 0.944 	 0 
0.101904 	 0.544148 	 0.944 	 0 
0.101868 	 0.543955 	 0.944 	 0 
0.101832 	 0.543753 	 0.944 	 0 
0.101796 	 0.543543 	 0.944 	 0 
0.10176 	 0.543326 	 0.944 	 0 
0.101724 	 0.543103 	 0.944 	 0 
0.101689 	 0.542875 	 0.944 	 0 
0.101653 	 0.542644 	 0.944 	 0 
0.101618 	 0.542408 	 0.944 	 0 
0.101582 	 0.54217 	 0.944 	 0 
0.101547 	 0.54193 	 0.944 	 0 
0.101511 	 0.541687 	 0.944 	 0 
0.101476 	 0.541443 	 0.944 	 0 
0.101441 	 0.541197 	 0.944 	 0 
0.101405 	 0.54095 	 0.944 	 0 
0.10137 	 0.540702 	 0.944 	 0 
0.101335 	 0.540453 	 0.944 	 0 
0.1013 	 0.540203 	 0.944 	 0 
0.101265 	 0.539952 	 0.944 	 0 
0.10123 	 0.539701 	 0.944 	 0 
0.101195 	 0.53945 	 0.944 	 0 
0.10116 	 0.539199 	 0.944 	 0 
0.101125 	 0.538947 	 0.944 	 0 
0.10109 	 0.538695 	 0.944 	 0 
0.101055 	 0.538443 	 0.944 	 0 
0.10102 	 0.538191 	 0.944 	 0 
0.100986 	 0.537938 	 0.944 	 0 
0.100951 	 0.537686 	 0.944 	 0 
0.100917 	 0.537433 	 0.944 	 0 
0.100882 	 0.537181 	 0.944 	 0 
0.100847 	 0.536928 	 0.944 	 0 
0.100813 	 0.536675 	 0.944 	 0 
0.100779 	 0.536423 	 0.944 	 0 
0.100744 	 0.536171 	 0.944 	 0 
0.10071 	 0.535919 	 0.944 	 0 
0.100676 	 0.535667 	 0.944 	 0 
0.100641 	 0.535415 	 0.944 	 0 
0.100607 	 0.535163 	 0.944 	 0 
0.100573 	 0.534911 	 0.944 	 0 
0.100539 	 0.534659 	 0.944 	 0 
0.100505 	 0.534407 	 0.944 	 0 
0.100471 	 0.534155 	 0.944 	 0 
0.100437 	 0.533903 	 0.944 	 0 
0.100403 	 0.533652 	 0.944 	 0 
0.100369 	 0.533401 	 0.944 	 0 
0.100336 	 0.53315 	 0.944 	 0 
0.100302 	 0.532899 	 0.944 	 0 
0.100268 	 0.532648 	 0.944 	 0 
0.100234 	 0.532397 	 0.944 	 0 
0.100201 	 0.532146 	 0.944 	 0 
0.100167 	 0.531895 	 0.944 	 0 
0.100134 	 0.531645 	 0.944 	 0 
0.1001 	 0.531394 	 0.944 	 0 
0.100067 	 0.531143 	 0.944 	 0 
0.100033 	 0.530893 	 0.944 	 0 
0.1 	 0.530643 	 0.944 	 0 
0.0999667 	 0.530393 	 0.944 	 0 
0.0999334 	 0.530143 	 0.944 	 0 
0.0999002 	 0.529894 	 0.944 	 0 
0.099867 	 0.529644 	 0.944 	 0 
0.0998339 	 0.529394 	 0.944 	 0 
0.0998008 	 0.529145 	 0.944 	 0 
0.0997677 	 0.528896 	 0.944 	 0 
0.0997347 	 0.528646 	 0.944 	 0 
0.0997018 	 0.528397 	 0.944 	 0 
0.0996689 	 0.528148 	 0.944 	 0 
0.099636 	 0.527899 	 0.944 	 0 
0.0996032 	 0.52765 	 0.944 	 0 
0.0995704 	 0.527402 	 0.944 	 0 
0.0995376 	 0.527153 	 0.944 	 0 
0.0995049 	 0.526905 	 0.944 	 0 
0.0994723 	 0.526657 	 0.944 	 0 
0.0994397 	 0.526408 	 0.944 	 0 
0.0994071 	 0.52616 	 0.944 	 0 
0.0993746 	 0.525912 	 0.944 	 0 
0.0993421 	 0.525664 	 0.944 	 0 
0.0993096 	 0.525416 	 0.944 	 0 
0.0992772 	 0.525169 	 0.944 	 0 
0.0992449 	 0.524921 	 0.944 	 0 
0.0992126 	 0.524673 	 0.944 	 0 
0.0991803 	 0.524426 	 0.944 	 0 
0.0991481 	 0.524179 	 0.944 	 0 
0.0991159 	 0.523932 	 0.944 	 0 
0.0990837 	 0.523685 	 0.944 	 0 
0.0990516 	 0.523439 	 0.944 	 0 
0.0990195 	 0.523192 	 0.944 	 0 
0.0989875 	 0.522945 	 0.944 	 0 
0.0989555 	 0.522698 	 0.944 	 0 
0.0989236 	 0.522452 	 0.944 	 0 
0.0988917 	 0.522205 	 0.944 	 0 
0.0988598 	 0.521959 	 0.944 	 0 
0.098828 	 0.521713 	 0.944 	 0 
0.0987962 	 0.521467 	 0.944 	 0 
0.0987645 	 0.521221 	 0.944 	 0 
0.0987328 	 0.520976 	 0.944 	 0 
0.0987012 	 0.52073 	 0.944 	 0 
0.0986695 	 0.520485 	 0.944 	 0 
0.098638 	 0.520239 	 0.944 	 0 
0.0986064 	 0.519994 	 0.944 	 0 
0.0985749 	 0.519749 	 0.944 	 0 
0.0985435 	 0.519503 	 0.944 	 0 
0.0985121 	 0.519258 	 0.944 	 0 
0.0984807 	 0.519013 	 0.944 	 0 
0.0984494 	 0.518768 	 0.944 	 0 
0.0984181 	 0.518524 	 0.944 	 0 
0.0983868 	 0.518279 	 0.944 	 0 
0.0983556 	 0.518035 	 0.944 	 0 
0.0983244 	 0.517791 	 0.944 	 0 
0.0982933 	 0.517546 	 0.944 	 0 
0.0982622 	 0.517302 	 0.944 	 0 
0.0982311 	 0.517058 	 0.944 	 0 
0.0982001 	 0.516814 	 0.944 	 0 
0.0981691 	 0.51657 	 0.944 	 0 
0.0981382 	 0.516326 	 0.944 	 0 
0.0981073 	 0.516083 	 0.944 	 0 
0.0980764 	 0.515839 	 0.944 	 0 
0.0980456 	 0.515596 	 0.944 	 0 
0.0980148 	 0.515353 	 0.944 	 0 
0.0979841 	 0.51511 	 0.944 	 0 
0.0979534 	 0.514867 	 0.944 	 0 
0.0979227 	 0.514624 	 0.944 	 0 
0.0978921 	 0.514381 	 0.944 	 0 
0.0978615 	 0.514138 	 0.944 	 0 
0.0978309 	 0.513895 	 0.944 	 0 
0.0978004 	 0.513653 	 0.944 	 0 
0.09777 	 0.513297 	 0.945 	 0 
0.0977395 	 0.513177 	 0.945 	 0 
0.0977091 	 0.513044 	 0.945 	 0 
0.0976787 	 0.512898 	 0.945 	 0 
0.0976484 	 0.512737 	 0.945 	 0 
0.0976181 	 0.512566 	 0.945 	 0 
0.0975879 	 0.512384 	 0.945 	 0 
0.0975577 	 0.512194 	 0.945 	 0 
0.0975275 	 0.511996 	 0.945 	 0 
0.0974974 	 0.511792 	 0.945 	 0 
0.0974673 	 0.511583 	 0.945 	 0 
0.0974372 	 0.511369 	 0.945 	 0 
0.0974072 	 0.511152 	 0.945 	 0 
0.0973772 	 0.510931 	 0.945 	 0 
0.0973472 	 0.510707 	 0.945 	 0 
0.0973173 	 0.510481 	 0.945 	 0 
0.0972874 	 0.510253 	 0.945 	 0 
0.0972576 	 0.510023 	 0.945 	 0 
0.0972278 	 0.509792 	 0.945 	 0 
0.097198 	 0.50956 	 0.945 	 0 
0.0971683 	 0.509326 	 0.945 	 0 
0.0971386 	 0.509091 	 0.945 	 0 
0.0971089 	 0.508856 	 0.945 	 0 
0.0970793 	 0.50862 	 0.945 	 0 
0.0970497 	 0.508383 	 0.945 	 0 
0.0970202 	 0.508146 	 0.945 	 0 
0.0969906 	 0.507909 	 0.945 	 0 
0.0969612 	 0.507671 	 0.945 	 0 
0.0969317 	 0.507433 	 0.945 	 0 
0.0969023 	 0.507195 	 0.945 	 0 
0.0968729 	 0.506957 	 0.945 	 0 
0.0968436 	 0.506719 	 0.945 	 0 
0.0968143 	 0.506481 	 0.945 	 0 
0.096785 	 0.506242 	 0.945 	 0 
0.0967558 	 0.506004 	 0.945 	 0 
0.0967266 	 0.505765 	 0.945 	 0 
0.0966974 	 0.505527 	 0.945 	 0 
0.0966683 	 0.505288 	 0.945 	 0 
0.0966392 	 0.505049 	 0.945 	 0 
0.0966102 	 0.504811 	 0.945 	 0 
0.0965811 	 0.504572 	 0.945 	 0 
0.0965522 	 0.504334 	 0.945 	 0 
0.0965232 	 0.504096 	 0.945 	 0 
0.0964943 	 0.503858 	 0.945 	 0 
0.0964654 	 0.503619 	 0.945 	 0 
0.0964366 	 0.503381 	 0.945 	 0 
0.0964077 	 0.503143 	 0.945 	 0 
0.096379 	 0.502905 	 0.945 	 0 
0.0963502 	 0.502668 	 0.945 	 0 
0.0963215 	 0.50243 	 0.945 	 0 
0.0962928 	 0.502192 	 0.945 	 0 
0.0962642 	 0.501954 	 0.945 	 0 
0.0962356 	 0.501716 	 0.945 	 0 
0.096207 	 0.501479 	 0.945 	 0 
0.0961785 	 0.501242 	 0.945 	 0 
0.09615 	 0.501005 	 0.945 	 0 
0.0961215 	 0.500768 	 0.945 	 0 
0.0960931 	 0.500531 	 0.945 	 0 
0.0960647 	 0.500294 	 0.945 	 0 
0.0960363 	 0.500057 	 0.945 	 0 
0.0960079 	 0.49982 	 0.945 	 0 
0.0959796 	 0.499583 	 0.945 	 0 
0.0959514 	 0.499347 	 0.945 	 0 
0.0959231 	 0.49911 	 0.945 	 0 
0.0958949 	 0.498873 	 0.945 	 0 
0.0958668 	 0.498637 	 0.945 	 0 
0.0958386 	 0.498401 	 0.945 	 0 
0.0958105 	 0.498165 	 0.945 	 0 
0.0957824 	 0.497929 	 0.945 	 0 
0.0957544 	 0.497693 	 0.945 	 0 
0.0957264 	 0.497457 	 0.945 	 0 
0.0956984 	 0.497222 	 0.945 	 0 
0.0956705 	 0.496986 	 0.945 	 0 
0.0956426 	 0.49675 	 0.945 	 0 
0.0956147 	 0.496515 	 0.945 	 0 
0.0955869 	 0.49628 	 0.945 	 0 
0.095559 	 0.496044 	 0.945 	 0 
0.0955313 	 0.495809 	 0.945 	 0 
0.0955035 	 0.495574 	 0.945 	 0 
0.0954758 	 0.495339 	 0.945 	 0 
0.0954481 	 0.495104 	 0.945 	 0 
0.0954205 	 0.494869 	 0.945 	 0 
0.0953929 	 0.494635 	 0.945 	 0 
0.0953653 	 0.4944 	 0.945 	 0 
0.0953377 	 0.494166 	 0.945 	 0 
0.0953102 	 0.493931 	 0.945 	 0 
0.0952827 	 0.493697 	 0.945 	 0 
0.0952552 	 0.493463 	 0.945 	 0 
0.0952278 	 0.493228 	 0.945 	 0 
0.0952004 	 0.492994 	 0.945 	 0 
0.0951731 	 0.49276 	 0.945 	 0 
0.0951457 	 0.492526 	 0.945 	 0 
0.0951184 	 0.492292 	 0.945 	 0 
0.0950911 	 0.492059 	 0.945 	 0 
0.0950639 	 0.491825 	 0.945 	 0 
0.0950367 	 0.491592 	 0.945 	 0 
0.0950095 	 0.491359 	 0.945 	 0 
0.0949824 	 0.491126 	 0.945 	 0 
0.0949553 	 0.490892 	 0.945 	 0 
0.0949282 	 0.490659 	 0.945 	 0 
0.0949011 	 0.490426 	 0.945 	 0 
0.0948741 	 0.490193 	 0.945 	 0 
0.0948471 	 0.48996 	 0.945 	 0 
0.0948202 	 0.489727 	 0.945 	 0 
0.0947932 	 0.489495 	 0.945 	 0 
0.0947663 	 0.489262 	 0.945 	 0 
0.0947395 	 0.48903 	 0.945 	 0 
0.0947126 	 0.488797 	 0.945 	 0 
0.0946858 	 0.488565 	 0.945 	 0 
0.094659 	 0.488333 	 0.945 	 0 
0.0946323 	 0.488101 	 0.945 	 0 
0.0946056 	 0.487869 	 0.945 	 0 
0.0945789 	 0.487637 	 0.945 	 0 
0.0945522 	 0.487405 	 0.945 	 0 
0.0945256 	 0.487173 	 0.945 	 0 
0.094499 	 0.486942 	 0.945 	 0 
0.0944724 	 0.48671 	 0.945 	 0 
0.0944459 	 0.486478 	 0.945 	 0 
0.0944194 	 0.486247 	 0.945 	 0 
0.0943929 	 0.486016 	 0.945 	 0 
0.0943665 	 0.485784 	 0.945 	 0 
0.09434 	 0.485553 	 0.945 	 0 
0.0943137 	 0.485323 	 0.945 	 0 
0.0942873 	 0.485092 	 0.945 	 0 
0.094261 	 0.484861 	 0.945 	 0 
0.0942347 	 0.48463 	 0.945 	 0 
0.0942084 	 0.484399 	 0.945 	 0 
0.0941822 	 0.484169 	 0.945 	 0 
0.0941559 	 0.483938 	 0.945 	 0 
0.0941298 	 0.483708 	 0.945 	 0 
0.0941036 	 0.483477 	 0.945 	 0 
0.0940775 	 0.483247 	 0.945 	 0 
0.0940514 	 0.483017 	 0.945 	 0 
0.0940253 	 0.482787 	 0.945 	 0 
0.0939993 	 0.482557 	 0.945 	 0 
0.0939733 	 0.482327 	 0.945 	 0 
0.0939473 	 0.482097 	 0.945 	 0 
0.0939213 	 0.481868 	 0.945 	 0 
0.0938954 	 0.481638 	 0.945 	 0 
0.0938695 	 0.481409 	 0.945 	 0 
0.0938436 	 0.481179 	 0.945 	 0 
0.0938178 	 0.48095 	 0.945 	 0 
0.093792 	 0.48072 	 0.945 	 0 
0.0937662 	 0.480491 	 0.945 	 0 
0.0937405 	 0.480262 	 0.945 	 0 
0.0937147 	 0.480032 	 0.945 	 0 
0.093689 	 0.479804 	 0.945 	 0 
0.0936634 	 0.479575 	 0.945 	 0 
0.0936377 	 0.479346 	 0.945 	 0 
0.0936121 	 0.479118 	 0.945 	 0 
0.0935865 	 0.478889 	 0.945 	 0 
0.093561 	 0.478661 	 0.945 	 0 
0.0935355 	 0.478432 	 0.945 	 0 
0.09351 	 0.478204 	 0.945 	 0 
0.0934845 	 0.477976 	 0.945 	 0 
0.093459 	 0.477747 	 0.945 	 0 
0.0934336 	 0.477519 	 0.945 	 0 
0.0934082 	 0.477291 	 0.945 	 0 
0.0933829 	 0.477063 	 0.945 	 0 
0.0933575 	 0.476835 	 0.945 	 0 
0.0933322 	 0.476608 	 0.945 	 0 
0.0933069 	 0.47638 	 0.945 	 0 
0.0932817 	 0.476153 	 0.945 	 0 
0.0932565 	 0.475925 	 0.945 	 0 
0.0932313 	 0.475698 	 0.945 	 0 
0.0932061 	 0.475471 	 0.945 	 0 
0.093181 	 0.475243 	 0.945 	 0 
0.0931558 	 0.475016 	 0.945 	 0 
0.0931308 	 0.474789 	 0.945 	 0 
0.0931057 	 0.474449 	 0.946 	 0 
0.0930807 	 0.474328 	 0.946 	 0 
0.0930556 	 0.474199 	 0.946 	 0 
0.0930307 	 0.474057 	 0.946 	 0 
0.0930057 	 0.473904 	 0.946 	 0 
0.0929808 	 0.473741 	 0.946 	 0 
0.0929559 	 0.47357 	 0.946 	 0 
0.092931 	 0.473392 	 0.946 	 0 
0.0929062 	 0.473207 	 0.946 	 0 
0.0928813 	 0.473017 	 0.946 	 0 
0.0928565 	 0.472822 	 0.946 	 0 
0.0928318 	 0.472622 	 0.946 	 0 
0.092807 	 0.47242 	 0.946 	 0 
0.0927823 	 0.472214 	 0.946 	 0 
0.0927576 	 0.472005 	 0.946 	 0 
0.092733 	 0.471795 	 0.946 	 0 
0.0927083 	 0.471582 	 0.946 	 0 
0.0926837 	 0.471367 	 0.946 	 0 
0.0926591 	 0.471151 	 0.946 	 0 
0.0926346 	 0.470935 	 0.946 	 0 
0.09261 	 0.470716 	 0.946 	 0 
0.0925855 	 0.470497 	 0.946 	 0 
0.0925611 	 0.470278 	 0.946 	 0 
0.0925366 	 0.470057 	 0.946 	 0 
0.0925122 	 0.469836 	 0.946 	 0 
0.0924878 	 0.469614 	 0.946 	 0 
0.0924634 	 0.469392 	 0.946 	 0 
0.092439 	 0.46917 	 0.946 	 0 
0.0924147 	 0.468947 	 0.946 	 0 
0.0923904 	 0.468724 	 0.946 	 0 
0.0923661 	 0.4685 	 0.946 	 0 
0.0923419 	 0.468277 	 0.946 	 0 
0.0923177 	 0.468053 	 0.946 	 0 
0.0922935 	 0.46783 	 0.946 	 0 
0.0922693 	 0.467606 	 0.946 	 0 
0.0922451 	 0.467383 	 0.946 	 0 
0.092221 	 0.467159 	 0.946 	 0 
0.0921969 	 0.466935 	 0.946 	 0 
0.0921729 	 0.466711 	 0.946 	 0 
0.0921488 	 0.466487 	 0.946 	 0 
0.0921248 	 0.466264 	 0.946 	 0 
0.0921008 	 0.46604 	 0.946 	 0 
0.0920768 	 0.465816 	 0.946 	 0 
0.0920529 	 0.465592 	 0.946 	 0 
0.0920289 	 0.465368 	 0.946 	 0 
0.092005 	 0.465144 	 0.946 	 0 
0.0919812 	 0.464921 	 0.946 	 0 
0.0919573 	 0.464697 	 0.946 	 0 
0.0919335 	 0.464474 	 0.946 	 0 
0.0919097 	 0.46425 	 0.946 	 0 
0.0918859 	 0.464027 	 0.946 	 0 
0.0918622 	 0.463804 	 0.946 	 0 
0.0918385 	 0.46358 	 0.946 	 0 
0.0918148 	 0.463357 	 0.946 	 0 
0.0917911 	 0.463134 	 0.946 	 0 
0.0917674 	 0.462911 	 0.946 	 0 
0.0917438 	 0.462688 	 0.946 	 0 
0.0917202 	 0.462465 	 0.946 	 0 
0.0916966 	 0.462242 	 0.946 	 0 
0.0916731 	 0.462019 	 0.946 	 0 
0.0916495 	 0.461796 	 0.946 	 0 
0.091626 	 0.461573 	 0.946 	 0 
0.0916026 	 0.461351 	 0.946 	 0 
0.0915791 	 0.461128 	 0.946 	 0 
0.0915557 	 0.460906 	 0.946 	 0 
0.0915322 	 0.460684 	 0.946 	 0 
0.0915089 	 0.460461 	 0.946 	 0 
0.0914855 	 0.460239 	 0.946 	 0 
0.0914622 	 0.460017 	 0.946 	 0 
0.0914388 	 0.459795 	 0.946 	 0 
0.0914156 	 0.459573 	 0.946 	 0 
0.0913923 	 0.459351 	 0.946 	 0 
0.091369 	 0.459129 	 0.946 	 0 
0.0913458 	 0.458907 	 0.946 	 0 
0.0913226 	 0.458685 	 0.946 	 0 
0.0912995 	 0.458463 	 0.946 	 0 
0.0912763 	 0.458242 	 0.946 	 0 
0.0912532 	 0.45802 	 0.946 	 0 
0.0912301 	 0.457799 	 0.946 	 0 
0.091207 	 0.457578 	 0.946 	 0 
0.0911839 	 0.457356 	 0.946 	 0 
0.0911609 	 0.457135 	 0.946 	 0 
0.0911379 	 0.456914 	 0.946 	 0 
0.0911149 	 0.456693 	 0.946 	 0 
0.091092 	 0.456472 	 0.946 	 0 
0.091069 	 0.456251 	 0.946 	 0 
0.0910461 	 0.45603 	 0.946 	 0 
0.0910232 	 0.455809 	 0.946 	 0 
0.0910003 	 0.455588 	 0.946 	 0 
0.0909775 	 0.455367 	 0.946 	 0 
0.0909547 	 0.455147 	 0.946 	 0 
0.0909319 	 0.454926 	 0.946 	 0 
0.0909091 	 0.454706 	 0.946 	 0 
0.0908863 	 0.454486 	 0.946 	 0 
0.0908636 	 0.454265 	 0.946 	 0 
0.0908409 	 0.454045 	 0.946 	 0 
0.0908182 	 0.453825 	 0.946 	 0 
0.0907955 	 0.453605 	 0.946 	 0 
0.0907729 	 0.453385 	 0.946 	 0 
0.0907503 	 0.453165 	 0.946 	 0 
0.0907277 	 0.452945 	 0.946 	 0 
0.0907051 	 0.452725 	 0.946 	 0 
0.0906826 	 0.452505 	 0.946 	 0 
0.09066 	 0.452285 	 0.946 	 0 
0.0906375 	 0.452066 	 0.946 	 0 
0.090615 	 0.451846 	 0.946 	 0 
0.0905926 	 0.451627 	 0.946 	 0 
0.0905701 	 0.451407 	 0.946 	 0 
0.0905477 	 0.451188 	 0.946 	 0 
0.0905253 	 0.450969 	 0.946 	 0 
0.0905029 	 0.45075 	 0.946 	 0 
0.0904806 	 0.450531 	 0.946 	 0 
0.0904583 	 0.450311 	 0.946 	 0 
0.0904359 	 0.450092 	 0.946 	 0 
0.0904137 	 0.449873 	 0.946 	 0 
0.0903914 	 0.449654 	 0.946 	 0 
0.0903692 	 0.449435 	 0.946 	 0 
0.0903469 	 0.449217 	 0.946 	 0 
0.0903247 	 0.448998 	 0.946 	 0 
0.0903026 	 0.448779 	 0.946 	 0 
0.0902804 	 0.448561 	 0.946 	 0 
0.0902583 	 0.448343 	 0.946 	 0 
0.0902362 	 0.448124 	 0.946 	 0 
0.0902141 	 0.447906 	 0.946 	 0 
0.090192 	 0.447688 	 0.946 	 0 
0.09017 	 0.44747 	 0.946 	 0 
0.0901479 	 0.447251 	 0.946 	 0 
0.0901259 	 0.447033 	 0.946 	 0 
0.0901039 	 0.446815 	 0.946 	 0 
0.090082 	 0.446597 	 0.946 	 0 
0.0900601 	 0.446379 	 0.946 	 0 
0.0900381 	 0.446161 	 0.946 	 0 
0.0900162 	 0.445943 	 0.946 	 0 
0.0899944 	 0.445726 	 0.946 	 0 
0.0899725 	 0.445508 	 0.946 	 0 
0.0899507 	 0.445291 	 0.946 	 0 
0.0899289 	 0.445073 	 0.946 	 0 
0.0899071 	 0.444856 	 0.946 	 0 
0.0898853 	 0.444639 	 0.946 	 0 
0.0898636 	 0.444422 	 0.946 	 0 
0.0898418 	 0.444204 	 0.946 	 0 
0.0898201 	 0.443987 	 0.946 	 0 
0.0897984 	 0.44377 	 0.946 	 0 
0.0897768 	 0.443553 	 0.946 	 0 
0.0897551 	 0.443336 	 0.946 	 0 
0.0897335 	 0.443119 	 0.946 	 0 
0.0897119 	 0.442902 	 0.946 	 0 
0.0896903 	 0.442685 	 0.946 	 0 
0.0896688 	 0.442468 	 0.946 	 0 
0.0896472 	 0.442252 	 0.946 	 0 
0.0896257 	 0.442035 	 0.946 	 0 
0.0896042 	 0.441819 	 0.946 	 0 
0.0895827 	 0.441603 	 0.946 	 0 
0.0895613 	 0.441386 	 0.946 	 0 
0.0895398 	 0.44117 	 0.946 	 0 
0.0895184 	 0.440954 	 0.946 	 0 
0.089497 	 0.440737 	 0.946 	 0 
0.0894756 	 0.440521 	 0.946 	 0 
0.0894543 	 0.440305 	 0.946 	 0 
0.089433 	 0.440089 	 0.946 	 0 
0.0894116 	 0.439873 	 0.946 	 0 
0.0893904 	 0.439657 	 0.946 	 0 
0.0893691 	 0.439441 	 0.946 	 0 
0.0893478 	 0.439225 	 0.946 	 0 
0.0893266 	 0.43901 	 0.946 	 0 
0.0893054 	 0.438794 	 0.946 	 0 
0.0892842 	 0.438579 	 0.946 	 0 
0.089263 	 0.438363 	 0.946 	 0 
0.0892419 	 0.438148 	 0.946 	 0 
0.0892207 	 0.437932 	 0.946 	 0 
0.0891996 	 0.437717 	 0.946 	 0 
0.0891785 	 0.437502 	 0.946 	 0 
0.0891575 	 0.437286 	 0.946 	 0 
0.0891364 	 0.437071 	 0.946 	 0 
0.0891154 	 0.436856 	 0.946 	 0 
0.0890944 	 0.436641 	 0.946 	 0 
0.0890734 	 0.436426 	 0.946 	 0 
0.0890524 	 0.436211 	 0.946 	 0 
0.0890314 	 0.435996 	 0.946 	 0 
0.0890105 	 0.435781 	 0.946 	 0 
0.0889896 	 0.435567 	 0.946 	 0 
0.0889687 	 0.435352 	 0.946 	 0 
0.0889478 	 0.435137 	 0.946 	 0 
0.088927 	 0.434923 	 0.946 	 0 
0.0889061 	 0.434708 	 0.946 	 0 
0.0888853 	 0.434494 	 0.946 	 0 
0.0888645 	 0.43428 	 0.946 	 0 
0.0888437 	 0.434065 	 0.946 	 0 
0.088823 	 0.433851 	 0.946 	 0 
0.0888022 	 0.433637 	 0.946 	 0 
0.0887815 	 0.433422 	 0.946 	 0 
0.0887608 	 0.433208 	 0.946 	 0 
0.0887401 	 0.432994 	 0.946 	 0 
0.0887195 	 0.43278 	 0.946 	 0 
0.0886988 	 0.432566 	 0.946 	 0 
0.0886782 	 0.432353 	 0.946 	 0 
0.0886576 	 0.432139 	 0.946 	 0 
0.088637 	 0.431925 	 0.946 	 0 
0.0886165 	 0.431711 	 0.946 	 0 
0.0885959 	 0.431498 	 0.946 	 0 
0.0885754 	 0.431284 	 0.946 	 0 
0.0885549 	 0.431071 	 0.946 	 0 
0.0885344 	 0.430857 	 0.946 	 0 
0.0885139 	 0.430644 	 0.946 	 0 
0.0884935 	 0.43043 	 0.946 	 0 
0.088473 	 0.430217 	 0.946 	 0 
0.0884526 	 0.430004 	 0.946 	 0 
0.0884322 	 0.42979 	 0.946 	 0 
0.0884119 	 0.429577 	 0.946 	 0 
0.0883915 	 0.429364 	 0.946 	 0 
0.0883712 	 0.429151 	 0.946 	 0 
0.0883508 	 0.428939 	 0.946 	 0 
0.0883305 	 0.428726 	 0.946 	 0 
0.0883103 	 0.428513 	 0.946 	 0 
0.08829 	 0.4283 	 0.946 	 0 
0.0882697 	 0.428087 	 0.946 	 0 
0.0882495 	 0.427875 	 0.946 	 0 
0.0882293 	 0.427662 	 0.946 	 0 
0.0882091 	 0.42745 	 0.946 	 0 
0.0881889 	 0.427237 	 0.946 	 0 
0.0881688 	 0.427024 	 0.946 	 0 
0.0881487 	 0.426812 	 0.946 	 0 
0.0881285 	 0.4266 	 0.946 	 0 
0.0881084 	 0.426387 	 0.946 	 0 
0.0880884 	 0.426175 	 0.946 	 0 
0.0880683 	 0.425963 	 0.946 	 0 
0.0880483 	 0.425751 	 0.946 	 0 
0.0880282 	 0.425539 	 0.946 	 0 
0.0880082 	 0.425327 	 0.946 	 0 
0.0879882 	 0.425115 	 0.946 	 0 
0.0879683 	 0.424903 	 0.946 	 0 
0.0879483 	 0.424691 	 0.946 	 0 
0.0879284 	 0.424479 	 0.946 	 0 
0.0879085 	 0.424148 	 0.947 	 0 
0.0878886 	 0.424024 	 0.947 	 0 
0.0878687 	 0.423893 	 0.947 	 0 
0.0878488 	 0.423753 	 0.947 	 0 
0.087829 	 0.423604 	 0.947 	 0 
0.0878092 	 0.423448 	 0.947 	 0 
0.0877894 	 0.423285 	 0.947 	 0 
0.0877696 	 0.423117 	 0.947 	 0 
0.0877498 	 0.422943 	 0.947 	 0 
0.08773 	 0.422765 	 0.947 	 0 
0.0877103 	 0.422583 	 0.947 	 0 
0.0876906 	 0.422397 	 0.947 	 0 
0.0876709 	 0.422209 	 0.947 	 0 
0.0876512 	 0.422017 	 0.947 	 0 
0.0876315 	 0.421824 	 0.947 	 0 
0.0876119 	 0.421628 	 0.947 	 0 
0.0875923 	 0.42143 	 0.947 	 0 
0.0875726 	 0.421231 	 0.947 	 0 
0.087553 	 0.421031 	 0.947 	 0 
0.0875335 	 0.420829 	 0.947 	 0 
0.0875139 	 0.420626 	 0.947 	 0 
0.0874944 	 0.420422 	 0.947 	 0 
0.0874748 	 0.420217 	 0.947 	 0 
0.0874553 	 0.420012 	 0.947 	 0 
0.0874358 	 0.419806 	 0.947 	 0 
0.0874164 	 0.4196 	 0.947 	 0 
0.0873969 	 0.419393 	 0.947 	 0 
0.0873775 	 0.419185 	 0.947 	 0 
0.087358 	 0.418977 	 0.947 	 0 
0.0873386 	 0.418769 	 0.947 	 0 
0.0873193 	 0.418561 	 0.947 	 0 
0.0872999 	 0.418352 	 0.947 	 0 
0.0872805 	 0.418144 	 0.947 	 0 
0.0872612 	 0.417934 	 0.947 	 0 
0.0872419 	 0.417725 	 0.947 	 0 
0.0872226 	 0.417516 	 0.947 	 0 
0.0872033 	 0.417306 	 0.947 	 0 
0.087184 	 0.417097 	 0.947 	 0 
0.0871648 	 0.416888 	 0.947 	 0 
0.0871455 	 0.416678 	 0.947 	 0 
0.0871263 	 0.416469 	 0.947 	 0 
0.0871071 	 0.416259 	 0.947 	 0 
0.0870879 	 0.416049 	 0.947 	 0 
0.0870688 	 0.41584 	 0.947 	 0 
0.0870496 	 0.41563 	 0.947 	 0 
0.0870305 	 0.41542 	 0.947 	 0 
0.0870114 	 0.415211 	 0.947 	 0 
0.0869923 	 0.415001 	 0.947 	 0 
0.0869732 	 0.414791 	 0.947 	 0 
0.0869541 	 0.414582 	 0.947 	 0 
0.0869351 	 0.414372 	 0.947 	 0 
0.0869161 	 0.414162 	 0.947 	 0 
0.086897 	 0.413953 	 0.947 	 0 
0.086878 	 0.413743 	 0.947 	 0 
0.0868591 	 0.413534 	 0.947 	 0 
0.0868401 	 0.413324 	 0.947 	 0 
0.0868212 	 0.413115 	 0.947 	 0 
0.0868022 	 0.412906 	 0.947 	 0 
0.0867833 	 0.412696 	 0.947 	 0 
0.0867644 	 0.412487 	 0.947 	 0 
0.0867455 	 0.412278 	 0.947 	 0 
0.0867267 	 0.412068 	 0.947 	 0 
0.0867078 	 0.411859 	 0.947 	 0 
0.086689 	 0.41165 	 0.947 	 0 
0.0866702 	 0.411441 	 0.947 	 0 
0.0866514 	 0.411232 	 0.947 	 0 
0.0866326 	 0.411022 	 0.947 	 0 
0.0866138 	 0.410813 	 0.947 	 0 
0.0865951 	 0.410604 	 0.947 	 0 
0.0865763 	 0.410395 	 0.947 	 0 
0.0865576 	 0.410186 	 0.947 	 0 
0.0865389 	 0.409978 	 0.947 	 0 
0.0865202 	 0.409769 	 0.947 	 0 
0.0865015 	 0.40956 	 0.947 	 0 
0.0864829 	 0.409352 	 0.947 	 0 
0.0864642 	 0.409143 	 0.947 	 0 
0.0864456 	 0.408934 	 0.947 	 0 
0.086427 	 0.408726 	 0.947 	 0 
0.0864084 	 0.408517 	 0.947 	 0 
0.0863899 	 0.408309 	 0.947 	 0 
0.0863713 	 0.4081 	 0.947 	 0 
0.0863528 	 0.407892 	 0.947 	 0 
0.0863342 	 0.407683 	 0.947 	 0 
0.0863157 	 0.407475 	 0.947 	 0 
0.0862972 	 0.407267 	 0.947 	 0 
0.0862787 	 0.407058 	 0.947 	 0 
0.0862603 	 0.40685 	 0.947 	 0 
0.0862418 	 0.406642 	 0.947 	 0 
0.0862234 	 0.406434 	 0.947 	 0 
0.086205 	 0.406226 	 0.947 	 0 
0.0861866 	 0.406018 	 0.947 	 0 
0.0861682 	 0.40581 	 0.947 	 0 
0.0861498 	 0.405602 	 0.947 	 0 
0.0861315 	 0.405394 	 0.947 	 0 
0.0861131 	 0.405186 	 0.947 	 0 
0.0860948 	 0.404978 	 0.947 	 0 
0.0860765 	 0.404771 	 0.947 	 0 
0.0860582 	 0.404563 	 0.947 	 0 
0.0860399 	 0.404355 	 0.947 	 0 
0.0860217 	 0.404147 	 0.947 	 0 
0.0860034 	 0.40394 	 0.947 	 0 
0.0859852 	 0.403732 	 0.947 	 0 
0.085967 	 0.403524 	 0.947 	 0 
0.0859488 	 0.403317 	 0.947 	 0 
0.0859306 	 0.40311 	 0.947 	 0 
0.0859124 	 0.402902 	 0.947 	 0 
0.0858943 	 0.402695 	 0.947 	 0 
0.0858762 	 0.402488 	 0.947 	 0 
0.085858 	 0.40228 	 0.947 	 0 
0.0858399 	 0.402073 	 0.947 	 0 
0.0858218 	 0.401866 	 0.947 	 0 
0.0858038 	 0.401659 	 0.947 	 0 
0.0857857 	 0.401451 	 0.947 	 0 
0.0857677 	 0.401244 	 0.947 	 0 
0.0857496 	 0.401037 	 0.947 	 0 
0.0857316 	 0.40083 	 0.947 	 0 
0.0857136 	 0.400623 	 0.947 	 0 
0.0856956 	 0.400416 	 0.947 	 0 
0.0856777 	 0.400209 	 0.947 	 0 
0.0856597 	 0.400002 	 0.947 	 0 
0.0856418 	 0.399795 	 0.947 	 0 
0.0856238 	 0.399589 	 0.947 	 0 
0.0856059 	 0.399382 	 0.947 	 0 
0.085588 	 0.399175 	 0.947 	 0 
0.0855702 	 0.398969 	 0.947 	 0 
0.0855523 	 0.398762 	 0.947 	 0 
0.0855345 	 0.398556 	 0.947 	 0 
0.0855166 	 0.398349 	 0.947 	 0 
0.0854988 	 0.398142 	 0.947 	 0 
0.085481 	 0.397936 	 0.947 	 0 
0.0854632 	 0.397729 	 0.947 	 0 
0.0854454 	 0.397523 	 0.947 	 0 
0.0854277 	 0.397317 	 0.947 	 0 
0.0854099 	 0.39711 	 0.947 	 0 
0.0853922 	 0.396904 	 0.947 	 0 
0.0853745 	 0.396697 	 0.947 	 0 
0.0853568 	 0.396491 	 0.947 	 0 
0.0853391 	 0.396285 	 0.947 	 0 
0.0853214 	 0.396079 	 0.947 	 0 
0.0853038 	 0.395873 	 0.947 	 0 
0.0852861 	 0.395667 	 0.947 	 0 
0.0852685 	 0.395461 	 0.947 	 0 
0.0852509 	 0.395255 	 0.947 	 0 
0.0852333 	 0.395049 	 0.947 	 0 
0.0852157 	 0.394843 	 0.947 	 0 
0.0851981 	 0.394637 	 0.947 	 0 
0.0851806 	 0.394431 	 0.947 	 0 
0.085163 	 0.394225 	 0.947 	 0 
0.0851455 	 0.394019 	 0.947 	 0 
0.085128 	 0.393814 	 0.947 	 0 
0.0851105 	 0.393608 	 0.947 	 0 
0.085093 	 0.393402 	 0.947 	 0 
0.0850755 	 0.393196 	 0.947 	 0 
0.0850581 	 0.392991 	 0.947 	 0 
0.0850406 	 0.392785 	 0.947 	 0 
0.0850232 	 0.39258 	 0.947 	 0 
0.0850058 	 0.392374 	 0.947 	 0 
0.0849884 	 0.392169 	 0.947 	 0 
0.084971 	 0.391964 	 0.947 	 0 
0.0849536 	 0.391758 	 0.947 	 0 
0.0849363 	 0.391553 	 0.947 	 0 
0.0849189 	 0.391347 	 0.947 	 0 
0.0849016 	 0.391142 	 0.947 	 0 
0.0848843 	 0.390937 	 0.947 	 0 
0.084867 	 0.390731 	 0.947 	 0 
0.0848497 	 0.390526 	 0.947 	 0 
0.0848325 	 0.390321 	 0.947 	 0 
0.0848152 	 0.390116 	 0.947 	 0 
0.084798 	 0.38991 	 0.947 	 0 
0.0847807 	 0.389705 	 0.947 	 0 
0.0847635 	 0.389501 	 0.947 	 0 
0.0847463 	 0.389296 	 0.947 	 0 
0.0847291 	 0.389091 	 0.947 	 0 
0.084712 	 0.388886 	 0.947 	 0 
0.0846948 	 0.388681 	 0.947 	 0 
0.0846777 	 0.388476 	 0.947 	 0 
0.0846605 	 0.388271 	 0.947 	 0 
0.0846434 	 0.388066 	 0.947 	 0 
0.0846263 	 0.387862 	 0.947 	 0 
0.0846092 	 0.387657 	 0.947 	 0 
0.0845921 	 0.387452 	 0.947 	 0 
0.0845751 	 0.387247 	 0.947 	 0 
0.084558 	 0.387043 	 0.947 	 0 
0.084541 	 0.386838 	 0.947 	 0 
0.084524 	 0.386633 	 0.947 	 0 
0.084507 	 0.386428 	 0.947 	 0 
0.08449 	 0.386224 	 0.947 	 0 
0.084473 	 0.38602 	 0.947 	 0 
0.084456 	 0.385815 	 0.947 	 0 
0.0844391 	 0.385611 	 0.947 	 0 
0.0844221 	 0.385406 	 0.947 	 0 
0.0844052 	 0.385202 	 0.947 	 0 
0.0843883 	 0.384998 	 0.947 	 0 
0.0843714 	 0.384793 	 0.947 	 0 
0.0843545 	 0.384589 	 0.947 	 0 
0.0843376 	 0.384385 	 0.947 	 0 
0.0843208 	 0.384181 	 0.947 	 0 
0.0843039 	 0.383976 	 0.947 	 0 
0.0842871 	 0.383772 	 0.947 	 0 
0.0842703 	 0.383568 	 0.947 	 0 
0.0842535 	 0.383364 	 0.947 	 0 
0.0842367 	 0.38316 	 0.947 	 0 
0.0842199 	 0.382955 	 0.947 	 0 
0.0842032 	 0.382751 	 0.947 	 0 
0.0841864 	 0.382548 	 0.947 	 0 
0.0841697 	 0.382344 	 0.947 	 0 
0.084153 	 0.38214 	 0.947 	 0 
0.0841362 	 0.381936 	 0.947 	 0 
0.0841195 	 0.381732 	 0.947 	 0 
0.0841029 	 0.381528 	 0.947 	 0 
0.0840862 	 0.381324 	 0.947 	 0 
0.0840695 	 0.381121 	 0.947 	 0 
0.0840529 	 0.380917 	 0.947 	 0 
0.0840363 	 0.380713 	 0.947 	 0 
0.0840196 	 0.380509 	 0.947 	 0 
0.084003 	 0.380306 	 0.947 	 0 
0.0839864 	 0.380102 	 0.947 	 0 
0.0839699 	 0.379898 	 0.947 	 0 
0.0839533 	 0.379694 	 0.947 	 0 
0.0839367 	 0.379491 	 0.947 	 0 
0.0839202 	 0.379287 	 0.947 	 0 
0.0839037 	 0.379084 	 0.947 	 0 
0.0838872 	 0.37888 	 0.947 	 0 
0.0838707 	 0.378677 	 0.947 	 0 
0.0838542 	 0.378474 	 0.947 	 0 
0.0838377 	 0.37827 	 0.947 	 0 
0.0838212 	 0.378067 	 0.947 	 0 
0.0838048 	 0.377864 	 0.947 	 0 
0.0837884 	 0.37766 	 0.947 	 0 
0.0837719 	 0.377457 	 0.947 	 0 
0.0837555 	 0.377254 	 0.947 	 0 
0.0837391 	 0.37705 	 0.947 	 0 
0.0837227 	 0.376847 	 0.947 	 0 
0.0837064 	 0.376644 	 0.947 	 0 
0.08369 	 0.37644 	 0.947 	 0 
0.0836737 	 0.376237 	 0.947 	 0 
0.0836573 	 0.376034 	 0.947 	 0 
0.083641 	 0.375831 	 0.947 	 0 
0.0836247 	 0.375628 	 0.947 	 0 
0.0836084 	 0.375425 	 0.947 	 0 
0.0835921 	 0.375222 	 0.947 	 0 
0.0835759 	 0.375019 	 0.947 	 0 
0.0835596 	 0.374816 	 0.947 	 0 
0.0835434 	 0.374613 	 0.947 	 0 
0.0835271 	 0.37441 	 0.947 	 0 
0.0835109 	 0.374207 	 0.947 	 0 
0.0834947 	 0.374004 	 0.947 	 0 
0.0834785 	 0.373802 	 0.947 	 0 
0.0834623 	 0.373599 	 0.947 	 0 
0.0834462 	 0.373396 	 0.947 	 0 
0.08343 	 0.373193 	 0.947 	 0 
0.0834139 	 0.37299 	 0.947 	 0 
0.0833977 	 0.372787 	 0.947 	 0 
0.0833816 	 0.372585 	 0.947 	 0 
0.0833655 	 0.372382 	 0.947 	 0 
0.0833494 	 0.372179 	 0.947 	 0 
0.0833333 	 0.371977 	 0.947 	 0 
0.0833173 	 0.371774 	 0.947 	 0 
0.0833012 	 0.371571 	 0.947 	 0 
0.0832852 	 0.371369 	 0.947 	 0 
0.0832691 	 0.371166 	 0.947 	 0 
0.0832531 	 0.370964 	 0.947 	 0 
0.0832371 	 0.370761 	 0.947 	 0 
0.0832211 	 0.370559 	 0.947 	 0 
0.0832051 	 0.370356 	 0.947 	 0 
0.0831892 	 0.370154 	 0.947 	 0 
0.0831732 	 0.369951 	 0.947 	 0 
0.0831573 	 0.369749 	 0.947 	 0 
0.0831413 	 0.369547 	 0.947 	 0 
0.0831254 	 0.369344 	 0.947 	 0 
0.0831095 	 0.369142 	 0.947 	 0 
0.0830936 	 0.368939 	 0.947 	 0 
0.0830777 	 0.368737 	 0.947 	 0 
0.0830618 	 0.368535 	 0.947 	 0 
0.083046 	 0.368333 	 0.947 	 0 
0.0830301 	 0.36813 	 0.947 	 0 
0.0830143 	 0.367928 	 0.947 	 0 
0.0829985 	 0.367726 	 0.947 	 0 
0.0829827 	 0.367524 	 0.947 	 0 
0.0829669 	 0.367322 	 0.947 	 0 
0.0829511 	 0.36712 	 0.947 	 0 
0.0829353 	 0.366918 	 0.947 	 0 
0.0829195 	 0.366715 	 0.947 	 0 
0.0829038 	 0.366513 	 0.947 	 0 
0.082888 	 0.366311 	 0.947 	 0 
0.0828723 	 0.366109 	 0.947 	 0 
0.0828566 	 0.365907 	 0.947 	 0 
0.0828409 	 0.365705 	 0.947 	 0 
0.0828252 	 0.365503 	 0.947 	 0 
0.0828095 	 0.365301 	 0.947 	 0 
0.0827938 	 0.365099 	 0.947 	 0 
0.0827782 	 0.364897 	 0.947 	 0 
0.0827625 	 0.364695 	 0.947 	 0 
0.0827469 	 0.364494 	 0.947 	 0 
0.0827313 	 0.364292 	 0.947 	 0 
0.0827157 	 0.36409 	 0.947 	 0 
0.0827001 	 0.363888 	 0.947 	 0 
0.0826845 	 0.363686 	 0.947 	 0 
0.0826689 	 0.363485 	 0.947 	 0 
0.0826534 	 0.363283 	 0.947 	 0 
0.0826378 	 0.363081 	 0.947 	 0 
0.0826223 	 0.362879 	 0.947 	 0 
0.0826067 	 0.362677 	 0.947 	 0 
0.0825912 	 0.362476 	 0.947 	 0 
0.0825757 	 0.362274 	 0.947 	 0 
0.0825602 	 0.362072 	 0.947 	 0 
0.0825447 	 0.361871 	 0.947 	 0 
0.0825293 	 0.361669 	 0.947 	 0 
0.0825138 	 0.361467 	 0.947 	 0 
0.0824984 	 0.361266 	 0.947 	 0 
0.0824829 	 0.361064 	 0.947 	 0 
0.0824675 	 0.360863 	 0.947 	 0 
0.0824521 	 0.360661 	 0.947 	 0 
0.0824367 	 0.36046 	 0.947 	 0 
0.0824213 	 0.360258 	 0.947 	 0 
0.0824059 	 0.360057 	 0.947 	 0 
0.0823906 	 0.359855 	 0.947 	 0 
0.0823752 	 0.359654 	 0.947 	 0 
0.0823599 	 0.359452 	 0.947 	 0 
0.0823445 	 0.359251 	 0.947 	 0 
0.0823292 	 0.359049 	 0.947 	 0 
0.0823139 	 0.358848 	 0.947 	 0 
0.0822986 	 0.358646 	 0.947 	 0 
0.0822833 	 0.358445 	 0.947 	 0 
0.0822681 	 0.358244 	 0.947 	 0 
0.0822528 	 0.358042 	 0.947 	 0 
0.0822375 	 0.357841 	 0.947 	 0 
0.0822223 	 0.35764 	 0.947 	 0 
0.0822071 	 0.357438 	 0.947 	 0 
0.0821919 	 0.357237 	 0.947 	 0 
0.0821766 	 0.357036 	 0.947 	 0 
0.0821614 	 0.356835 	 0.947 	 0 
0.0821463 	 0.356633 	 0.947 	 0 
0.0821311 	 0.356432 	 0.947 	 0 
0.0821159 	 0.356231 	 0.947 	 0 
0.0821008 	 0.35603 	 0.947 	 0 
0.0820856 	 0.355829 	 0.947 	 0 
0.0820705 	 0.355627 	 0.947 	 0 
0.0820554 	 0.355426 	 0.947 	 0 
0.0820403 	 0.355225 	 0.947 	 0 
0.0820252 	 0.355024 	 0.947 	 0 
0.0820101 	 0.354823 	 0.947 	 0 
0.081995 	 0.354621 	 0.947 	 0 
0.08198 	 0.35442 	 0.947 	 0 
0.0819649 	 0.354219 	 0.947 	 0 
0.0819499 	 0.354018 	 0.947 	 0 
0.0819349 	 0.353817 	 0.947 	 0 
0.0819198 	 0.353616 	 0.947 	 0 
0.0819048 	 0.353415 	 0.947 	 0 
0.0818898 	 0.353214 	 0.947 	 0 
0.0818749 	 0.353013 	 0.947 	 0 
0.0818599 	 0.352812 	 0.947 	 0 
0.0818449 	 0.352611 	 0.947 	 0 
0.08183 	 0.35241 	 0.947 	 0 
0.081815 	 0.352209 	 0.947 	 0 
0.0818001 	 0.352008 	 0.947 	 0 
0.0817852 	 0.351669 	 0.948 	 0 
0.0817703 	 0.351529 	 0.948 	 0 
0.0817554 	 0.351386 	 0.948 	 0 
0.0817405 	 0.351237 	 0.948 	 0 
0.0817256 	 0.351084 	 0.948 	 0 
0.0817107 	 0.350925 	 0.948 	 0 
0.0816959 	 0.350763 	 0.948 	 0 
0.081681 	 0.350597 	 0.948 	 0 
0.0816662 	 0.350427 	 0.948 	 0 
0.0816514 	 0.350254 	 0.948 	 0 
0.0816366 	 0.350079 	 0.948 	 0 
0.0816218 	 0.349901 	 0.948 	 0 
0.081607 	 0.349721 	 0.948 	 0 
0.0815922 	 0.349538 	 0.948 	 0 
0.0815774 	 0.349354 	 0.948 	 0 
0.0815627 	 0.349168 	 0.948 	 0 
0.0815479 	 0.348981 	 0.948 	 0 
0.0815332 	 0.348793 	 0.948 	 0 
0.0815185 	 0.348603 	 0.948 	 0 
0.0815038 	 0.348412 	 0.948 	 0 
0.0814891 	 0.34822 	 0.948 	 0 
0.0814744 	 0.348027 	 0.948 	 0 
0.0814597 	 0.347833 	 0.948 	 0 
0.081445 	 0.347639 	 0.948 	 0 
0.0814304 	 0.347444 	 0.948 	 0 
0.0814157 	 0.347248 	 0.948 	 0 
0.0814011 	 0.347052 	 0.948 	 0 
0.0813864 	 0.346855 	 0.948 	 0 
0.0813718 	 0.346658 	 0.948 	 0 
0.0813572 	 0.346461 	 0.948 	 0 
0.0813426 	 0.346263 	 0.948 	 0 
0.081328 	 0.346065 	 0.948 	 0 
0.0813134 	 0.345866 	 0.948 	 0 
0.0812989 	 0.345668 	 0.948 	 0 
0.0812843 	 0.345469 	 0.948 	 0 
0.0812698 	 0.345269 	 0.948 	 0 
0.0812552 	 0.34507 	 0.948 	 0 
0.0812407 	 0.34487 	 0.948 	 0 
0.0812262 	 0.344671 	 0.948 	 0 
0.0812117 	 0.344471 	 0.948 	 0 
0.0811972 	 0.344271 	 0.948 	 0 
0.0811827 	 0.344071 	 0.948 	 0 
0.0811682 	 0.34387 	 0.948 	 0 
0.0811538 	 0.34367 	 0.948 	 0 
0.0811393 	 0.34347 	 0.948 	 0 
0.0811249 	 0.343269 	 0.948 	 0 
0.0811104 	 0.343069 	 0.948 	 0 
0.081096 	 0.342868 	 0.948 	 0 
0.0810816 	 0.342668 	 0.948 	 0 
0.0810672 	 0.342467 	 0.948 	 0 
0.0810528 	 0.342266 	 0.948 	 0 
0.0810384 	 0.342066 	 0.948 	 0 
0.0810241 	 0.341865 	 0.948 	 0 
0.0810097 	 0.341664 	 0.948 	 0 
0.0809954 	 0.341463 	 0.948 	 0 
0.080981 	 0.341262 	 0.948 	 0 
0.0809667 	 0.341061 	 0.948 	 0 
0.0809524 	 0.34086 	 0.948 	 0 
0.0809381 	 0.340659 	 0.948 	 0 
0.0809238 	 0.340458 	 0.948 	 0 
0.0809095 	 0.340257 	 0.948 	 0 
0.0808952 	 0.340056 	 0.948 	 0 
0.0808809 	 0.339855 	 0.948 	 0 
0.0808667 	 0.339654 	 0.948 	 0 
0.0808524 	 0.339453 	 0.948 	 0 
0.0808382 	 0.339252 	 0.948 	 0 
0.0808239 	 0.339051 	 0.948 	 0 
0.0808097 	 0.33885 	 0.948 	 0 
0.0807955 	 0.338649 	 0.948 	 0 
0.0807813 	 0.338448 	 0.948 	 0 
0.0807671 	 0.338247 	 0.948 	 0 
0.0807529 	 0.338046 	 0.948 	 0 
0.0807388 	 0.337845 	 0.948 	 0 
0.0807246 	 0.337644 	 0.948 	 0 
0.0807105 	 0.337443 	 0.948 	 0 
0.0806963 	 0.337242 	 0.948 	 0 
0.0806822 	 0.337041 	 0.948 	 0 
0.0806681 	 0.336839 	 0.948 	 0 
0.080654 	 0.336638 	 0.948 	 0 
0.0806399 	 0.336437 	 0.948 	 0 
0.0806258 	 0.336236 	 0.948 	 0 
0.0806117 	 0.336035 	 0.948 	 0 
0.0805976 	 0.335834 	 0.948 	 0 
0.0805836 	 0.335633 	 0.948 	 0 
0.0805695 	 0.335432 	 0.948 	 0 
0.0805555 	 0.335231 	 0.948 	 0 
0.0805414 	 0.33503 	 0.948 	 0 
0.0805274 	 0.334828 	 0.948 	 0 
0.0805134 	 0.334627 	 0.948 	 0 
0.0804994 	 0.334426 	 0.948 	 0 
0.0804854 	 0.334225 	 0.948 	 0 
0.0804714 	 0.334024 	 0.948 	 0 
0.0804574 	 0.333823 	 0.948 	 0 
0.0804435 	 0.333622 	 0.948 	 0 
0.0804295 	 0.333421 	 0.948 	 0 
0.0804156 	 0.333219 	 0.948 	 0 
0.0804017 	 0.333018 	 0.948 	 0 
0.0803877 	 0.332817 	 0.948 	 0 
0.0803738 	 0.332616 	 0.948 	 0 
0.0803599 	 0.332415 	 0.948 	 0 
0.080346 	 0.332214 	 0.948 	 0 
0.0803321 	 0.332013 	 0.948 	 0 
0.0803182 	 0.331811 	 0.948 	 0 
0.0803044 	 0.33161 	 0.948 	 0 
0.0802905 	 0.331409 	 0.948 	 0 
0.0802767 	 0.331208 	 0.948 	 0 
0.0802628 	 0.331007 	 0.948 	 0 
0.080249 	 0.330806 	 0.948 	 0 
0.0802352 	 0.330605 	 0.948 	 0 
0.0802214 	 0.330404 	 0.948 	 0 
0.0802076 	 0.330202 	 0.948 	 0 
0.0801938 	 0.330001 	 0.948 	 0 
0.08018 	 0.3298 	 0.948 	 0 
0.0801662 	 0.329599 	 0.948 	 0 
0.0801525 	 0.329398 	 0.948 	 0 
0.0801387 	 0.329196 	 0.948 	 0 
0.080125 	 0.328995 	 0.948 	 0 
0.0801112 	 0.328794 	 0.948 	 0 
0.0800975 	 0.328593 	 0.948 	 0 
0.0800838 	 0.328391 	 0.948 	 0 
0.0800701 	 0.32819 	 0.948 	 0 
0.0800564 	 0.327989 	 0.948 	 0 
0.0800427 	 0.327788 	 0.948 	 0 
0.080029 	 0.327587 	 0.948 	 0 
0.0800154 	 0.327386 	 0.948 	 0 
0.0800017 	 0.327184 	 0.948 	 0 
0.0799881 	 0.326983 	 0.948 	 0 
0.0799744 	 0.326782 	 0.948 	 0 
0.0799608 	 0.326581 	 0.948 	 0 
0.0799472 	 0.32638 	 0.948 	 0 
0.0799336 	 0.326178 	 0.948 	 0 
0.0799199 	 0.325977 	 0.948 	 0 
0.0799064 	 0.325776 	 0.948 	 0 
0.0798928 	 0.325574 	 0.948 	 0 
0.0798792 	 0.325373 	 0.948 	 0 
0.0798656 	 0.325172 	 0.948 	 0 
0.0798521 	 0.32497 	 0.948 	 0 
0.0798385 	 0.324769 	 0.948 	 0 
0.079825 	 0.324568 	 0.948 	 0 
0.0798115 	 0.324366 	 0.948 	 0 
0.0797979 	 0.324165 	 0.948 	 0 
0.0797844 	 0.323964 	 0.948 	 0 
0.0797709 	 0.323763 	 0.948 	 0 
0.0797574 	 0.323561 	 0.948 	 0 
0.0797439 	 0.32336 	 0.948 	 0 
0.0797305 	 0.323159 	 0.948 	 0 
0.079717 	 0.322957 	 0.948 	 0 
0.0797035 	 0.322756 	 0.948 	 0 
0.0796901 	 0.322555 	 0.948 	 0 
0.0796767 	 0.322353 	 0.948 	 0 
0.0796632 	 0.322152 	 0.948 	 0 
0.0796498 	 0.32195 	 0.948 	 0 
0.0796364 	 0.321749 	 0.948 	 0 
0.079623 	 0.321547 	 0.948 	 0 
0.0796096 	 0.321346 	 0.948 	 0 
0.0795962 	 0.321144 	 0.948 	 0 
0.0795828 	 0.320943 	 0.948 	 0 
0.0795695 	 0.320741 	 0.948 	 0 
0.0795561 	 0.32054 	 0.948 	 0 
0.0795428 	 0.320339 	 0.948 	 0 
0.0795294 	 0.320137 	 0.948 	 0 
0.0795161 	 0.319936 	 0.948 	 0 
0.0795028 	 0.319734 	 0.948 	 0 
0.0794895 	 0.319533 	 0.948 	 0 
0.0794762 	 0.319331 	 0.948 	 0 
0.0794629 	 0.31913 	 0.948 	 0 
0.0794496 	 0.318928 	 0.948 	 0 
0.0794363 	 0.318727 	 0.948 	 0 
0.079423 	 0.318525 	 0.948 	 0 
0.0794098 	 0.318323 	 0.948 	 0 
0.0793965 	 0.318122 	 0.948 	 0 
0.0793833 	 0.31792 	 0.948 	 0 
0.0793701 	 0.317718 	 0.948 	 0 
0.0793568 	 0.317517 	 0.948 	 0 
0.0793436 	 0.317315 	 0.948 	 0 
0.0793304 	 0.317113 	 0.948 	 0 
0.0793172 	 0.316912 	 0.948 	 0 
0.079304 	 0.31671 	 0.948 	 0 
0.0792908 	 0.316508 	 0.948 	 0 
0.0792777 	 0.316307 	 0.948 	 0 
0.0792645 	 0.316105 	 0.948 	 0 
0.0792514 	 0.315903 	 0.948 	 0 
0.0792382 	 0.315702 	 0.948 	 0 
0.0792251 	 0.3155 	 0.948 	 0 
0.0792119 	 0.315298 	 0.948 	 0 
0.0791988 	 0.315096 	 0.948 	 0 
0.0791857 	 0.314895 	 0.948 	 0 
0.0791726 	 0.314693 	 0.948 	 0 
0.0791595 	 0.314491 	 0.948 	 0 
0.0791464 	 0.314289 	 0.948 	 0 
0.0791334 	 0.314087 	 0.948 	 0 
0.0791203 	 0.313885 	 0.948 	 0 
0.0791072 	 0.313683 	 0.948 	 0 
0.0790942 	 0.313481 	 0.948 	 0 
0.0790811 	 0.313279 	 0.948 	 0 
0.0790681 	 0.313078 	 0.948 	 0 
0.0790551 	 0.312876 	 0.948 	 0 
0.0790421 	 0.312674 	 0.948 	 0 
0.0790291 	 0.312472 	 0.948 	 0 
0.0790161 	 0.31227 	 0.948 	 0 
0.0790031 	 0.312068 	 0.948 	 0 
0.0789901 	 0.311866 	 0.948 	 0 
0.0789771 	 0.311664 	 0.948 	 0 
0.0789642 	 0.311462 	 0.948 	 0 
0.0789512 	 0.31126 	 0.948 	 0 
0.0789383 	 0.311058 	 0.948 	 0 
0.0789253 	 0.310856 	 0.948 	 0 
0.0789124 	 0.310653 	 0.948 	 0 
0.0788995 	 0.310451 	 0.948 	 0 
0.0788866 	 0.310249 	 0.948 	 0 
0.0788737 	 0.310047 	 0.948 	 0 
0.0788608 	 0.309845 	 0.948 	 0 
0.0788479 	 0.309643 	 0.948 	 0 
0.078835 	 0.30944 	 0.948 	 0 
0.0788221 	 0.309238 	 0.948 	 0 
0.0788093 	 0.309036 	 0.948 	 0 
0.0787964 	 0.308833 	 0.948 	 0 
0.0787836 	 0.308631 	 0.948 	 0 
0.0787707 	 0.308429 	 0.948 	 0 
0.0787579 	 0.308227 	 0.948 	 0 
0.0787451 	 0.308024 	 0.948 	 0 
0.0787323 	 0.307822 	 0.948 	 0 
0.0787194 	 0.30762 	 0.948 	 0 
0.0787067 	 0.307417 	 0.948 	 0 
0.0786939 	 0.307215 	 0.948 	 0 
0.0786811 	 0.307013 	 0.948 	 0 
0.0786683 	 0.30681 	 0.948 	 0 
0.0786556 	 0.306608 	 0.948 	 0 
0.0786428 	 0.306405 	 0.948 	 0 
0.0786301 	 0.306203 	 0.948 	 0 
0.0786173 	 0.306 	 0.948 	 0 
0.0786046 	 0.305797 	 0.948 	 0 
0.0785919 	 0.305595 	 0.948 	 0 
0.0785792 	 0.305392 	 0.948 	 0 
0.0785664 	 0.30519 	 0.948 	 0 
0.0785538 	 0.304987 	 0.948 	 0 
0.0785411 	 0.304784 	 0.948 	 0 
0.0785284 	 0.304582 	 0.948 	 0 
0.0785157 	 0.304379 	 0.948 	 0 
0.078503 	 0.304176 	 0.948 	 0 
0.0784904 	 0.303974 	 0.948 	 0 
0.0784777 	 0.303771 	 0.948 	 0 
0.0784651 	 0.303568 	 0.948 	 0 
0.0784525 	 0.303365 	 0.948 	 0 
0.0784398 	 0.303163 	 0.948 	 0 
0.0784272 	 0.30296 	 0.948 	 0 
0.0784146 	 0.302757 	 0.948 	 0 
0.078402 	 0.302554 	 0.948 	 0 
0.0783894 	 0.302351 	 0.948 	 0 
0.0783769 	 0.302148 	 0.948 	 0 
0.0783643 	 0.301945 	 0.948 	 0 
0.0783517 	 0.301742 	 0.948 	 0 
0.0783392 	 0.301539 	 0.948 	 0 
0.0783266 	 0.301336 	 0.948 	 0 
0.0783141 	 0.301133 	 0.948 	 0 
0.0783015 	 0.30093 	 0.948 	 0 
0.078289 	 0.300727 	 0.948 	 0 
0.0782765 	 0.300524 	 0.948 	 0 
0.078264 	 0.300321 	 0.948 	 0 
0.0782515 	 0.300117 	 0.948 	 0 
0.078239 	 0.299914 	 0.948 	 0 
0.0782265 	 0.299711 	 0.948 	 0 
0.078214 	 0.299508 	 0.948 	 0 
0.0782015 	 0.299305 	 0.948 	 0 
0.0781891 	 0.299101 	 0.948 	 0 
0.0781766 	 0.298898 	 0.948 	 0 
0.0781642 	 0.298695 	 0.948 	 0 
0.0781517 	 0.298491 	 0.948 	 0 
0.0781393 	 0.298288 	 0.948 	 0 
0.0781269 	 0.298085 	 0.948 	 0 
0.0781145 	 0.297881 	 0.948 	 0 
0.0781021 	 0.297678 	 0.948 	 0 
0.0780897 	 0.297474 	 0.948 	 0 
0.0780773 	 0.297271 	 0.948 	 0 
0.0780649 	 0.297067 	 0.948 	 0 
0.0780525 	 0.296863 	 0.948 	 0 
0.0780401 	 0.29666 	 0.948 	 0 
0.0780278 	 0.296456 	 0.948 	 0 
0.0780154 	 0.296252 	 0.948 	 0 
0.0780031 	 0.296049 	 0.948 	 0 
0.0779908 	 0.295845 	 0.948 	 0 
0.0779784 	 0.295641 	 0.948 	 0 
0.0779661 	 0.295438 	 0.948 	 0 
0.0779538 	 0.295234 	 0.948 	 0 
0.0779415 	 0.29503 	 0.948 	 0 
0.0779292 	 0.294826 	 0.948 	 0 
0.0779169 	 0.294622 	 0.948 	 0 
0.0779046 	 0.294419 	 0.948 	 0 
0.0778923 	 0.294215 	 0.948 	 0 
0.0778801 	 0.294011 	 0.948 	 0 
0.0778678 	 0.293807 	 0.948 	 0 
0.0778556 	 0.293603 	 0.948 	 0 
0.0778433 	 0.293399 	 0.948 	 0 
0.0778311 	 0.293194 	 0.948 	 0 
0.0778189 	 0.29299 	 0.948 	 0 
0.0778066 	 0.292786 	 0.948 	 0 
0.0777944 	 0.292582 	 0.948 	 0 
0.0777822 	 0.292378 	 0.948 	 0 
0.07777 	 0.292173 	 0.948 	 0 
0.0777578 	 0.291969 	 0.948 	 0 
0.0777457 	 0.291765 	 0.948 	 0 
0.0777335 	 0.291561 	 0.948 	 0 
0.0777213 	 0.291356 	 0.948 	 0 
0.0777092 	 0.291152 	 0.948 	 0 
0.077697 	 0.290948 	 0.948 	 0 
0.0776849 	 0.290743 	 0.948 	 0 
0.0776727 	 0.290539 	 0.948 	 0 
0.0776606 	 0.290334 	 0.948 	 0 
0.0776485 	 0.29013 	 0.948 	 0 
0.0776364 	 0.289925 	 0.948 	 0 
0.0776243 	 0.289721 	 0.948 	 0 
0.0776122 	 0.289516 	 0.948 	 0 
0.0776001 	 0.289311 	 0.948 	 0 
0.077588 	 0.289107 	 0.948 	 0 
0.0775759 	 0.288902 	 0.948 	 0 
0.0775638 	 0.288697 	 0.948 	 0 
0.0775518 	 0.288492 	 0.948 	 0 
0.0775397 	 0.288287 	 0.948 	 0 
0.0775277 	 0.288082 	 0.948 	 0 
0.0775156 	 0.287878 	 0.948 	 0 
0.0775036 	 0.287673 	 0.948 	 0 
0.0774916 	 0.287468 	 0.948 	 0 
0.0774796 	 0.287263 	 0.948 	 0 
0.0774676 	 0.287058 	 0.948 	 0 
0.0774556 	 0.286853 	 0.948 	 0 
0.0774436 	 0.286648 	 0.948 	 0 
0.0774316 	 0.286442 	 0.948 	 0 
0.0774196 	 0.286237 	 0.948 	 0 
0.0774076 	 0.286032 	 0.948 	 0 
0.0773957 	 0.285827 	 0.948 	 0 
0.0773837 	 0.285622 	 0.948 	 0 
0.0773718 	 0.285416 	 0.948 	 0 
0.0773598 	 0.285211 	 0.948 	 0 
0.0773479 	 0.285005 	 0.948 	 0 
0.077336 	 0.2848 	 0.948 	 0 
0.077324 	 0.284594 	 0.948 	 0 
0.0773121 	 0.284389 	 0.948 	 0 
0.0773002 	 0.284183 	 0.948 	 0 
0.0772883 	 0.283978 	 0.948 	 0 
0.0772764 	 0.283772 	 0.948 	 0 
0.0772645 	 0.283567 	 0.948 	 0 
0.0772527 	 0.283361 	 0.948 	 0 
0.0772408 	 0.283155 	 0.948 	 0 
0.0772289 	 0.282949 	 0.948 	 0 
0.0772171 	 0.282744 	 0.948 	 0 
0.0772052 	 0.282538 	 0.948 	 0 
0.0771934 	 0.282332 	 0.948 	 0 
0.0771816 	 0.282126 	 0.948 	 0 
0.0771697 	 0.28192 	 0.948 	 0 
0.0771579 	 0.281714 	 0.948 	 0 
0.0771461 	 0.281508 	 0.948 	 0 
0.0771343 	 0.281302 	 0.948 	 0 
0.0771225 	 0.281096 	 0.948 	 0 
0.0771107 	 0.28089 	 0.948 	 0 
0.0770989 	 0.280684 	 0.948 	 0 
0.0770872 	 0.280477 	 0.948 	 0 
0.0770754 	 0.280271 	 0.948 	 0 
0.0770636 	 0.280065 	 0.948 	 0 
0.0770519 	 0.279858 	 0.948 	 0 
0.0770401 	 0.279652 	 0.948 	 0 
0.0770284 	 0.279445 	 0.948 	 0 
0.0770167 	 0.279239 	 0.948 	 0 
0.0770049 	 0.279033 	 0.948 	 0 
0.0769932 	 0.278826 	 0.948 	 0 
0.0769815 	 0.278619 	 0.948 	 0 
0.0769698 	 0.278413 	 0.948 	 0 
0.0769581 	 0.278206 	 0.948 	 0 
0.0769464 	 0.277999 	 0.948 	 0 
0.0769348 	 0.277793 	 0.948 	 0 
0.0769231 	 0.277586 	 0.948 	 0 
0.0769114 	 0.277379 	 0.948 	 0 
0.0768997 	 0.277172 	 0.948 	 0 
0.0768881 	 0.276965 	 0.948 	 0 
0.0768764 	 0.276758 	 0.948 	 0 
0.0768648 	 0.276551 	 0.948 	 0 
0.0768532 	 0.276344 	 0.948 	 0 
0.0768416 	 0.276137 	 0.948 	 0 
0.0768299 	 0.27593 	 0.948 	 0 
0.0768183 	 0.275723 	 0.948 	 0 
0.0768067 	 0.275515 	 0.948 	 0 
0.0767951 	 0.275308 	 0.948 	 0 
0.0767835 	 0.275101 	 0.948 	 0 
0.076772 	 0.274893 	 0.948 	 0 
0.0767604 	 0.274686 	 0.948 	 0 
0.0767488 	 0.274479 	 0.948 	 0 
0.0767372 	 0.274271 	 0.948 	 0 
0.0767257 	 0.274063 	 0.948 	 0 
0.0767141 	 0.273856 	 0.948 	 0 
0.0767026 	 0.273648 	 0.948 	 0 
0.0766911 	 0.273441 	 0.948 	 0 
0.0766795 	 0.273233 	 0.948 	 0 
0.076668 	 0.273025 	 0.948 	 0 
0.0766565 	 0.272817 	 0.948 	 0 
0.076645 	 0.272609 	 0.948 	 0 
0.0766335 	 0.272401 	 0.948 	 0 
0.076622 	 0.272193 	 0.948 	 0 
0.0766105 	 0.271985 	 0.948 	 0 
0.076599 	 0.271777 	 0.948 	 0 
0.0765876 	 0.271569 	 0.948 	 0 
0.0765761 	 0.271361 	 0.948 	 0 
0.0765646 	 0.271153 	 0.948 	 0 
0.0765532 	 0.270944 	 0.948 	 0 
0.0765417 	 0.270736 	 0.948 	 0 
0.0765303 	 0.270528 	 0.948 	 0 
0.0765189 	 0.270319 	 0.948 	 0 
0.0765075 	 0.270111 	 0.948 	 0 
0.076496 	 0.269902 	 0.948 	 0 
0.0764846 	 0.269694 	 0.948 	 0 
0.0764732 	 0.269485 	 0.948 	 0 
0.0764618 	 0.269277 	 0.948 	 0 
0.0764504 	 0.269068 	 0.948 	 0 
0.0764391 	 0.268859 	 0.948 	 0 
0.0764277 	 0.26865 	 0.948 	 0 
0.0764163 	 0.268441 	 0.948 	 0 
0.0764049 	 0.268233 	 0.948 	 0 
0.0763936 	 0.268024 	 0.948 	 0 
0.0763822 	 0.267815 	 0.948 	 0 
0.0763709 	 0.267605 	 0.948 	 0 
0.0763596 	 0.267396 	 0.948 	 0 
0.0763482 	 0.267187 	 0.948 	 0 
0.0763369 	 0.266978 	 0.948 	 0 
0.0763256 	 0.266769 	 0.948 	 0 
0.0763143 	 0.266559 	 0.948 	 0 
0.076303 	 0.26635 	 0.948 	 0 
0.0762917 	 0.26614 	 0.948 	 0 
0.0762804 	 0.265931 	 0.948 	 0 
0.0762691 	 0.265721 	 0.948 	 0 
0.0762578 	 0.265512 	 0.948 	 0 
0.0762466 	 0.265302 	 0.948 	 0 
0.0762353 	 0.265092 	 0.948 	 0 
0.0762241 	 0.264883 	 0.948 	 0 
0.0762128 	 0.264673 	 0.948 	 0 
0.0762016 	 0.264463 	 0.948 	 0 
0.0761903 	 0.264253 	 0.948 	 0 
0.0761791 	 0.264043 	 0.948 	 0 
0.0761679 	 0.263833 	 0.948 	 0 
0.0761567 	 0.263623 	 0.948 	 0 
0.0761454 	 0.263413 	 0.948 	 0 
0.0761342 	 0.263203 	 0.948 	 0 
0.076123 	 0.262992 	 0.948 	 0 
0.0761119 	 0.262782 	 0.948 	 0 
0.0761007 	 0.262572 	 0.948 	 0 
0.0760895 	 0.262361 	 0.948 	 0 
0.0760783 	 0.262151 	 0.948 	 0 
0.0760672 	 0.26194 	 0.948 	 0 
0.076056 	 0.261729 	 0.948 	 0 
0.0760449 	 0.261519 	 0.948 	 0 
0.0760337 	 0.261308 	 0.948 	 0 
0.0760226 	 0.261097 	 0.948 	 0 
0.0760114 	 0.260887 	 0.948 	 0 
0.0760003 	 0.260676 	 0.948 	 0 
0.0759892 	 0.260465 	 0.948 	 0 
0.0759781 	 0.260254 	 0.948 	 0 
0.075967 	 0.260043 	 0.948 	 0 
0.0759559 	 0.259832 	 0.948 	 0 
0.0759448 	 0.25962 	 0.948 	 0 
0.0759337 	 0.259409 	 0.948 	 0 
0.0759226 	 0.259198 	 0.948 	 0 
0.0759116 	 0.258986 	 0.948 	 0 
0.0759005 	 0.258775 	 0.948 	 0 
0.0758894 	 0.258563 	 0.948 	 0 
0.0758784 	 0.258352 	 0.948 	 0 
0.0758673 	 0.25814 	 0.948 	 0 
0.0758563 	 0.257928 	 0.948 	 0 
0.0758453 	 0.257717 	 0.948 	 0 
0.0758342 	 0.257505 	 0.948 	 0 
0.0758232 	 0.257293 	 0.948 	 0 
0.0758122 	 0.257081 	 0.948 	 0 
0.0758012 	 0.256869 	 0.948 	 0 
0.0757902 	 0.256657 	 0.948 	 0 
0.0757792 	 0.256445 	 0.948 	 0 
0.0757682 	 0.256233 	 0.948 	 0 
0.0757572 	 0.256021 	 0.948 	 0 
0.0757462 	 0.255808 	 0.948 	 0 
0.0757353 	 0.255596 	 0.948 	 0 
0.0757243 	 0.255384 	 0.948 	 0 
0.0757134 	 0.255171 	 0.948 	 0 
0.0757024 	 0.254959 	 0.948 	 0 
0.0756915 	 0.254746 	 0.948 	 0 
0.0756805 	 0.254533 	 0.948 	 0 
0.0756696 	 0.25432 	 0.948 	 0 
0.0756587 	 0.254108 	 0.948 	 0 
0.0756477 	 0.253895 	 0.948 	 0 
0.0756368 	 0.253682 	 0.948 	 0 
0.0756259 	 0.253469 	 0.948 	 0 
0.075615 	 0.253256 	 0.948 	 0 
0.0756041 	 0.253042 	 0.948 	 0 
0.0755932 	 0.252829 	 0.948 	 0 
0.0755824 	 0.252616 	 0.948 	 0 
0.0755715 	 0.252402 	 0.948 	 0 
0.0755606 	 0.252189 	 0.948 	 0 
0.0755498 	 0.251976 	 0.948 	 0 
0.0755389 	 0.251762 	 0.948 	 0 
0.0755281 	 0.251548 	 0.948 	 0 
0.0755172 	 0.251335 	 0.948 	 0 
0.0755064 	 0.251121 	 0.948 	 0 
0.0754955 	 0.250907 	 0.948 	 0 
0.0754847 	 0.250693 	 0.948 	 0 
0.0754739 	 0.250479 	 0.948 	 0 
0.0754631 	 0.250265 	 0.948 	 0 
0.0754523 	 0.250051 	 0.948 	 0 
0.0754415 	 0.249837 	 0.948 	 0 
0.0754307 	 0.249623 	 0.948 	 0 
0.0754199 	 0.249408 	 0.948 	 0 
0.0754091 	 0.249194 	 0.948 	 0 
0.0753983 	 0.248979 	 0.948 	 0 
0.0753876 	 0.248765 	 0.948 	 0 
0.0753768 	 0.24855 	 0.948 	 0 
0.075366 	 0.248335 	 0.948 	 0 
0.0753553 	 0.248121 	 0.948 	 0 
0.0753445 	 0.247906 	 0.948 	 0 
0.0753338 	 0.247691 	 0.948 	 0 
0.0753231 	 0.247476 	 0.948 	 0 
0.0753123 	 0.247261 	 0.948 	 0 
0.0753016 	 0.247046 	 0.948 	 0 
0.0752909 	 0.246831 	 0.948 	 0 
0.0752802 	 0.246615 	 0.948 	 0 
0.0752695 	 0.2464 	 0.948 	 0 
0.0752588 	 0.246185 	 0.948 	 0 
0.0752481 	 0.245969 	 0.948 	 0 
0.0752374 	 0.245754 	 0.948 	 0 
0.0752268 	 0.245538 	 0.948 	 0 
0.0752161 	 0.245322 	 0.948 	 0 
0.0752054 	 0.245106 	 0.948 	 0 
0.0751948 	 0.244891 	 0.948 	 0 
0.0751841 	 0.244675 	 0.948 	 0 
0.0751735 	 0.244459 	 0.948 	 0 
0.0751628 	 0.244242 	 0.948 	 0 
0.0751522 	 0.244026 	 0.948 	 0 
0.0751415 	 0.24381 	 0.948 	 0 
0.0751309 	 0.243594 	 0.948 	 0 
0.0751203 	 0.243377 	 0.948 	 0 
0.0751097 	 0.243161 	 0.948 	 0 
0.0750991 	 0.242944 	 0.948 	 0 
0.0750885 	 0.242727 	 0.948 	 0 
0.0750779 	 0.242511 	 0.948 	 0 
0.0750673 	 0.242294 	 0.948 	 0 
0.0750567 	 0.242077 	 0.948 	 0 
0.0750462 	 0.24186 	 0.948 	 0 
0.0750356 	 0.241643 	 0.948 	 0 
0.075025 	 0.241426 	 0.948 	 0 
0.0750145 	 0.241209 	 0.948 	 0 
0.0750039 	 0.240991 	 0.948 	 0 
0.0749934 	 0.240774 	 0.948 	 0 
0.0749828 	 0.240557 	 0.948 	 0 
0.0749723 	 0.240339 	 0.948 	 0 
0.0749618 	 0.240121 	 0.948 	 0 
0.0749512 	 0.239904 	 0.948 	 0 
0.0749407 	 0.239686 	 0.948 	 0 
0.0749302 	 0.239468 	 0.948 	 0 
0.0749197 	 0.23925 	 0.948 	 0 
0.0749092 	 0.239032 	 0.948 	 0 
0.0748987 	 0.238814 	 0.948 	 0 
0.0748882 	 0.238596 	 0.948 	 0 
0.0748777 	 0.238377 	 0.948 	 0 
0.0748673 	 0.238159 	 0.948 	 0 
0.0748568 	 0.237941 	 0.948 	 0 
0.0748463 	 0.237722 	 0.948 	 0 
0.0748359 	 0.237503 	 0.948 	 0 
0.0748254 	 0.237285 	 0.948 	 0 
0.074815 	 0.237066 	 0.948 	 0 
0.0748045 	 0.236847 	 0.948 	 0 
0.0747941 	 0.236628 	 0.948 	 0 
0.0747837 	 0.236409 	 0.948 	 0 
0.0747733 	 0.23619 	 0.948 	 0 
0.0747628 	 0.235971 	 0.948 	 0 
0.0747524 	 0.235751 	 0.948 	 0 
0.074742 	 0.235532 	 0.948 	 0 
0.0747316 	 0.235313 	 0.948 	 0 
0.0747212 	 0.235093 	 0.948 	 0 
0.0747108 	 0.234873 	 0.948 	 0 
0.0747005 	 0.234654 	 0.948 	 0 
0.0746901 	 0.234434 	 0.948 	 0 
0.0746797 	 0.234214 	 0.948 	 0 
0.0746693 	 0.233994 	 0.948 	 0 
0.074659 	 0.233773 	 0.948 	 0 
0.0746486 	 0.233553 	 0.948 	 0 
0.0746383 	 0.233333 	 0.948 	 0 
0.0746279 	 0.233113 	 0.948 	 0 
0.0746176 	 0.232892 	 0.948 	 0 
0.0746073 	 0.232672 	 0.948 	 0 
0.0745969 	 0.232451 	 0.948 	 0 
0.0745866 	 0.23223 	 0.948 	 0 
0.0745763 	 0.232009 	 0.948 	 0 
0.074566 	 0.231788 	 0.948 	 0 
0.0745557 	 0.231567 	 0.948 	 0 
0.0745454 	 0.231346 	 0.948 	 0 
0.0745351 	 0.231125 	 0.948 	 0 
0.0745248 	 0.230904 	 0.948 	 0 
0.0745146 	 0.230682 	 0.948 	 0 
0.0745043 	 0.230461 	 0.948 	 0 
0.074494 	 0.230239 	 0.948 	 0 
0.0744838 	 0.230018 	 0.948 	 0 
0.0744735 	 0.229796 	 0.948 	 0 
0.0744632 	 0.229574 	 0.948 	 0 
0.074453 	 0.229352 	 0.948 	 0 
0.0744428 	 0.22913 	 0.948 	 0 
0.0744325 	 0.228908 	 0.948 	 0 
0.0744223 	 0.228685 	 0.948 	 0 
0.0744121 	 0.228463 	 0.948 	 0 
0.0744019 	 0.22824 	 0.948 	 0 
0.0743916 	 0.228018 	 0.948 	 0 
0.0743814 	 0.227795 	 0.948 	 0 
0.0743712 	 0.227572 	 0.948 	 0 
0.074361 	 0.22735 	 0.948 	 0 
0.0743509 	 0.227127 	 0.948 	 0 
0.0743407 	 0.226904 	 0.948 	 0 
0.0743305 	 0.226681 	 0.948 	 0 
0.0743203 	 0.226457 	 0.948 	 0 
0.0743102 	 0.226234 	 0.948 	 0 
0.0743 	 0.22601 	 0.948 	 0 
0.0742898 	 0.225787 	 0.948 	 0 
0.0742797 	 0.225563 	 0.948 	 0 
0.0742695 	 0.225339 	 0.948 	 0 
0.0742594 	 0.225116 	 0.948 	 0 
0.0742493 	 0.224892 	 0.948 	 0 
0.0742391 	 0.224668 	 0.948 	 0 
0.074229 	 0.224443 	 0.948 	 0 
0.0742189 	 0.224219 	 0.948 	 0 
0.0742088 	 0.223775 	 0.948 	 0 
0.0741987 	 0.22356 	 0.948 	 0 
0.0741886 	 0.223345 	 0.948 	 0 
0.0741785 	 0.223131 	 0.948 	 0 
0.0741684 	 0.222916 	 0.948 	 0 
0.0741583 	 0.2227 	 0.948 	 0 
0.0741482 	 0.222484 	 0.948 	 0 
0.0741382 	 0.222267 	 0.948 	 0 
0.0741281 	 0.222049 	 0.948 	 0 
0.074118 	 0.221831 	 0.948 	 0 
0.074108 	 0.221613 	 0.948 	 0 
0.0740979 	 0.221394 	 0.948 	 0 
0.0740879 	 0.221175 	 0.948 	 0 
0.0740778 	 0.220955 	 0.948 	 0 
0.0740678 	 0.220735 	 0.948 	 0 
0.0740578 	 0.220514 	 0.948 	 0 
0.0740477 	 0.220076 	 0.948 	 0 
0.0740377 	 0.219864 	 0.948 	 0 
0.0740277 	 0.219652 	 0.948 	 0 
0.0740177 	 0.21944 	 0.948 	 0 
0.0740077 	 0.219227 	 0.948 	 0 
0.0739977 	 0.219013 	 0.948 	 0 
0.0739877 	 0.218798 	 0.948 	 0 
0.0739777 	 0.218583 	 0.948 	 0 
0.0739678 	 0.218366 	 0.948 	 0 
0.0739578 	 0.21815 	 0.948 	 0 
0.0739478 	 0.217932 	 0.948 	 0 
0.0739378 	 0.2175 	 0.948 	 0 
0.0739279 	 0.21729 	 0.948 	 0 
0.0739179 	 0.217081 	 0.948 	 0 
0.073908 	 0.216871 	 0.948 	 0 
0.073898 	 0.21666 	 0.948 	 0 
0.0738881 	 0.216448 	 0.948 	 0 
0.0738782 	 0.216235 	 0.948 	 0 
0.0738682 	 0.216021 	 0.948 	 0 
0.0738583 	 0.215806 	 0.948 	 0 
0.0738484 	 0.21559 	 0.948 	 0 
0.0738385 	 0.215162 	 0.948 	 0 
0.0738286 	 0.214953 	 0.948 	 0 
0.0738187 	 0.214745 	 0.948 	 0 
0.0738088 	 0.214536 	 0.948 	 0 
0.0737989 	 0.214326 	 0.948 	 0 
0.073789 	 0.214115 	 0.948 	 0 
0.0737791 	 0.213902 	 0.948 	 0 
0.0737693 	 0.213689 	 0.948 	 0 
0.0737594 	 0.213078 	 0.949 	 0 
0.0737495 	 0.212894 	 0.949 	 0 
0.0737397 	 0.212709 	 0.949 	 0 
0.0737298 	 0.212521 	 0.949 	 0 
0.07372 	 0.212332 	 0.949 	 0 
0.0737101 	 0.21214 	 0.949 	 0 
0.0737003 	 0.211947 	 0.949 	 0 
0.0736905 	 0.211751 	 0.949 	 0 
0.0736806 	 0.211554 	 0.949 	 0 
0.0736708 	 0.211355 	 0.949 	 0 
0.073661 	 0.211154 	 0.949 	 0 
0.0736512 	 0.210952 	 0.949 	 0 
0.0736414 	 0.210748 	 0.949 	 0 
0.0736316 	 0.210543 	 0.949 	 0 
0.0736218 	 0.210336 	 0.949 	 0 
0.073612 	 0.210128 	 0.949 	 0 
0.0736022 	 0.209919 	 0.949 	 0 
0.0735924 	 0.209501 	 0.949 	 0 
0.0735827 	 0.209297 	 0.949 	 0 
0.0735729 	 0.209093 	 0.949 	 0 
0.0735631 	 0.208888 	 0.949 	 0 
0.0735534 	 0.208681 	 0.949 	 0 
0.0735436 	 0.208473 	 0.949 	 0 
0.0735339 	 0.208058 	 0.949 	 0 
0.0735241 	 0.207855 	 0.949 	 0 
0.0735144 	 0.207652 	 0.949 	 0 
0.0735046 	 0.207447 	 0.949 	 0 
0.0734949 	 0.207242 	 0.949 	 0 
0.0734852 	 0.207034 	 0.949 	 0 
0.0734755 	 0.20662 	 0.949 	 0 
0.0734658 	 0.206418 	 0.949 	 0 
0.0734561 	 0.206215 	 0.949 	 0 
0.0734463 	 0.206011 	 0.949 	 0 
0.0734367 	 0.205806 	 0.949 	 0 
0.073427 	 0.205395 	 0.949 	 0 
0.0734173 	 0.205194 	 0.949 	 0 
0.0734076 	 0.204993 	 0.949 	 0 
0.0733979 	 0.20479 	 0.949 	 0 
0.0733882 	 0.204586 	 0.949 	 0 
0.0733786 	 0.204177 	 0.949 	 0 
0.0733689 	 0.203977 	 0.949 	 0 
0.0733593 	 0.203776 	 0.949 	 0 
0.0733496 	 0.203574 	 0.949 	 0 
0.07334 	 0.20317 	 0.949 	 0 
0.0733303 	 0.202972 	 0.949 	 0 
0.0733207 	 0.202773 	 0.949 	 0 
0.0733111 	 0.202573 	 0.949 	 0 
0.0733014 	 0.202371 	 0.949 	 0 
0.0732918 	 0.201967 	 0.949 	 0 
0.0732822 	 0.201768 	 0.949 	 0 
0.0732726 	 0.20157 	 0.949 	 0 
0.073263 	 0.201369 	 0.949 	 0 
0.0732534 	 0.200968 	 0.949 	 0 
0.0732438 	 0.200771 	 0.949 	 0 
0.0732342 	 0.200574 	 0.949 	 0 
0.0732246 	 0.200375 	 0.949 	 0 
0.073215 	 0.199975 	 0.949 	 0 
0.0732054 	 0.199779 	 0.949 	 0 
0.0731959 	 0.199583 	 0.949 	 0 
0.0731863 	 0.199385 	 0.949 	 0 
0.0731767 	 0.198986 	 0.949 	 0 
0.0731672 	 0.198791 	 0.949 	 0 
0.0731576 	 0.198595 	 0.949 	 0 
0.0731481 	 0.198398 	 0.949 	 0 
0.0731386 	 0.198001 	 0.949 	 0 
0.073129 	 0.197806 	 0.949 	 0 
0.0731195 	 0.19761 	 0.949 	 0 
0.07311 	 0.197413 	 0.949 	 0 
0.0731004 	 0.197016 	 0.949 	 0 
0.0730909 	 0.196822 	 0.949 	 0 
0.0730814 	 0.196626 	 0.949 	 0 
0.0730719 	 0.196234 	 0.949 	 0 
0.0730624 	 0.196041 	 0.949 	 0 
0.0730529 	 0.195847 	 0.949 	 0 
0.0730434 	 0.195652 	 0.949 	 0 
0.0730339 	 0.195069 	 0.949 	 0 
0.0730245 	 0.194884 	 0.949 	 0 
0.073015 	 0.194697 	 0.949 	 0 
0.0730055 	 0.194508 	 0.949 	 0 
0.072996 	 0.194317 	 0.949 	 0 
0.0729866 	 0.194124 	 0.949 	 0 
0.0729771 	 0.193734 	 0.949 	 0 
0.0729677 	 0.193543 	 0.949 	 0 
0.0729582 	 0.19335 	 0.949 	 0 
0.0729488 	 0.192963 	 0.949 	 0 
0.0729393 	 0.192773 	 0.949 	 0 
0.0729299 	 0.192581 	 0.949 	 0 
0.0729205 	 0.192196 	 0.949 	 0 
0.0729111 	 0.192006 	 0.949 	 0 
0.0729016 	 0.191816 	 0.949 	 0 
0.0728922 	 0.191432 	 0.949 	 0 
0.0728828 	 0.191243 	 0.949 	 0 
0.0728734 	 0.191053 	 0.949 	 0 
0.072864 	 0.19067 	 0.949 	 0 
0.0728546 	 0.190481 	 0.949 	 0 
0.0728452 	 0.190292 	 0.949 	 0 
0.0728359 	 0.189725 	 0.949 	 0 
0.0728265 	 0.189544 	 0.949 	 0 
0.0728171 	 0.189362 	 0.949 	 0 
0.0728077 	 0.189177 	 0.949 	 0 
0.0727984 	 0.188989 	 0.949 	 0 
0.072789 	 0.188611 	 0.949 	 0 
0.0727797 	 0.188424 	 0.949 	 0 
0.0727703 	 0.188236 	 0.949 	 0 
0.072761 	 0.187675 	 0.949 	 0 
0.0727516 	 0.187495 	 0.949 	 0 
0.0727423 	 0.187313 	 0.949 	 0 
0.072733 	 0.187129 	 0.949 	 0 
0.0727236 	 0.186943 	 0.949 	 0 
0.0727143 	 0.186384 	 0.949 	 0 
0.072705 	 0.186205 	 0.949 	 0 
0.0726957 	 0.186024 	 0.949 	 0 
0.0726864 	 0.185841 	 0.949 	 0 
0.0726771 	 0.185471 	 0.949 	 0 
0.0726678 	 0.185288 	 0.949 	 0 
0.0726585 	 0.185103 	 0.949 	 0 
0.0726492 	 0.184551 	 0.949 	 0 
0.0726399 	 0.184374 	 0.949 	 0 
0.0726306 	 0.184195 	 0.949 	 0 
0.0726214 	 0.184013 	 0.949 	 0 
0.0726121 	 0.183646 	 0.949 	 0 
0.0726028 	 0.183464 	 0.949 	 0 
0.0725936 	 0.183281 	 0.949 	 0 
0.0725843 	 0.182731 	 0.949 	 0 
0.0725751 	 0.182555 	 0.949 	 0 
0.0725658 	 0.182377 	 0.949 	 0 
0.0725566 	 0.182196 	 0.949 	 0 
0.0725473 	 0.181652 	 0.949 	 0 
0.0725381 	 0.181477 	 0.949 	 0 
0.0725289 	 0.181301 	 0.949 	 0 
0.0725197 	 0.181121 	 0.949 	 0 
0.0725104 	 0.180582 	 0.949 	 0 
0.0725012 	 0.180408 	 0.949 	 0 
0.072492 	 0.180233 	 0.949 	 0 
0.0724828 	 0.180054 	 0.949 	 0 
0.0724736 	 0.179518 	 0.949 	 0 
0.0724644 	 0.179345 	 0.949 	 0 
0.0724552 	 0.17917 	 0.949 	 0 
0.0724461 	 0.178993 	 0.949 	 0 
0.0724369 	 0.178458 	 0.949 	 0 
0.0724277 	 0.178286 	 0.949 	 0 
0.0724185 	 0.178111 	 0.949 	 0 
0.0724094 	 0.177934 	 0.949 	 0 
0.0724002 	 0.177401 	 0.949 	 0 
0.072391 	 0.177229 	 0.949 	 0 
0.0723819 	 0.177055 	 0.949 	 0 
0.0723727 	 0.176878 	 0.949 	 0 
0.0723636 	 0.176345 	 0.949 	 0 
0.0723545 	 0.176173 	 0.949 	 0 
0.0723453 	 0.175999 	 0.949 	 0 
0.0723362 	 0.175475 	 0.949 	 0 
0.0723271 	 0.175306 	 0.949 	 0 
0.072318 	 0.175134 	 0.949 	 0 
0.0723088 	 0.17496 	 0.949 	 0 
0.0722997 	 0.174434 	 0.949 	 0 
0.0722906 	 0.174264 	 0.949 	 0 
0.0722815 	 0.174092 	 0.949 	 0 
0.0722724 	 0.173572 	 0.949 	 0 
0.0722633 	 0.173404 	 0.949 	 0 
0.0722543 	 0.173234 	 0.949 	 0 
0.0722452 	 0.173061 	 0.949 	 0 
0.0722361 	 0.172539 	 0.949 	 0 
0.072227 	 0.172369 	 0.949 	 0 
0.072218 	 0.172198 	 0.949 	 0 
0.0722089 	 0.171681 	 0.949 	 0 
0.0721998 	 0.171514 	 0.949 	 0 
0.0721908 	 0.171344 	 0.949 	 0 
0.0721817 	 0.170832 	 0.949 	 0 
0.0721727 	 0.170666 	 0.949 	 0 
0.0721636 	 0.170497 	 0.949 	 0 
0.0721546 	 0.169988 	 0.949 	 0 
0.0721456 	 0.169823 	 0.949 	 0 
0.0721365 	 0.169656 	 0.949 	 0 
0.0721275 	 0.16915 	 0.949 	 0 
0.0721185 	 0.168986 	 0.949 	 0 
0.0721095 	 0.168819 	 0.949 	 0 
0.0721005 	 0.168315 	 0.949 	 0 
0.0720915 	 0.168152 	 0.949 	 0 
0.0720825 	 0.167986 	 0.949 	 0 
0.0720735 	 0.167483 	 0.949 	 0 
0.0720645 	 0.16732 	 0.949 	 0 
0.0720555 	 0.167155 	 0.949 	 0 
0.0720465 	 0.166653 	 0.949 	 0 
0.0720375 	 0.16649 	 0.949 	 0 
0.0720285 	 0.166325 	 0.949 	 0 
0.0720196 	 0.165824 	 0.949 	 0 
0.0720106 	 0.165661 	 0.949 	 0 
0.0720016 	 0.165496 	 0.949 	 0 
0.0719927 	 0.164995 	 0.949 	 0 
0.0719837 	 0.164832 	 0.949 	 0 
0.0719748 	 0.164341 	 0.949 	 0 
0.0719658 	 0.164182 	 0.949 	 0 
0.0719569 	 0.164019 	 0.949 	 0 
0.071948 	 0.163527 	 0.949 	 0 
0.071939 	 0.163367 	 0.949 	 0 
0.0719301 	 0.163204 	 0.949 	 0 
0.0719212 	 0.16271 	 0.949 	 0 
0.0719123 	 0.162549 	 0.949 	 0 
0.0719034 	 0.162063 	 0.949 	 0 
0.0718945 	 0.161905 	 0.949 	 0 
0.0718856 	 0.161744 	 0.949 	 0 
0.0718767 	 0.161256 	 0.949 	 0 
0.0718678 	 0.161097 	 0.949 	 0 
0.0718589 	 0.160615 	 0.949 	 0 
0.07185 	 0.160458 	 0.949 	 0 
0.0718411 	 0.160299 	 0.949 	 0 
0.0718322 	 0.159814 	 0.949 	 0 
0.0718234 	 0.159655 	 0.949 	 0 
0.0718145 	 0.159177 	 0.949 	 0 
0.0718056 	 0.15902 	 0.949 	 0 
0.0717968 	 0.158862 	 0.949 	 0 
0.0717879 	 0.158224 	 0.949 	 0 
0.0717791 	 0.15807 	 0.949 	 0 
0.0717702 	 0.157914 	 0.949 	 0 
0.0717614 	 0.157439 	 0.949 	 0 
0.0717525 	 0.157283 	 0.949 	 0 
0.0717437 	 0.156813 	 0.949 	 0 
0.0717349 	 0.156659 	 0.949 	 0 
0.071726 	 0.156502 	 0.949 	 0 
0.0717172 	 0.155872 	 0.949 	 0 
0.0717084 	 0.155721 	 0.949 	 0 
0.0716996 	 0.155566 	 0.949 	 0 
0.0716908 	 0.155095 	 0.949 	 0 
0.071682 	 0.154941 	 0.949 	 0 
0.0716732 	 0.154474 	 0.949 	 0 
0.0716644 	 0.154321 	 0.949 	 0 
0.0716556 	 0.153857 	 0.949 	 0 
0.0716468 	 0.153705 	 0.949 	 0 
0.071638 	 0.153243 	 0.949 	 0 
0.0716293 	 0.153092 	 0.949 	 0 
0.0716205 	 0.152633 	 0.949 	 0 
0.0716117 	 0.152483 	 0.949 	 0 
0.071603 	 0.152026 	 0.949 	 0 
0.0715942 	 0.151876 	 0.949 	 0 
0.0715854 	 0.15142 	 0.949 	 0 
0.0715767 	 0.151271 	 0.949 	 0 
0.0715679 	 0.150817 	 0.949 	 0 
0.0715592 	 0.150668 	 0.949 	 0 
0.0715505 	 0.150215 	 0.949 	 0 
0.0715417 	 0.150066 	 0.949 	 0 
0.071533 	 0.149614 	 0.949 	 0 
0.0715243 	 0.149465 	 0.949 	 0 
0.0715156 	 0.149014 	 0.949 	 0 
0.0715068 	 0.148865 	 0.949 	 0 
0.0714981 	 0.148269 	 0.949 	 0 
0.0714894 	 0.148124 	 0.949 	 0 
0.0714807 	 0.147977 	 0.949 	 0 
0.071472 	 0.14738 	 0.949 	 0 
0.0714633 	 0.147235 	 0.949 	 0 
0.0714546 	 0.146794 	 0.949 	 0 
0.0714459 	 0.146649 	 0.949 	 0 
0.0714373 	 0.146207 	 0.949 	 0 
0.0714286 	 0.146061 	 0.949 	 0 
0.0714199 	 0.145475 	 0.949 	 0 
0.0714112 	 0.145332 	 0.949 	 0 
0.0714026 	 0.145187 	 0.949 	 0 
0.0713939 	 0.144598 	 0.949 	 0 
0.0713852 	 0.144455 	 0.949 	 0 
0.0713766 	 0.143877 	 0.949 	 0 
0.0713679 	 0.143736 	 0.949 	 0 
0.0713593 	 0.143593 	 0.949 	 0 
0.0713506 	 0.14301 	 0.949 	 0 
0.071342 	 0.142868 	 0.949 	 0 
0.0713334 	 0.142296 	 0.949 	 0 
0.0713248 	 0.142156 	 0.949 	 0 
0.0713161 	 0.14173 	 0.949 	 0 
0.0713075 	 0.141589 	 0.949 	 0 
0.0712989 	 0.141021 	 0.949 	 0 
0.0712903 	 0.140882 	 0.949 	 0 
0.0712817 	 0.140459 	 0.949 	 0 
0.0712731 	 0.140319 	 0.949 	 0 
0.0712645 	 0.139753 	 0.949 	 0 
0.0712559 	 0.139615 	 0.949 	 0 
0.0712473 	 0.139056 	 0.949 	 0 
0.0712387 	 0.13892 	 0.949 	 0 
0.0712301 	 0.138502 	 0.949 	 0 
0.0712215 	 0.138364 	 0.949 	 0 
0.071213 	 0.137805 	 0.949 	 0 
0.0712044 	 0.137669 	 0.949 	 0 
0.0711958 	 0.137115 	 0.949 	 0 
0.0711873 	 0.13698 	 0.949 	 0 
0.0711787 	 0.136432 	 0.949 	 0 
0.0711701 	 0.136297 	 0.949 	 0 
0.0711616 	 0.135753 	 0.949 	 0 
0.071153 	 0.135619 	 0.949 	 0 
0.0711445 	 0.135211 	 0.949 	 0 
0.071136 	 0.134806 	 0.949 	 0 
0.0711274 	 0.134673 	 0.949 	 0 
0.0711189 	 0.13413 	 0.949 	 0 
0.0711104 	 0.133998 	 0.949 	 0 
0.0711019 	 0.133458 	 0.949 	 0 
0.0710933 	 0.133325 	 0.949 	 0 
0.0710848 	 0.132788 	 0.949 	 0 
0.0710763 	 0.132656 	 0.949 	 0 
0.0710678 	 0.13212 	 0.949 	 0 
0.0710593 	 0.131989 	 0.949 	 0 
0.0710508 	 0.131454 	 0.949 	 0 
0.0710423 	 0.131323 	 0.949 	 0 
0.0710338 	 0.130789 	 0.949 	 0 
0.0710254 	 0.130398 	 0.949 	 0 
0.0710169 	 0.130268 	 0.949 	 0 
0.0710084 	 0.12974 	 0.949 	 0 
0.0709999 	 0.12961 	 0.949 	 0 
0.0709915 	 0.128955 	 0.949 	 0 
0.070983 	 0.128828 	 0.949 	 0 
0.0709745 	 0.128309 	 0.949 	 0 
0.0709661 	 0.128181 	 0.949 	 0 
0.0709576 	 0.127661 	 0.949 	 0 
0.0709492 	 0.127278 	 0.949 	 0 
0.0709407 	 0.127151 	 0.949 	 0 
0.0709323 	 0.126508 	 0.949 	 0 
0.0709238 	 0.126382 	 0.949 	 0 
0.0709154 	 0.125871 	 0.949 	 0 
0.070907 	 0.125494 	 0.949 	 0 
0.0708986 	 0.125369 	 0.949 	 0 
0.0708901 	 0.124735 	 0.949 	 0 
0.0708817 	 0.124611 	 0.949 	 0 
0.0708733 	 0.123983 	 0.949 	 0 
0.0708649 	 0.123861 	 0.949 	 0 
0.0708565 	 0.12336 	 0.949 	 0 
0.0708481 	 0.12299 	 0.949 	 0 
0.0708397 	 0.122622 	 0.949 	 0 
0.0708313 	 0.122499 	 0.949 	 0 
0.0708229 	 0.121876 	 0.949 	 0 
0.0708145 	 0.121755 	 0.949 	 0 
0.0708062 	 0.121137 	 0.949 	 0 
0.0707978 	 0.121016 	 0.949 	 0 
0.0707894 	 0.120402 	 0.949 	 0 
0.070781 	 0.120281 	 0.949 	 0 
0.0707727 	 0.11967 	 0.949 	 0 
0.0707643 	 0.11955 	 0.949 	 0 
0.070756 	 0.118941 	 0.949 	 0 
0.0707476 	 0.118584 	 0.949 	 0 
0.0707393 	 0.11811 	 0.949 	 0 
0.0707309 	 0.117993 	 0.949 	 0 
0.0707226 	 0.117396 	 0.949 	 0 
0.0707142 	 0.117279 	 0.949 	 0 
0.0707059 	 0.116682 	 0.949 	 0 
0.0706976 	 0.116216 	 0.949 	 0 
0.0706893 	 0.116101 	 0.949 	 0 
0.0706809 	 0.115512 	 0.949 	 0 
0.0706726 	 0.115165 	 0.949 	 0 
0.0706643 	 0.114704 	 0.949 	 0 
0.070656 	 0.11459 	 0.949 	 0 
0.0706477 	 0.114006 	 0.949 	 0 
0.0706394 	 0.11355 	 0.949 	 0 
0.0706311 	 0.113436 	 0.949 	 0 
0.0706228 	 0.112746 	 0.949 	 0 
0.0706145 	 0.112634 	 0.949 	 0 
0.0706062 	 0.111949 	 0.949 	 0 
0.0705979 	 0.111838 	 0.949 	 0 
0.0705897 	 0.111159 	 0.949 	 0 
0.0705814 	 0.111049 	 0.949 	 0 
0.0705731 	 0.110373 	 0.949 	 0 
0.0705648 	 0.110263 	 0.949 	 0 
0.0705566 	 0.109592 	 0.949 	 0 
0.0705483 	 0.109482 	 0.949 	 0 
0.0705401 	 0.108813 	 0.949 	 0 
0.0705318 	 0.108378 	 0.949 	 0 
0.0705236 	 0.10827 	 0.949 	 0 
0.0705153 	 0.107607 	 0.949 	 0 
0.0705071 	 0.107176 	 0.949 	 0 
0.0704988 	 0.106747 	 0.949 	 0 
0.0704906 	 0.10664 	 0.949 	 0 
0.0704824 	 0.105986 	 0.949 	 0 
0.0704742 	 0.105559 	 0.949 	 0 
0.0704659 	 0.105135 	 0.949 	 0 
0.0704577 	 0.104712 	 0.949 	 0 
0.0704495 	 0.104292 	 0.949 	 0 
0.0704413 	 0.103873 	 0.949 	 0 
0.0704331 	 0.103455 	 0.949 	 0 
0.0704249 	 0.103039 	 0.949 	 0 
0.0704167 	 0.102624 	 0.949 	 0 
0.0704085 	 0.102108 	 0.949 	 0 
0.0704003 	 0.102006 	 0.949 	 0 
0.0703921 	 0.101278 	 0.949 	 0 
0.0703839 	 0.100872 	 0.949 	 0 
0.0703758 	 0.100466 	 0.949 	 0 
0.0703676 	 0.0999612 	 0.949 	 0 
0.0703594 	 0.0995605 	 0.949 	 0 
0.0703513 	 0.0990616 	 0.949 	 0 
0.0703431 	 0.0989627 	 0.949 	 0 
0.0703349 	 0.0982542 	 0.949 	 0 
0.0703268 	 0.0977604 	 0.949 	 0 
0.0703186 	 0.0973677 	 0.949 	 0 
0.0703105 	 0.0968778 	 0.949 	 0 
0.0703023 	 0.0963924 	 0.949 	 0 
0.0702942 	 0.0960058 	 0.949 	 0 
0.0702861 	 0.0955228 	 0.949 	 0 
0.0702779 	 0.0950435 	 0.949 	 0 
0.0702698 	 0.0945676 	 0.949 	 0 
0.0702617 	 0.0941879 	 0.949 	 0 
0.0702535 	 0.0937129 	 0.949 	 0 
0.0702454 	 0.0932406 	 0.949 	 0 
0.0702373 	 0.092771 	 0.949 	 0 
0.0702292 	 0.0923037 	 0.949 	 0 
0.0702211 	 0.0918385 	 0.949 	 0 
0.070213 	 0.0913752 	 0.949 	 0 
0.0702049 	 0.0908236 	 0.949 	 0 
0.0701968 	 0.0903682 	 0.949 	 0 
0.0701887 	 0.0899138 	 0.949 	 0 
0.0701806 	 0.0894604 	 0.949 	 0 
0.0701725 	 0.0889194 	 0.949 	 0 
0.0701645 	 0.0884718 	 0.949 	 0 
0.0701564 	 0.0879372 	 0.949 	 0 
0.0701483 	 0.0874944 	 0.949 	 0 
0.0701402 	 0.086965 	 0.949 	 0 
0.0701322 	 0.0864403 	 0.949 	 0 
0.0701241 	 0.086005 	 0.949 	 0 
0.070116 	 0.0854837 	 0.949 	 0 
0.070108 	 0.0849662 	 0.949 	 0 
0.0700999 	 0.0844522 	 0.949 	 0 
0.0700919 	 0.0839413 	 0.949 	 0 
0.0700839 	 0.0834333 	 0.949 	 0 
0.0700758 	 0.0829278 	 0.949 	 0 
0.0700678 	 0.0824245 	 0.949 	 0 
0.0700597 	 0.0818419 	 0.949 	 0 
0.0700517 	 0.0813466 	 0.949 	 0 
0.0700437 	 0.0807725 	 0.949 	 0 
0.0700357 	 0.0802838 	 0.949 	 0 
0.0700276 	 0.0797165 	 0.949 	 0 
0.0700196 	 0.0791545 	 0.949 	 0 
0.0700116 	 0.0786752 	 0.949 	 0 
0.0700036 	 0.0781179 	 0.949 	 0 
0.0699956 	 0.0775647 	 0.949 	 0 
0.0699876 	 0.0770152 	 0.949 	 0 
0.0699796 	 0.0763932 	 0.949 	 0 
0.0699716 	 0.0758542 	 0.949 	 0 
0.0699636 	 0.0753176 	 0.949 	 0 
0.0699557 	 0.0747088 	 0.949 	 0 
0.0699477 	 0.0741801 	 0.949 	 0 
0.0699397 	 0.0735794 	 0.949 	 0 
0.0699317 	 0.0729843 	 0.949 	 0 
0.0699237 	 0.0723943 	 0.949 	 0 
0.0699158 	 0.0718088 	 0.949 	 0 
0.0699078 	 0.0712273 	 0.949 	 0 
0.0698999 	 0.0705792 	 0.949 	 0 
0.0698919 	 0.0700084 	 0.949 	 0 
0.069884 	 0.0693711 	 0.949 	 0 
0.069876 	 0.0687405 	 0.949 	 0 
0.0698681 	 0.0681158 	 0.949 	 0 
0.0698601 	 0.0674965 	 0.949 	 0 
0.0698522 	 0.0668821 	 0.949 	 0 
0.0698442 	 0.0662059 	 0.949 	 0 
0.0698363 	 0.0656032 	 0.949 	 0 
0.0698284 	 0.0649388 	 0.949 	 0 
0.0698205 	 0.0642813 	 0.949 	 0 
0.0698125 	 0.0636299 	 0.949 	 0 
0.0698046 	 0.0629214 	 0.949 	 0 
0.0697967 	 0.062222 	 0.949 	 0 
0.0697888 	 0.0615922 	 0.949 	 0 
0.0697809 	 0.0608443 	 0.949 	 0 
0.069773 	 0.0601674 	 0.949 	 0 
0.0697651 	 0.0594371 	 0.949 	 0 
0.0697572 	 0.0587162 	 0.949 	 0 
0.0697493 	 0.0580036 	 0.949 	 0 
0.0697414 	 0.0572985 	 0.949 	 0 
0.0697335 	 0.0565435 	 0.949 	 0 
0.0697257 	 0.0557983 	 0.949 	 0 
0.0697178 	 0.055007 	 0.949 	 0 
0.0697099 	 0.0542275 	 0.949 	 0 
0.069702 	 0.0534586 	 0.949 	 0 
0.0696942 	 0.0526466 	 0.949 	 0 
0.0696863 	 0.0518469 	 0.949 	 0 
0.0696785 	 0.0510072 	 0.949 	 0 
0.0696706 	 0.0501811 	 0.949 	 0 
0.0696627 	 0.0493179 	 0.949 	 0 
0.0696549 	 0.0484694 	 0.949 	 0 
0.0696471 	 0.0475864 	 0.949 	 0 
0.0696392 	 0.0466721 	 0.949 	 0 
0.0696314 	 0.0457753 	 0.949 	 0 
0.0696235 	 0.0448491 	 0.949 	 0 
0.0696157 	 0.0438965 	 0.949 	 0 
0.0696079 	 0.0429202 	 0.949 	 0 
0.0696001 	 0.0419228 	 0.949 	 0 
0.0695922 	 0.0409065 	 0.949 	 0 
0.0695844 	 0.0398339 	 0.949 	 0 
0.0695766 	 0.0387892 	 0.949 	 0 
0.0695688 	 0.0376561 	 0.949 	 0 
0.069561 	 0.036556 	 0.949 	 0 
0.0695532 	 0.0353784 	 0.949 	 0 
0.0695454 	 0.0341687 	 0.949 	 0 
0.0695376 	 0.0328993 	 0.949 	 0 
0.0695298 	 0.0316122 	 0.949 	 0 
0.069522 	 0.0302507 	 0.949 	 0 
0.0695142 	 0.0288006 	 0.949 	 0 
0.0695064 	 0.0273084 	 0.949 	 0 
0.0694987 	 0.0257344 	 0.949 	 0 
0.0694909 	 0.0240529 	 0.949 	 0 
0.0694831 	 0.0222295 	 0.949 	 0 
0.0694754 	 0.0202521 	 0.949 	 0 
0.0694676 	 0.0180583 	 0.949 	 0 
0.0694598 	 0.0155676 	 0.949 	 0 
0.0694521 	 0.0125959 	 0.949 	 0 
0.0694443 	 0.00865588 	 0.949 	 0 
0.0694366 	 0.00516215 	 0.949 	 0 
