0.0003 	 0.299418 	 0.97 
0.0033 	 0.299403 	 0.97 
0.0063 	 0.299194 	 0.97 
0.0093 	 0.298532 	 0.97 
0.0123 	 0.2978 	 0.97 
0.0153 	 0.296792 	 0.97 
0.0183 	 0.295799 	 0.97 
0.0213 	 0.294719 	 0.97 
0.0243 	 0.293552 	 0.97 
0.0273 	 0.292307 	 0.97 
0.0303 	 0.29099 	 0.97 
0.0333 	 0.28961 	 0.97 
0.0363 	 0.288173 	 0.97 
0.0393 	 0.286684 	 0.97 
0.0423 	 0.285171 	 0.97 
0.0453 	 0.283643 	 0.97 
0.0483 	 0.282077 	 0.97 
0.0513 	 0.280477 	 0.97 
0.0543 	 0.278846 	 0.97 
0.0573 	 0.277188 	 0.97 
0.0603 	 0.275503 	 0.97 
0.0633 	 0.273797 	 0.97 
0.0663 	 0.271944 	 0.97 
0.0693 	 0.270311 	 0.97 
0.0723 	 0.268434 	 0.97 
0.0753 	 0.266771 	 0.97 
0.0783 	 0.264866 	 0.97 
0.0813 	 0.263059 	 0.97 
0.0843 	 0.261247 	 0.97 
0.0873 	 0.259427 	 0.97 
0.0903 	 0.2576 	 0.97 
0.0933 	 0.255767 	 0.97 
0.0963 	 0.253929 	 0.97 
0.0993 	 0.252087 	 0.97 
0.1023 	 0.250242 	 0.97 
0.1053 	 0.248395 	 0.97 
0.1083 	 0.246547 	 0.97 
0.1113 	 0.244699 	 0.97 
0.1143 	 0.242851 	 0.97 
0.1173 	 0.241004 	 0.97 
0.1203 	 0.239158 	 0.97 
0.1233 	 0.237315 	 0.97 
0.1263 	 0.235475 	 0.97 
0.1293 	 0.233639 	 0.97 
0.1323 	 0.231807 	 0.97 
0.1353 	 0.229978 	 0.97 
0.1383 	 0.228155 	 0.97 
0.1413 	 0.226338 	 0.97 
0.1443 	 0.224526 	 0.97 
0.1473 	 0.22272 	 0.97 
0.1503 	 0.22092 	 0.97 
0.1533 	 0.219128 	 0.97 
0.1563 	 0.217356 	 0.97 
0.1593 	 0.215626 	 0.97 
0.1623 	 0.213902 	 0.97 
0.1653 	 0.212186 	 0.97 
0.1683 	 0.210477 	 0.97 
0.1713 	 0.208776 	 0.97 
0.1743 	 0.207083 	 0.97 
0.1773 	 0.205398 	 0.97 
0.1803 	 0.203721 	 0.97 
0.1833 	 0.202053 	 0.97 
0.1863 	 0.200393 	 0.97 
0.1893 	 0.198742 	 0.97 
0.1923 	 0.1971 	 0.97 
0.1953 	 0.195467 	 0.97 
0.1983 	 0.193843 	 0.97 
0.2013 	 0.192229 	 0.97 
0.2043 	 0.190624 	 0.97 
0.2073 	 0.189029 	 0.97 
0.2103 	 0.187443 	 0.97 
0.2133 	 0.185867 	 0.97 
0.2163 	 0.184301 	 0.97 
0.2193 	 0.182744 	 0.97 
0.2223 	 0.181198 	 0.97 
0.2253 	 0.179662 	 0.97 
0.2283 	 0.178136 	 0.97 
0.2313 	 0.17662 	 0.97 
0.2343 	 0.175114 	 0.97 
0.2373 	 0.173618 	 0.97 
0.2403 	 0.172133 	 0.97 
0.2433 	 0.170658 	 0.97 
0.2463 	 0.169194 	 0.97 
0.2493 	 0.167739 	 0.97 
0.2523 	 0.166296 	 0.97 
0.2553 	 0.164862 	 0.97 
0.2583 	 0.16344 	 0.97 
0.2613 	 0.162027 	 0.97 
0.2643 	 0.160625 	 0.97 
0.2673 	 0.159234 	 0.97 
0.2703 	 0.157853 	 0.97 
0.2733 	 0.156483 	 0.97 
0.2763 	 0.155123 	 0.97 
0.2793 	 0.153773 	 0.97 
0.2823 	 0.152434 	 0.97 
0.2853 	 0.151106 	 0.97 
0.2883 	 0.149788 	 0.97 
0.2913 	 0.14848 	 0.97 
0.2943 	 0.147183 	 0.97 
0.2973 	 0.145897 	 0.97 
