xi 	 mu 	 E0 
1 	 0.314 	 -0.30729 
1.1 	 0.316 	 -0.310102 
1.2 	 0.318 	 -0.313339 
1.3 	 0.32 	 -0.31684 
1.4 	 0.321 	 -0.320584 
1.5 	 0.323 	 -0.324275 
1.6 	 0.324 	 -0.32805 
1.7 	 0.325 	 -0.331765 
1.8 	 0.326 	 -0.335391 
1.9 	 0.327 	 -0.338909 
2 	 0.328 	 -0.342309 
2.1 	 0.329 	 -0.345589 
2.2 	 0.329 	 -0.348839 
2.3 	 0.33 	 -0.351864 
2.4 	 0.33 	 -0.35486 
2.5 	 0.331 	 -0.357648 
2.6 	 0.331 	 -0.360416 
2.7 	 0.332 	 -0.362976 
2.8 	 0.332 	 -0.365524 
2.9 	 0.332 	 -0.36797 
3 	 0.333 	 -0.370228 
3.1 	 0.333 	 -0.372483 
3.2 	 0.333 	 -0.374656 
3.3 	 0.333 	 -0.376745 
3.4 	 0.333 	 -0.378761 
3.5 	 0.334 	 -0.380624 
3.6 	 0.334 	 -0.38247 
3.7 	 0.334 	 -0.384271 
3.8 	 0.334 	 -0.386008 
3.9 	 0.334 	 -0.387714 
4 	 0.334 	 -0.389337 
4.1 	 0.334 	 -0.390905 
4.2 	 0.334 	 -0.392421 
4.3 	 0.334 	 -0.393884 
4.4 	 0.334 	 -0.395305 
4.5 	 0.335 	 -0.396607 
4.6 	 0.335 	 -0.397925 
4.7 	 0.335 	 -0.399217 
4.8 	 0.335 	 -0.400471 
4.9 	 0.335 	 -0.401687 
5 	 0.335 	 -0.402867 
5.1 	 0.335 	 -0.404013 
5.2 	 0.335 	 -0.405126 
5.3 	 0.335 	 -0.406209 
5.4 	 0.335 	 -0.407261 
5.5 	 0.335 	 -0.408285 
5.6 	 0.335 	 -0.409281 
5.7 	 0.335 	 -0.410252 
5.8 	 0.335 	 -0.411196 
5.9 	 0.335 	 -0.412119 
6 	 0.335 	 -0.413016 
6.1 	 0.335 	 -0.413891 
6.2 	 0.335 	 -0.414744 
6.3 	 0.335 	 -0.415576 
6.4 	 0.335 	 -0.416389 
6.5 	 0.335 	 -0.417182 
6.6 	 0.335 	 -0.417956 
6.7 	 0.335 	 -0.418712 
6.8 	 0.335 	 -0.419452 
6.9 	 0.335 	 -0.420182 
7 	 0.335 	 -0.420884 
7.1 	 0.335 	 -0.421574 
7.2 	 0.335 	 -0.422257 
7.3 	 0.335 	 -0.422918 
7.4 	 0.335 	 -0.423565 
7.5 	 0.335 	 -0.424199 
7.6 	 0.335 	 -0.424819 
7.7 	 0.335 	 -0.425427 
7.8 	 0.335 	 -0.426022 
7.9 	 0.335 	 -0.426608 
8 	 0.335 	 -0.427179 
8.1 	 0.335 	 -0.42774 
8.2 	 0.335 	 -0.428289 
8.3 	 0.335 	 -0.428828 
8.4 	 0.335 	 -0.429421 
8.5 	 0.335 	 -0.429942 
8.6 	 0.335 	 -0.430452 
8.7 	 0.335 	 -0.430954 
8.8 	 0.335 	 -0.431447 
8.9 	 0.335 	 -0.43193 
9 	 0.335 	 -0.432405 
9.1 	 0.335 	 -0.432871 
9.2 	 0.335 	 -0.43333 
9.3 	 0.335 	 -0.43378 
9.4 	 0.335 	 -0.434225 
9.5 	 0.335 	 -0.43466 
9.6 	 0.335 	 -0.435087 
9.7 	 0.335 	 -0.435508 
9.8 	 0.335 	 -0.435921 
9.9 	 0.335 	 -0.436328 
10 	 0.335 	 -0.436728 
10.1 	 0.335 	 -0.437123 
10.2 	 0.335 	 -0.43751 
10.3 	 0.335 	 -0.437891 
10.4 	 0.335 	 -0.438267 
10.5 	 0.335 	 -0.438636 
10.6 	 0.335 	 -0.439 
10.7 	 0.335 	 -0.439358 
10.8 	 0.335 	 -0.439711 
10.9 	 0.335 	 -0.440058 
