(nBaB^3)^(1/3) = 0.01, (nBaBF^3)^(1/3) = 0.07, mB/mF = 0.175, nB/nF^3 = 100000, kF*aB = 0.000676836, kF*aBF = 0.00473785, (mF/mB)^2*nB/nF^3*kF*aB = 2210.08 

 
T 	 kmax 	 Deltamax 	 mu 	 check 

 
0 	 12 	 0.202913 	 0.624 	 7 
0.0001 	 12 	 0.202888 	 0.624 	 0 
0.0002 	 12 	 0.202879 	 0.624 	 0 
0.0003 	 12 	 0.202876 	 0.624 	 0 
0.0004 	 12 	 0.202875 	 0.624 	 0 
0.0005 	 12 	 0.202875 	 0.624 	 0 
0.0006 	 12 	 0.202874 	 0.624 	 0 
0.0007 	 12 	 0.202874 	 0.624 	 0 
0.0008 	 12 	 0.202874 	 0.624 	 0 
0.0009 	 12 	 0.202874 	 0.624 	 0 
0.001 	 12 	 0.202874 	 0.624 	 0 
0.0011 	 12 	 0.202874 	 0.624 	 0 
0.0012 	 12 	 0.202874 	 0.624 	 0 
0.0013 	 12 	 0.202874 	 0.624 	 0 
0.0014 	 12 	 0.202874 	 0.624 	 0 
0.0015 	 12 	 0.202874 	 0.624 	 0 
0.0016 	 12 	 0.202874 	 0.624 	 0 
0.0017 	 12 	 0.202874 	 0.624 	 0 
0.0018 	 12 	 0.202874 	 0.624 	 0 
0.0019 	 12 	 0.202874 	 0.624 	 0 
0.002 	 12 	 0.202874 	 0.624 	 0 
0.0021 	 12 	 0.202874 	 0.624 	 0 
0.0022 	 12 	 0.202874 	 0.624 	 0 
0.0023 	 12 	 0.202874 	 0.624 	 0 
0.0024 	 12 	 0.202874 	 0.624 	 0 
0.0025 	 12 	 0.202873 	 0.624 	 0 
0.0026 	 12 	 0.202872 	 0.624 	 0 
0.0027 	 12 	 0.202871 	 0.624 	 0 
0.0028 	 12 	 0.202869 	 0.624 	 0 
0.0029 	 12 	 0.202866 	 0.624 	 0 
0.003 	 12 	 0.202862 	 0.624 	 0 
0.0031 	 12 	 0.202857 	 0.624 	 0 
0.0032 	 12 	 0.20285 	 0.624 	 0 
0.0033 	 12 	 0.202841 	 0.624 	 0 
0.0034 	 12 	 0.20283 	 0.624 	 0 
0.0035 	 12 	 0.202816 	 0.624 	 0 
0.0036 	 12 	 0.202799 	 0.624 	 0 
0.0037 	 12 	 0.202778 	 0.624 	 0 
0.0038 	 12 	 0.202753 	 0.624 	 0 
0.0039 	 12 	 0.202724 	 0.624 	 0 
0.004 	 12 	 0.202689 	 0.624 	 0 
0.0041 	 12 	 0.202648 	 0.624 	 0 
0.0042 	 12 	 0.202602 	 0.624 	 0 
0.0043 	 12 	 0.202548 	 0.624 	 0 
0.0044 	 12 	 0.202487 	 0.624 	 0 
0.0045 	 12 	 0.202418 	 0.624 	 0 
0.0046 	 12 	 0.202341 	 0.624 	 0 
0.0047 	 12 	 0.202254 	 0.624 	 0 
0.0048 	 12 	 0.202158 	 0.624 	 0 
0.0049 	 12 	 0.202052 	 0.624 	 0 
0.005 	 12 	 0.201934 	 0.624 	 0 
0.0051 	 12 	 0.201806 	 0.624 	 0 
0.0052 	 12 	 0.201666 	 0.624 	 0 
0.0053 	 12 	 0.201513 	 0.624 	 0 
0.0054 	 12 	 0.201347 	 0.624 	 0 
0.0055 	 12 	 0.201168 	 0.624 	 0 
0.0056 	 12 	 0.200976 	 0.624 	 0 
0.0057 	 12 	 0.200702 	 0.624 	 1 
0.0058 	 12 	 0.200522 	 0.624 	 0 
0.0059 	 12 	 0.200229 	 0.624 	 1 
0.006 	 12 	 0.199962 	 0.624 	 1 
0.0061 	 12 	 0.199685 	 0.624 	 1 
0.0062 	 12 	 0.199392 	 0.624 	 1 
0.0063 	 12 	 0.199081 	 0.624 	 1 
0.0064 	 12 	 0.198752 	 0.624 	 1 
0.0065 	 12 	 0.198406 	 0.624 	 1 
0.0066 	 12 	 0.19804 	 0.624 	 1 
0.0067 	 12 	 0.197655 	 0.624 	 1 
0.0068 	 12 	 0.197251 	 0.624 	 1 
0.0069 	 12 	 0.196827 	 0.624 	 1 
0.007 	 12 	 0.196383 	 0.624 	 1 
0.0071 	 12 	 0.195918 	 0.624 	 1 
0.0072 	 12 	 0.195432 	 0.624 	 1 
0.0073 	 12 	 0.194924 	 0.624 	 1 
0.0074 	 12 	 0.194394 	 0.624 	 1 
0.0075 	 12 	 0.193842 	 0.624 	 1 
0.0076 	 12 	 0.193268 	 0.624 	 1 
0.0077 	 12 	 0.19267 	 0.624 	 1 
0.0078 	 12 	 0.192048 	 0.624 	 1 
0.0079 	 12 	 0.191403 	 0.624 	 1 
0.008 	 12 	 0.190733 	 0.624 	 1 
0.0081 	 12 	 0.190039 	 0.624 	 1 
0.0082 	 12 	 0.18923 	 0.624 	 2 
0.0083 	 12 	 0.188553 	 0.624 	 1 
0.0084 	 12 	 0.1877 	 0.624 	 2 
0.0085 	 12 	 0.186887 	 0.624 	 2 
0.0086 	 12 	 0.186054 	 0.624 	 2 
0.0087 	 12 	 0.185194 	 0.624 	 2 
0.0088 	 12 	 0.184305 	 0.624 	 2 
0.0089 	 12 	 0.183388 	 0.624 	 2 
0.009 	 12 	 0.182442 	 0.624 	 2 
0.0091 	 12 	 0.181465 	 0.624 	 2 
0.0092 	 12 	 0.180458 	 0.624 	 2 
0.0093 	 12 	 0.17942 	 0.624 	 2 
0.0094 	 12 	 0.17835 	 0.624 	 2 
0.0095 	 12 	 0.177248 	 0.624 	 2 
0.0096 	 12 	 0.176112 	 0.624 	 2 
0.0097 	 12 	 0.174943 	 0.624 	 2 
0.0098 	 12 	 0.173638 	 0.624 	 3 
0.0099 	 12 	 0.17248 	 0.624 	 2 
0.01 	 12 	 0.171109 	 0.624 	 3 
0.0101 	 12 	 0.169778 	 0.624 	 3 
0.0102 	 12 	 0.168418 	 0.624 	 3 
0.0103 	 12 	 0.16702 	 0.624 	 3 
0.0104 	 12 	 0.165583 	 0.624 	 3 
0.0105 	 12 	 0.164104 	 0.624 	 3 
0.0106 	 12 	 0.162583 	 0.624 	 3 
0.0107 	 12 	 0.161019 	 0.624 	 3 
0.0108 	 12 	 0.159302 	 0.624 	 4 
0.0109 	 12 	 0.157625 	 0.624 	 4 
0.011 	 12 	 0.155911 	 0.624 	 4 
0.0111 	 12 	 0.154149 	 0.624 	 4 
0.0112 	 12 	 0.152337 	 0.624 	 4 
0.0113 	 12 	 0.150472 	 0.624 	 4 
0.0114 	 12 	 0.148446 	 0.624 	 5 
0.0115 	 12 	 0.146448 	 0.624 	 5 
0.0116 	 12 	 0.1444 	 0.624 	 5 
0.0117 	 12 	 0.142293 	 0.624 	 5 
0.0118 	 12 	 0.140122 	 0.624 	 5 
0.0119 	 12 	 0.137775 	 0.624 	 6 
0.012 	 12 	 0.135442 	 0.624 	 6 
0.0121 	 12 	 0.133047 	 0.624 	 6 
0.0122 	 12 	 0.130471 	 0.624 	 7 
0.0123 	 12 	 0.127894 	 0.624 	 7 
0.0124 	 12 	 0.125242 	 0.624 	 7 
0.0125 	 12 	 0.122393 	 0.624 	 8 
0.0126 	 12 	 0.119527 	 0.624 	 8 
0.0127 	 12 	 0.116465 	 0.624 	 9 
0.0128 	 12 	 0.113274 	 0.624 	 10 
0.0129 	 12 	 0.110046 	 0.624 	 10 
0.013 	 12 	 0.1066 	 0.624 	 11 
0.0131 	 12 	 0.10299 	 0.624 	 12 
0.0132 	 12 	 0.0992115 	 0.624 	 13 
0.0133 	 12 	 0.0952476 	 0.624 	 14 
0.0134 	 12 	 0.0909904 	 0.624 	 16 
0.0135 	 12 	 0.0864885 	 0.624 	 18 
0.0136 	 12 	 0.0817161 	 0.624 	 20 
0.0137 	 12 	 0.0765547 	 0.624 	 23 
0.0138 	 12 	 0.0709404 	 0.624 	 27 
0.0139 	 12 	 0.064733 	 0.624 	 33 
0.014 	 12 	 0.057819 	 0.624 	 41 
0.0141 	 12 	 0.0498655 	 0.624 	 54 
0.0142 	 12 	 0.0401776 	 0.624 	 81 
0.0143 	 12 	 0.0271052 	 0.624 	 156 
0.0144 	 12 	 0.00228545 	 0.624 	 1000 
0.0145 	 0 	 0 	 0.624 	 0 


0 	 0.202983 
0.0001 	 0.202983 
0.0002 	 0.202983 
0.0003 	 0.202982 
0.0004 	 0.202981 
0.0005 	 0.202979 
0.0006 	 0.202976 
0.0007 	 0.202972 
0.0008 	 0.202966 
0.0009 	 0.202959 
0.001 	 0.20295 
0.0011 	 0.202939 
0.0012 	 0.202926 
0.0013 	 0.20291 
0.0014 	 0.202892 
0.0015 	 0.202871 
0.0016 	 0.202847 
0.0017 	 0.20282 
0.0018 	 0.202789 
0.0019 	 0.202755 
0.002 	 0.202717 
0.0021 	 0.202675 
0.0022 	 0.202628 
0.0023 	 0.202578 
0.0024 	 0.202522 
0.0025 	 0.202462 
0.0026 	 0.202397 
0.0027 	 0.202327 
0.0028 	 0.202251 
0.0029 	 0.20217 
0.003 	 0.202082 
0.0031 	 0.201989 
0.0032 	 0.201889 
0.0033 	 0.201783 
0.0034 	 0.20167 
0.0035 	 0.201551 
0.0036 	 0.201424 
0.0037 	 0.20129 
0.0038 	 0.201148 
0.0039 	 0.200999 
0.004 	 0.200841 
0.0041 	 0.200676 
0.0042 	 0.200502 
0.0043 	 0.200319 
0.0044 	 0.200127 
0.0045 	 0.199927 
0.0046 	 0.199716 
0.0047 	 0.199497 
0.0048 	 0.199267 
0.0049 	 0.199028 
0.005 	 0.198778 
0.0051 	 0.198518 
0.0052 	 0.198247 
0.0053 	 0.197965 
0.0054 	 0.197672 
0.0055 	 0.197367 
0.0056 	 0.19705 
0.0057 	 0.196721 
0.0058 	 0.19638 
0.0059 	 0.196027 
0.006 	 0.19566 
0.0061 	 0.195281 
0.0062 	 0.194888 
0.0063 	 0.194481 
0.0064 	 0.19406 
0.0065 	 0.193625 
0.0066 	 0.193175 
0.0067 	 0.192711 
0.0068 	 0.192231 
0.0069 	 0.191735 
0.007 	 0.191224 
0.0071 	 0.190696 
0.0072 	 0.190152 
0.0073 	 0.189591 
0.0074 	 0.189012 
0.0075 	 0.188416 
0.0076 	 0.187802 
0.0077 	 0.187169 
0.0078 	 0.186517 
0.0079 	 0.185846 
0.008 	 0.185155 
0.0081 	 0.184444 
0.0082 	 0.183713 
0.0083 	 0.18296 
0.0084 	 0.182186 
0.0085 	 0.18139 
0.0086 	 0.180571 
0.0087 	 0.179729 
0.0088 	 0.178863 
0.0089 	 0.177973 
0.009 	 0.177059 
0.0091 	 0.176118 
0.0092 	 0.175152 
0.0093 	 0.174159 
0.0094 	 0.173138 
0.0095 	 0.172089 
0.0096 	 0.171012 
0.0097 	 0.169904 
0.0098 	 0.168766 
0.0099 	 0.167596 
0.01 	 0.166395 
0.0101 	 0.165159 
0.0102 	 0.16389 
0.0103 	 0.162585 
0.0104 	 0.161244 
0.0105 	 0.159865 
0.0106 	 0.158447 
0.0107 	 0.15699 
0.0108 	 0.15549 
0.0109 	 0.153948 
0.011 	 0.15236 
0.0111 	 0.150727 
0.0112 	 0.149046 
0.0113 	 0.147314 
0.0114 	 0.14553 
0.0115 	 0.143693 
0.0116 	 0.141798 
0.0117 	 0.139844 
0.0118 	 0.137828 
0.0119 	 0.135747 
0.012 	 0.133597 
0.0121 	 0.131375 
0.0122 	 0.129077 
0.0123 	 0.126699 
0.0124 	 0.124234 
0.0125 	 0.121679 
0.0126 	 0.119026 
0.0127 	 0.116268 
0.0128 	 0.113398 
0.0129 	 0.110407 
0.013 	 0.107283 
0.0131 	 0.104015 
0.0132 	 0.100589 
0.0133 	 0.096986 
0.0134 	 0.0931862 
0.0135 	 0.0891639 
0.0136 	 0.0848869 
0.0137 	 0.080314 
0.0138 	 0.0753908 
0.0139 	 0.070043 
0.014 	 0.0641639 
0.0141 	 0.0575902 
0.0142 	 0.0500483 
0.0143 	 0.0410062 
0.0144 	 0.0290963 
0.0145 	 0 
