k 	 Deltak 	 epsilonk 	 site 	 Deltai 	 check 
-3.14159 	 7.97754e-17 	 0 	 0 	 0 	 19 
-3.11018 	 0.0204174 	 0.00147983 	 1 	 0.0102416 	 19 
-3.07876 	 0.039905 	 0.00591203 	 2 	 0.030968 	 19 
-3.04734 	 0.0576548 	 0.0132747 	 3 	 -0.0152889 	 19 
-3.01593 	 0.0730653 	 0.0235315 	 4 	 0.00469048 	 19 
-2.98451 	 0.0857757 	 0.0366318 	 5 	 -0.0136412 	 19 
-2.9531 	 0.0956515 	 0.0525108 	 6 	 0.00633911 	 19 
-2.92168 	 0.102742 	 0.0710897 	 7 	 -0.00188363 	 19 
-2.89027 	 0.107232 	 0.0922765 	 8 	 0.00435918 	 19 
-2.85885 	 0.109387 	 0.115966 	 9 	 -0.00186836 	 19 
-2.82743 	 0.109524 	 0.14204 	 10 	 0.000424254 	 19 
-2.79602 	 0.107973 	 0.170368 	 11 	 -0.00130558 	 19 
-2.7646 	 0.105061 	 0.200808 	 12 	 0.00052176 	 19 
-2.73319 	 0.101096 	 0.233208 	 13 	 -7.65044e-05 	 19 
-2.70177 	 0.0963558 	 0.267403 	 14 	 0.000409058 	 19 
-2.67035 	 0.0910838 	 0.303221 	 15 	 -0.000157367 	 19 
-2.63894 	 0.085487 	 0.34048 	 16 	 1.47904e-05 	 19 
-2.60752 	 0.0797357 	 0.378988 	 17 	 -0.000138 	 19 
-2.57611 	 0.0739656 	 0.418549 	 18 	 5.29022e-05 	 19 
-2.54469 	 0.0682811 	 0.458956 	 19 	 -4.49521e-06 	 19 
-2.51327 	 0.0627594 	 0.5 	 20 	 4.91901e-05 	 19 
-2.48186 	 0.0574546 	 0.541465 	 21 	 -1.91286e-05 	 19 
-2.45044 	 0.0524016 	 0.583132 	 22 	 1.96021e-06 	 19 
-2.41903 	 0.04762 	 0.624778 	 23 	 -1.80345e-05 	 19 
-2.38761 	 0.0431175 	 0.666178 	 24 	 7.13893e-06 	 19 
-2.35619 	 0.0388928 	 0.707107 	 25 	 -9.06901e-07 	 19 
-2.32478 	 0.0349377 	 0.747338 	 26 	 6.69281e-06 	 19 
-2.29336 	 0.0312393 	 0.786645 	 27 	 -2.69371e-06 	 19 
-2.26195 	 0.0277815 	 0.824805 	 28 	 4.07297e-07 	 19 
-2.23053 	 0.0245458 	 0.861597 	 29 	 -2.49951e-06 	 19 
-2.19911 	 0.0215129 	 0.896802 	 30 	 1.02185e-06 	 19 
-2.1677 	 0.0186626 	 0.930208 	 31 	 -1.78229e-07 	 19 
-2.13628 	 0.0159746 	 0.961606 	 32 	 9.3829e-07 	 19 
-2.10487 	 0.0134289 	 0.990795 	 33 	 -3.89632e-07 	 19 
-2.07345 	 0.0110058 	 1.01758 	 34 	 7.69728e-08 	 19 
-2.04204 	 0.00868593 	 1.04178 	 35 	 -3.54005e-07 	 19 
-2.01062 	 0.00645042 	 1.0632 	 36 	 1.49372e-07 	 19 
-1.9792 	 0.0042808 	 1.08169 	 37 	 -3.30111e-08 	 19 
-1.94779 	 0.00215894 	 1.09709 	 38 	 1.3419e-07 	 19 
-1.91637 	 6.69112e-05 	 1.10925 	 39 	 -5.75439e-08 	 19 
-1.88496 	 -0.00201313 	 1.11803 	 40 	 1.40749e-08 	 19 
-1.85354 	 -0.00409906 	 1.12332 	 41 	 -5.10687e-08 	 19 
-1.82212 	 -0.00620902 	 1.125 	 42 	 2.22516e-08 	 19 
-1.79071 	 -0.00836146 	 1.12297 	 43 	 -5.96356e-09 	 19 
-1.75929 	 -0.0105754 	 1.11716 	 44 	 1.94953e-08 	 19 
-1.72788 	 -0.0128705 	 1.10749 	 45 	 -8.62582e-09 	 19 
-1.69646 	 -0.0152673 	 1.09392 	 46 	 2.51054e-09 	 19 
-1.66504 	 -0.0177872 	 1.0764 	 47 	 -7.45809e-09 	 19 
-1.63363 	 -0.0204523 	 1.05491 	 48 	 3.34808e-09 	 19 
-1.60221 	 -0.0232859 	 1.02944 	 49 	 -1.05094e-09 	 19 
-1.5708 	 -0.0263116 	 1 	 50 	 2.85598e-09 	 19 
-1.53938 	 -0.0295534 	 0.966616 	 51 	 -1.29975e-09 	 19 
-1.50796 	 -0.0330347 	 0.929324 	 52 	 4.385e-10 	 19 
-1.47655 	 -0.0367771 	 0.888179 	 53 	 -1.09289e-09 	 19 
-1.44513 	 -0.0407987 	 0.84325 	 54 	 5.04083e-10 	 19 
-1.41372 	 -0.0451117 	 0.794622 	 55 	 -1.83333e-10 	 19 
-1.3823 	 -0.0497181 	 0.742395 	 56 	 4.16586e-10 	 19 
-1.35088 	 -0.0546051 	 0.686684 	 57 	 -1.95085e-10 	 19 
-1.31947 	 -0.0597386 	 0.627617 	 58 	 7.76751e-11 	 19 
-1.28805 	 -0.065055 	 0.565337 	 59 	 -1.57053e-10 	 19 
-1.25664 	 -0.0704525 	 0.5 	 60 	 7.5265e-11 	 19 
-1.22522 	 -0.0757836 	 0.431775 	 61 	 -3.41073e-11 	 19 
-1.19381 	 -0.0808512 	 0.360844 	 62 	 5.75401e-11 	 19 
-1.16239 	 -0.0854125 	 0.287399 	 63 	 -2.89558e-11 	 19 
-1.13097 	 -0.0891961 	 0.211645 	 64 	 1.61341e-11 	 19 
-1.09956 	 -0.0919333 	 0.133795 	 65 	 -1.95014e-11 	 19 
-1.06814 	 -0.0934015 	 0.0540731 	 66 	 1.11716e-11 	 19 
-1.03673 	 -0.093468 	 -0.0272877 	 67 	 -8.63671e-12 	 19 
-1.00531 	 -0.0921204 	 -0.110048 	 68 	 5.07492e-12 	 19 
-0.973894 	 -0.0894707 	 -0.193959 	 69 	 -4.4289e-12 	 19 
-0.942478 	 -0.0857308 	 -0.278768 	 70 	 5.39753e-12 	 19 
-0.911062 	 -0.0811709 	 -0.364217 	 71 	 2.91145e-13 	 19 
-0.879646 	 -0.0760732 	 -0.450043 	 72 	 1.9439e-12 	 19 
-0.84823 	 -0.0706965 	 -0.535979 	 73 	 -3.8794e-12 	 19 
-0.816814 	 -0.0652547 	 -0.621757 	 74 	 -2.18927e-12 	 19 
-0.785398 	 -0.0599097 	 -0.707107 	 75 	 -1.09182e-12 	 19 
-0.753982 	 -0.0547743 	 -0.791759 	 76 	 3.05465e-12 	 19 
-0.722566 	 -0.0499193 	 -0.875444 	 77 	 2.76646e-12 	 19 
-0.69115 	 -0.0453833 	 -0.957895 	 78 	 8.61307e-13 	 19 
-0.659734 	 -0.0411811 	 -1.03884 	 79 	 -2.51023e-12 	 19 
-0.628319 	 -0.0373108 	 -1.11803 	 80 	 -2.84587e-12 	 19 
-0.596903 	 -0.0337602 	 -1.19521 	 81 	 -8.65558e-13 	 19 
-0.565487 	 -0.0305103 	 -1.27011 	 82 	 2.08124e-12 	 19 
-0.534071 	 -0.0275387 	 -1.3425 	 83 	 2.74214e-12 	 19 
-0.502655 	 -0.0248215 	 -1.41213 	 84 	 9.57949e-13 	 19 
-0.471239 	 -0.0223346 	 -1.47879 	 85 	 -1.70186e-12 	 19 
-0.439823 	 -0.0200549 	 -1.54225 	 86 	 -2.57536e-12 	 19 
-0.408407 	 -0.0179601 	 -1.6023 	 87 	 -1.084e-12 	 19 
-0.376991 	 -0.0160295 	 -1.65875 	 88 	 1.34548e-12 	 19 
-0.345575 	 -0.014244 	 -1.71139 	 89 	 2.39092e-12 	 19 
-0.314159 	 -0.0125858 	 -1.76007 	 90 	 1.22405e-12 	 19 
-0.282743 	 -0.0110389 	 -1.80462 	 91 	 -1.00145e-12 	 19 
-0.251327 	 -0.00958825 	 -1.84489 	 92 	 -2.20553e-12 	 19 
-0.219911 	 -0.0082203 	 -1.88074 	 93 	 -1.3718e-12 	 19 
-0.188496 	 -0.00692243 	 -1.91206 	 94 	 6.64254e-13 	 19 
-0.15708 	 -0.00568296 	 -1.93874 	 95 	 2.02527e-12 	 19 
-0.125664 	 -0.00449101 	 -1.9607 	 96 	 1.52562e-12 	 19 
-0.0942478 	 -0.00333631 	 -1.97785 	 97 	 -3.31186e-13 	 19 
-0.0628319 	 -0.00220911 	 -1.99014 	 98 	 -1.85173e-12 	 19 
-0.0314159 	 -0.00110006 	 -1.99753 	 99 	 -1.68542e-12 	 19 
4.44089e-16 	 1.31168e-17 	 -2 	 100 	 -2.22772e-18 	 19 
0.0314159 	 0.00110006 	 -1.99753 	 101 	 1.68535e-12 	 19 
0.0628319 	 0.00220911 	 -1.99014 	 102 	 1.85181e-12 	 19 
0.0942478 	 0.00333631 	 -1.97785 	 103 	 3.31214e-13 	 19 
0.125664 	 0.00449101 	 -1.9607 	 104 	 -1.52545e-12 	 19 
0.15708 	 0.00568296 	 -1.93874 	 105 	 -2.02528e-12 	 19 
0.188496 	 0.00692243 	 -1.91206 	 106 	 -6.64276e-13 	 19 
0.219911 	 0.0082203 	 -1.88074 	 107 	 1.37172e-12 	 19 
0.251327 	 0.00958825 	 -1.84489 	 108 	 2.20554e-12 	 19 
0.282743 	 0.0110389 	 -1.80462 	 109 	 1.00133e-12 	 19 
0.314159 	 0.0125858 	 -1.76007 	 110 	 -1.22394e-12 	 19 
0.345575 	 0.014244 	 -1.71139 	 111 	 -2.39094e-12 	 19 
0.376991 	 0.0160295 	 -1.65875 	 112 	 -1.34561e-12 	 19 
0.408407 	 0.0179601 	 -1.6023 	 113 	 1.08392e-12 	 19 
0.439823 	 0.0200549 	 -1.54225 	 114 	 2.57545e-12 	 19 
0.471239 	 0.0223346 	 -1.47879 	 115 	 1.70172e-12 	 19 
0.502655 	 0.0248215 	 -1.41213 	 116 	 -9.57893e-13 	 19 
0.534071 	 0.0275387 	 -1.3425 	 117 	 -2.74221e-12 	 19 
0.565487 	 0.0305103 	 -1.27011 	 118 	 -2.08132e-12 	 19 
0.596903 	 0.0337602 	 -1.19521 	 119 	 8.65612e-13 	 19 
0.628319 	 0.0373108 	 -1.11803 	 120 	 2.84564e-12 	 19 
0.659734 	 0.0411811 	 -1.03884 	 121 	 2.51052e-12 	 19 
0.69115 	 0.0453833 	 -0.957895 	 122 	 -8.61271e-13 	 19 
0.722566 	 0.0499193 	 -0.875444 	 123 	 -2.76632e-12 	 19 
0.753982 	 0.0547743 	 -0.791759 	 124 	 -3.05485e-12 	 19 
0.785398 	 0.0599097 	 -0.707107 	 125 	 1.09175e-12 	 19 
0.816814 	 0.0652547 	 -0.621757 	 126 	 2.18928e-12 	 19 
0.84823 	 0.0706965 	 -0.535979 	 127 	 3.87944e-12 	 19 
0.879646 	 0.0760732 	 -0.450043 	 128 	 -1.9438e-12 	 19 
0.911062 	 0.0811709 	 -0.364217 	 129 	 -2.91177e-13 	 19 
0.942478 	 0.0857308 	 -0.278768 	 130 	 -5.39746e-12 	 19 
0.973894 	 0.0894707 	 -0.193959 	 131 	 4.42888e-12 	 19 
1.00531 	 0.0921204 	 -0.110048 	 132 	 -5.07494e-12 	 19 
1.03673 	 0.093468 	 -0.0272877 	 133 	 8.63665e-12 	 19 
1.06814 	 0.0934015 	 0.0540731 	 134 	 -1.11714e-11 	 19 
1.09956 	 0.0919333 	 0.133795 	 135 	 1.95014e-11 	 19 
1.13097 	 0.0891961 	 0.211645 	 136 	 -1.6134e-11 	 19 
1.16239 	 0.0854125 	 0.287399 	 137 	 2.89558e-11 	 19 
1.19381 	 0.0808512 	 0.360844 	 138 	 -5.75401e-11 	 19 
1.22522 	 0.0757836 	 0.431775 	 139 	 3.41071e-11 	 19 
1.25664 	 0.0704525 	 0.5 	 140 	 -7.52651e-11 	 19 
1.28805 	 0.065055 	 0.565337 	 141 	 1.57053e-10 	 19 
1.31947 	 0.0597386 	 0.627617 	 142 	 -7.76751e-11 	 19 
1.35088 	 0.0546051 	 0.686684 	 143 	 1.95085e-10 	 19 
1.3823 	 0.049718 	 0.742395 	 144 	 -4.16586e-10 	 19 
1.41372 	 0.0451117 	 0.794622 	 145 	 1.83333e-10 	 19 
1.44513 	 0.0407987 	 0.84325 	 146 	 -5.04083e-10 	 19 
1.47655 	 0.0367771 	 0.888179 	 147 	 1.09289e-09 	 19 
1.50796 	 0.0330347 	 0.929324 	 148 	 -4.385e-10 	 19 
1.53938 	 0.0295534 	 0.966616 	 149 	 1.29975e-09 	 19 
1.5708 	 0.0263116 	 1 	 150 	 -2.85598e-09 	 19 
1.60221 	 0.0232859 	 1.02944 	 151 	 1.05094e-09 	 19 
1.63363 	 0.0204523 	 1.05491 	 152 	 -3.34808e-09 	 19 
1.66504 	 0.0177871 	 1.0764 	 153 	 7.45809e-09 	 19 
1.69646 	 0.0152673 	 1.09392 	 154 	 -2.51054e-09 	 19 
1.72788 	 0.0128705 	 1.10749 	 155 	 8.62582e-09 	 19 
1.75929 	 0.0105754 	 1.11716 	 156 	 -1.94953e-08 	 19 
1.79071 	 0.00836145 	 1.12297 	 157 	 5.96356e-09 	 19 
1.82212 	 0.00620901 	 1.125 	 158 	 -2.22516e-08 	 19 
1.85354 	 0.00409906 	 1.12332 	 159 	 5.10687e-08 	 19 
1.88496 	 0.00201312 	 1.11803 	 160 	 -1.40749e-08 	 19 
1.91637 	 -6.69164e-05 	 1.10925 	 161 	 5.75439e-08 	 19 
1.94779 	 -0.00215895 	 1.09709 	 162 	 -1.3419e-07 	 19 
1.9792 	 -0.0042808 	 1.08169 	 163 	 3.30111e-08 	 19 
2.01062 	 -0.00645042 	 1.0632 	 164 	 -1.49372e-07 	 19 
2.04204 	 -0.00868593 	 1.04178 	 165 	 3.54005e-07 	 19 
2.07345 	 -0.0110058 	 1.01758 	 166 	 -7.69728e-08 	 19 
2.10487 	 -0.0134289 	 0.990795 	 167 	 3.89632e-07 	 19 
2.13628 	 -0.0159746 	 0.961606 	 168 	 -9.3829e-07 	 19 
2.1677 	 -0.0186626 	 0.930208 	 169 	 1.78229e-07 	 19 
2.19911 	 -0.0215129 	 0.896802 	 170 	 -1.02185e-06 	 19 
2.23053 	 -0.0245458 	 0.861597 	 171 	 2.49951e-06 	 19 
2.26195 	 -0.0277815 	 0.824805 	 172 	 -4.07297e-07 	 19 
2.29336 	 -0.0312393 	 0.786645 	 173 	 2.69371e-06 	 19 
2.32478 	 -0.0349377 	 0.747338 	 174 	 -6.69281e-06 	 19 
2.35619 	 -0.0388928 	 0.707107 	 175 	 9.06901e-07 	 19 
2.38761 	 -0.0431175 	 0.666178 	 176 	 -7.13893e-06 	 19 
2.41903 	 -0.04762 	 0.624778 	 177 	 1.80345e-05 	 19 
2.45044 	 -0.0524016 	 0.583132 	 178 	 -1.96021e-06 	 19 
2.48186 	 -0.0574546 	 0.541465 	 179 	 1.91286e-05 	 19 
2.51327 	 -0.0627594 	 0.5 	 180 	 -4.91901e-05 	 19 
2.54469 	 -0.0682811 	 0.458956 	 181 	 4.49521e-06 	 19 
2.57611 	 -0.0739656 	 0.418549 	 182 	 -5.29022e-05 	 19 
2.60752 	 -0.0797357 	 0.378988 	 183 	 0.000138 	 19 
2.63894 	 -0.085487 	 0.34048 	 184 	 -1.47904e-05 	 19 
2.67035 	 -0.0910838 	 0.303221 	 185 	 0.000157367 	 19 
2.70177 	 -0.0963558 	 0.267403 	 186 	 -0.000409058 	 19 
2.73319 	 -0.101096 	 0.233208 	 187 	 7.65044e-05 	 19 
2.7646 	 -0.105061 	 0.200808 	 188 	 -0.00052176 	 19 
2.79602 	 -0.107973 	 0.170368 	 189 	 0.00130558 	 19 
2.82743 	 -0.109524 	 0.14204 	 190 	 -0.000424254 	 19 
2.85885 	 -0.109387 	 0.115966 	 191 	 0.00186836 	 19 
2.89027 	 -0.107232 	 0.0922765 	 192 	 -0.00435918 	 19 
2.92168 	 -0.102742 	 0.0710897 	 193 	 0.00188363 	 19 
2.9531 	 -0.0956515 	 0.0525108 	 194 	 -0.00633911 	 19 
2.98451 	 -0.0857758 	 0.0366318 	 195 	 0.0136412 	 19 
3.01593 	 -0.0730653 	 0.0235315 	 196 	 -0.00469048 	 19 
3.04734 	 -0.0576548 	 0.0132747 	 197 	 0.0152889 	 19 
3.07876 	 -0.039905 	 0.00591203 	 198 	 -0.030968 	 19 
3.11018 	 -0.0204174 	 0.00147983 	 199 	 -0.0102416 	 19 
