fill 	 mu 	 muteo 
0 	 -3 	 -1 
0.005 	 -3 	 -0.999877 
0.01 	 -0.999 	 -0.999507 
0.015 	 -0.999 	 -0.99889 
0.02 	 -0.999 	 -0.998027 
0.025 	 -0.998 	 -0.996917 
0.03 	 -0.996 	 -0.995562 
0.035 	 -0.994 	 -0.993961 
0.04 	 -0.994 	 -0.992115 
0.045 	 -0.992 	 -0.990024 
0.05 	 -0.989 	 -0.987688 
0.055 	 -0.985 	 -0.985109 
0.06 	 -0.985 	 -0.982287 
0.065 	 -0.982 	 -0.979223 
0.07 	 -0.978 	 -0.975917 
0.075 	 -0.973 	 -0.97237 
0.08 	 -0.968 	 -0.968583 
0.085 	 -0.968 	 -0.964557 
0.09 	 -0.963 	 -0.960294 
0.095 	 -0.957 	 -0.955793 
0.1 	 -0.951 	 -0.951057 
0.105 	 -0.951 	 -0.946085 
0.11 	 -0.944 	 -0.940881 
0.115 	 -0.937 	 -0.935444 
0.12 	 -0.929 	 -0.929776 
0.125 	 -0.929 	 -0.92388 
0.13 	 -0.921 	 -0.917755 
0.135 	 -0.913 	 -0.911403 
0.14 	 -0.904 	 -0.904827 
0.145 	 -0.904 	 -0.898028 
0.15 	 -0.895 	 -0.891007 
0.155 	 -0.886 	 -0.883766 
0.16 	 -0.876 	 -0.876307 
0.165 	 -0.876 	 -0.868632 
0.17 	 -0.866 	 -0.860742 
0.175 	 -0.855 	 -0.85264 
0.18 	 -0.844 	 -0.844328 
0.185 	 -0.844 	 -0.835807 
0.19 	 -0.832 	 -0.827081 
0.195 	 -0.821 	 -0.81815 
0.2 	 -0.809 	 -0.809017 
0.205 	 -0.809 	 -0.799685 
0.21 	 -0.796 	 -0.790155 
0.215 	 -0.783 	 -0.78043 
0.22 	 -0.77 	 -0.770513 
0.225 	 -0.77 	 -0.760406 
0.23 	 -0.756 	 -0.750111 
0.235 	 -0.743 	 -0.739631 
0.24 	 -0.728 	 -0.728969 
0.245 	 -0.728 	 -0.718126 
0.25 	 -0.714 	 -0.707107 
0.255 	 -0.699 	 -0.695913 
0.26 	 -0.684 	 -0.684547 
0.265 	 -0.684 	 -0.673013 
0.27 	 -0.669 	 -0.661312 
0.275 	 -0.653 	 -0.649448 
0.28 	 -0.637 	 -0.637424 
0.285 	 -0.637 	 -0.625243 
0.29 	 -0.621 	 -0.612907 
0.295 	 -0.604 	 -0.60042 
0.3 	 -0.604 	 -0.587785 
0.305 	 -0.587 	 -0.575005 
0.31 	 -0.57 	 -0.562083 
0.315 	 -0.553 	 -0.549023 
0.32 	 -0.553 	 -0.535827 
0.325 	 -0.535 	 -0.522499 
0.33 	 -0.518 	 -0.509041 
0.335 	 -0.5 	 -0.495459 
0.34 	 -0.499 	 -0.481754 
0.345 	 -0.481 	 -0.46793 
0.35 	 -0.463 	 -0.45399 
0.355 	 -0.444 	 -0.439939 
0.36 	 -0.444 	 -0.425779 
0.365 	 -0.425 	 -0.411514 
0.37 	 -0.406 	 -0.397148 
0.375 	 -0.387 	 -0.382683 
0.38 	 -0.387 	 -0.368125 
0.385 	 -0.368 	 -0.353475 
0.39 	 -0.348 	 -0.338738 
0.395 	 -0.328 	 -0.323917 
0.4 	 -0.328 	 -0.309017 
0.405 	 -0.309 	 -0.29404 
0.41 	 -0.289 	 -0.278991 
0.415 	 -0.268 	 -0.263873 
0.42 	 -0.268 	 -0.24869 
0.425 	 -0.248 	 -0.233445 
0.43 	 -0.228 	 -0.218143 
0.435 	 -0.207 	 -0.202787 
0.44 	 -0.207 	 -0.187381 
0.445 	 -0.187 	 -0.171929 
0.45 	 -0.166 	 -0.156434 
0.455 	 -0.146 	 -0.140901 
0.46 	 -0.146 	 -0.125333 
0.465 	 -0.125 	 -0.109734 
0.47 	 -0.104 	 -0.0941083 
0.475 	 -0.083 	 -0.0784591 
0.48 	 -0.083 	 -0.0627905 
0.485 	 -0.062 	 -0.0471065 
0.49 	 -0.041 	 -0.0314108 
0.495 	 -0.02 	 -0.0157073 
0.5 	 0 	 -6.12323e-17 
0.505 	 0.001 	 0.0157073 
0.51 	 0.021 	 0.0314108 
0.515 	 0.042 	 0.0471065 
0.52 	 0.042 	 0.0627905 
0.525 	 0.063 	 0.0784591 
0.53 	 0.084 	 0.0941083 
0.535 	 0.105 	 0.109734 
0.54 	 0.105 	 0.125333 
0.545 	 0.126 	 0.140901 
0.55 	 0.147 	 0.156434 
0.555 	 0.167 	 0.171929 
0.56 	 0.167 	 0.187381 
0.565 	 0.188 	 0.202787 
0.57 	 0.208 	 0.218143 
0.575 	 0.229 	 0.233445 
0.58 	 0.229 	 0.24869 
0.585 	 0.249 	 0.263873 
0.59 	 0.269 	 0.278991 
0.595 	 0.29 	 0.29404 
0.6 	 0.29 	 0.309017 
0.605 	 0.31 	 0.323917 
0.61 	 0.329 	 0.338738 
0.615 	 0.349 	 0.353475 
0.62 	 0.349 	 0.368125 
0.625 	 0.369 	 0.382683 
0.63 	 0.388 	 0.397148 
0.635 	 0.407 	 0.411514 
0.64 	 0.426 	 0.425779 
0.645 	 0.426 	 0.439939 
0.65 	 0.445 	 0.45399 
0.655 	 0.464 	 0.46793 
0.66 	 0.482 	 0.481754 
0.665 	 0.5 	 0.495459 
0.67 	 0.501 	 0.509041 
0.675 	 0.519 	 0.522499 
0.68 	 0.536 	 0.535827 
0.685 	 0.536 	 0.549023 
0.69 	 0.554 	 0.562083 
0.695 	 0.571 	 0.575005 
0.7 	 0.588 	 0.587785 
0.705 	 0.588 	 0.60042 
0.71 	 0.605 	 0.612907 
0.715 	 0.622 	 0.625243 
0.72 	 0.638 	 0.637424 
0.725 	 0.638 	 0.649448 
0.73 	 0.654 	 0.661312 
0.735 	 0.67 	 0.673013 
0.74 	 0.685 	 0.684547 
0.745 	 0.685 	 0.695913 
0.75 	 0.7 	 0.707107 
0.755 	 0.715 	 0.718126 
0.76 	 0.729 	 0.728969 
0.765 	 0.729 	 0.739631 
0.77 	 0.744 	 0.750111 
0.775 	 0.757 	 0.760406 
0.78 	 0.771 	 0.770513 
0.785 	 0.771 	 0.78043 
0.79 	 0.784 	 0.790155 
0.795 	 0.797 	 0.799685 
0.8 	 0.81 	 0.809017 
0.805 	 0.81 	 0.81815 
0.81 	 0.822 	 0.827081 
0.815 	 0.833 	 0.835807 
0.82 	 0.845 	 0.844328 
0.825 	 0.845 	 0.85264 
0.83 	 0.856 	 0.860742 
0.835 	 0.867 	 0.868632 
0.84 	 0.877 	 0.876307 
0.845 	 0.877 	 0.883766 
0.85 	 0.887 	 0.891007 
0.855 	 0.896 	 0.898028 
0.86 	 0.905 	 0.904827 
0.865 	 0.905 	 0.911403 
0.87 	 0.914 	 0.917755 
0.875 	 0.922 	 0.92388 
0.88 	 0.93 	 0.929776 
0.885 	 0.93 	 0.935444 
0.89 	 0.938 	 0.940881 
0.895 	 0.945 	 0.946085 
0.9 	 0.952 	 0.951057 
0.905 	 0.952 	 0.955793 
0.91 	 0.958 	 0.960294 
0.915 	 0.964 	 0.964557 
0.92 	 0.969 	 0.968583 
0.925 	 0.969 	 0.97237 
0.93 	 0.974 	 0.975917 
0.935 	 0.979 	 0.979223 
0.94 	 0.983 	 0.982287 
0.945 	 0.983 	 0.985109 
0.95 	 0.986 	 0.987688 
0.955 	 0.99 	 0.990024 
0.96 	 0.993 	 0.992115 
0.965 	 0.993 	 0.993961 
0.97 	 0.995 	 0.995562 
0.975 	 0.997 	 0.996917 
0.98 	 0.999 	 0.998027 
0.985 	 0.999 	 0.99889 
0.99 	 1 	 0.999507 
0.995 	 1 	 0.999877 


0.5 	 0 	 -1 	 0.265688 
0.496 	 -0.012 	 -1 	 0.26558 
0.492 	 -0.0251301 	 -1 	 0.265575 
0.488 	 -0.037 	 -1 	 0.265329 
0.484 	 -0.049 	 -1 	 0.265718 
0.48 	 -0.061 	 -1 	 0.265893 
0.476 	 -0.074 	 -1 	 0.26587 
0.472 	 -0.086 	 -1 	 0.265627 
0.468 	 -0.098 	 -1 	 0.265809 
0.464 	 -0.11 	 -1 	 0.266272 
0.46 	 -0.122 	 -1 	 0.266531 
0.456 	 -0.134 	 -1 	 0.266567 
0.452 	 -0.147 	 -1 	 0.266414 
0.448 	 -0.159 	 -1 	 0.266724 
0.444 	 -0.171 	 -1 	 0.267257 
0.44 	 -0.183 	 -1 	 0.267584 
0.436 	 -0.195 	 -1 	 0.267709 
0.432 	 -0.207 	 -1 	 0.26762 
0.428 	 -0.219 	 -1 	 0.268019 
0.424 	 -0.231 	 -1 	 0.268629 
0.42 	 -0.243 	 -1 	 0.269027 
0.416 	 -0.254 	 -1 	 0.269202 
0.412 	 -0.266 	 -1 	 0.269191 
0.408 	 -0.278 	 -1 	 0.269655 
0.404 	 -0.29 	 -1 	 0.270336 
0.4 	 -0.301 	 -1 	 0.270767 
0.396 	 -0.313 	 -1 	 0.271032 
0.392 	 -0.324 	 -1 	 0.271065 
0.388 	 -0.336 	 -1 	 0.271591 
0.384 	 -0.347 	 -1 	 0.272345 
0.38 	 -0.359 	 -1 	 0.272831 
0.376 	 -0.37 	 -1 	 0.273113 
0.372 	 -0.381 	 -1 	 0.273232 
0.368 	 -0.393 	 -1 	 0.273776 
0.364 	 -0.404 	 -1 	 0.274498 
0.36 	 -0.415 	 -1 	 0.275035 
0.356 	 -0.426 	 -1 	 0.275374 
0.352 	 -0.437 	 -1 	 0.275513 
0.348 	 -0.448 	 -1 	 0.276013 
0.344 	 -0.459 	 -1 	 0.276786 
0.34 	 -0.469 	 -1 	 0.277363 
0.336 	 -0.48 	 -1 	 0.277694 
0.332 	 -0.491 	 -1 	 0.277854 
0.328 	 -0.501 	 -1 	 0.278298 
0.324 	 -0.512 	 -1 	 0.279014 
0.32 	 -0.522 	 -1 	 0.279544 
0.316 	 -0.533 	 -1 	 0.279928 
0.312 	 -0.543 	 -1 	 0.280084 
0.308 	 -0.553 	 -1 	 0.280273 
0.304 	 -0.563 	 -1 	 0.280998 
0.3 	 -0.573 	 -1 	 0.281593 
0.296 	 -0.583 	 -1 	 0.281919 
0.292 	 -0.594 	 -1 	 0.282056 
0.288 	 -0.603 	 -1 	 0.281979 
0.284 	 -0.613 	 -1 	 0.282627 
0.28 	 -0.623 	 -1 	 0.283117 
0.276 	 -0.632 	 -1 	 0.28342 
0.272 	 -0.642 	 -1 	 0.283486 
0.268 	 -0.652 	 -1 	 0.283373 
0.264 	 -0.661 	 -1 	 0.283584 
0.26 	 -0.67 	 -1 	 0.283961 
0.256 	 -0.68 	 -1 	 0.284182 
0.252 	 -0.689 	 -1 	 0.284186 
0.248 	 -0.698 	 -1 	 0.284008 
0.244 	 -0.707 	 -1 	 0.283641 
0.24 	 -0.716 	 -1 	 0.283871 
0.236 	 -0.725 	 -1 	 0.283964 
0.232 	 -0.734 	 -1 	 0.283864 
0.228 	 -0.743 	 -1 	 0.28357 
0.224 	 -0.752 	 -1 	 0.283086 
0.22 	 -0.76 	 -1 	 0.282476 
0.216 	 -0.769 	 -1 	 0.282425 
0.212 	 -0.778 	 -1 	 0.282194 
0.208 	 -0.786 	 -1 	 0.281761 
0.204 	 -0.795 	 -1 	 0.281137 
0.2 	 -0.802 	 -1 	 0.280301 
0.196 	 -0.811 	 -1 	 0.279403 
0.192 	 -0.819 	 -1 	 0.278761 
0.188 	 -0.828 	 -1 	 0.278141 
0.184 	 -0.836 	 -1 	 0.277333 
0.18 	 -0.844 	 -1 	 0.276371 
0.176 	 -0.851 	 -1 	 0.275355 
0.172 	 -0.859 	 -1 	 0.274057 
0.168 	 -0.867 	 -1 	 0.27256 
0.164 	 -0.875 	 -1 	 0.271264 
0.16 	 -0.882 	 -1 	 0.270206 
0.156 	 -0.882291 	 -1 	 0.270179 
0.152 	 -0.897 	 -1 	 0.26744 
0.148 	 -0.905 	 -1 	 0.265658 
0.144 	 -0.912 	 -1 	 0.263911 
0.14 	 -0.919 	 -1 	 0.262001 
0.136 	 -0.926 	 -1 	 0.259921 
0.132 	 -0.933 	 -1 	 0.257764 
0.128 	 -0.939 	 -1 	 0.255933 
0.124 	 -0.946 	 -1 	 0.254109 
0.12 	 -0.953 	 -1 	 0.251854 
0.116 	 -0.959 	 -1 	 0.249747 
0.112 	 -0.965 	 -1 	 0.247475 
0.108 	 -0.971 	 -1 	 0.245053 
0.104 	 -0.977 	 -1 	 0.242433 
0.1 	 -0.983 	 -1 	 0.239552 
0.096 	 -0.989 	 -1 	 0.236503 
0.092 	 -0.994 	 -1 	 0.233783 
0.088 	 -0.999 	 1 	 0.230925 
0.084 	 -1 	 0 	 0.230329 
0.08 	 -1.001 	 0 	 0.229727 
0.076 	 -1.003 	 0 	 0.228502 
0.072 	 -1.009 	 0 	 0.225262 
0.068 	 -1.014 	 0 	 0.221624 
0.064 	 -1.02 	 0 	 0.217585 
0.06 	 -1.026 	 0 	 0.213234 
0.056 	 -1.032 	 0 	 0.208548 
0.052 	 -1.038 	 0 	 0.203538 
0.048 	 -1.044 	 0 	 0.198163 
0.044 	 -1.05 	 0 	 0.192426 
0.04 	 -1.057 	 0 	 0.186021 
0.036 	 -1.063 	 0 	 0.17854 
0.032 	 -1.07 	 0 	 0.170173 
0.028 	 -1.077 	 0 	 0.161034 
0.024 	 -1.084 	 0 	 0.15101 
0.02 	 -1.092 	 0 	 0.139828 
0.016 	 -1.098 	 0 	 0.125924 
0.012 	 -1.107 	 0 	 0.110895 
0.008 	 -1.114 	 0 	 0.0912567 
0.004 	 -1.121 	 0 	 0.0652697 


0.5 	 0 	 -1 	 0.265688 
0.504 	 0.012 	 -1 	 0.265583 
0.508 	 0.025 	 -1 	 0.265294 
0.512 	 0.037 	 -1 	 0.265333 
0.516 	 0.049 	 -1 	 0.265711 
0.52 	 0.061 	 -1 	 0.265898 
0.524 	 0.074 	 -1 	 0.265895 
0.528 	 0.086 	 -1 	 0.26563 
0.532 	 0.098 	 -1 	 0.265803 
0.536 	 0.11 	 -1 	 0.26627 
0.54 	 0.122 	 -1 	 0.266532 
0.544 	 0.134 	 -1 	 0.266565 
0.548 	 0.147 	 -1 	 0.266423 
0.552 	 0.159 	 -1 	 0.266727 
0.556 	 0.171 	 -1 	 0.267263 
0.56 	 0.183 	 -1 	 0.267593 
0.564 	 0.195 	 -1 	 0.267713 
0.568 	 0.207 	 -1 	 0.267625 
0.572 	 0.219 	 -1 	 0.268022 
0.576 	 0.231 	 -1 	 0.268625 
0.58 	 0.243 	 -1 	 0.269023 
0.584 	 0.254 	 -1 	 0.269208 
0.588 	 0.266 	 -1 	 0.269197 
0.592 	 0.278 	 -1 	 0.269653 
0.596 	 0.29 	 -1 	 0.270334 
0.6 	 0.301 	 -1 	 0.270775 
0.604 	 0.313 	 -1 	 0.271032 
0.608 	 0.324 	 -1 	 0.271055 
0.612 	 0.336 	 -1 	 0.271604 
0.616 	 0.347 	 -1 	 0.272307 
0.62 	 0.359 	 -1 	 0.27283 
0.624 	 0.37 	 -1 	 0.273116 
0.628 	 0.381 	 -1 	 0.273194 
0.632 	 0.393 	 -1 	 0.273776 
0.636 	 0.404 	 -1 	 0.274502 
0.64 	 0.415 	 -1 	 0.27504 
0.644 	 0.426 	 -1 	 0.275379 
0.648 	 0.437 	 -1 	 0.275518 
0.652 	 0.448 	 -1 	 0.276019 
0.656 	 0.459 	 -1 	 0.276784 
0.66 	 0.469 	 -1 	 0.277325 
0.664 	 0.48 	 -1 	 0.277693 
0.668 	 0.491 	 -1 	 0.277854 
0.672 	 0.501 	 -1 	 0.27826 
0.676 	 0.512 	 -1 	 0.279013 
0.68 	 0.522 	 -1 	 0.279553 
0.684 	 0.533 	 -1 	 0.279929 
0.688 	 0.543 	 -1 	 0.280085 
0.692 	 0.553 	 -1 	 0.280276 
0.696 	 0.563 	 -1 	 0.281026 
0.7 	 0.573 	 -1 	 0.281556 
0.704 	 0.583 	 -1 	 0.281882 
0.708 	 0.593 	 -1 	 0.282014 
0.712 	 0.603 	 -1 	 0.281985 
0.716 	 0.613 	 -1 	 0.28263 
0.72 	 0.623 	 -1 	 0.283119 
0.724 	 0.632 	 -1 	 0.283384 
0.728 	 0.642 	 -1 	 0.283485 
0.732 	 0.652 	 -1 	 0.283367 
0.736 	 0.661 	 -1 	 0.283586 
0.74 	 0.67 	 -1 	 0.28397 
0.744 	 0.68 	 -1 	 0.284183 
0.748 	 0.689 	 -1 	 0.284186 
0.752 	 0.698 	 -1 	 0.284009 
0.756 	 0.707 	 -1 	 0.283648 
0.76 	 0.716 	 -1 	 0.283877 
0.764 	 0.725 	 -1 	 0.283969 
0.768 	 0.734 	 -1 	 0.283869 
0.772 	 0.743 	 -1 	 0.283574 
0.776 	 0.752 	 -1 	 0.283084 
0.78 	 0.76 	 -1 	 0.282479 
0.784 	 0.769 	 -1 	 0.282427 
0.788 	 0.778 	 -1 	 0.282213 
0.792 	 0.786 	 -1 	 0.281769 
0.796 	 0.794 	 -1 	 0.281106 
0.8 	 0.803 	 -1 	 0.280348 
0.804 	 0.811 	 -1 	 0.279405 
0.808 	 0.819 	 -1 	 0.278762 
0.812 	 0.828 	 -1 	 0.278185 
0.816 	 0.836 	 -1 	 0.277329 
0.82 	 0.844 	 -1 	 0.276368 
0.824 	 0.852 	 -1 	 0.275357 
0.828 	 0.859 	 -1 	 0.274059 
0.832 	 0.867 	 -1 	 0.272558 
0.836 	 0.875 	 -1 	 0.271268 
0.84 	 0.882 	 -1 	 0.270221 
0.844 	 0.89 	 -1 	 0.268825 
0.848 	 0.897 	 -1 	 0.267436 
0.852 	 0.905 	 -1 	 0.265718 
0.856 	 0.912 	 -1 	 0.263991 
0.86 	 0.919 	 -1 	 0.262005 
0.864 	 0.926 	 -1 	 0.259926 
0.868 	 0.933 	 -1 	 0.257768 
0.872 	 0.939 	 -1 	 0.255901 
0.876 	 0.946 	 -1 	 0.254111 
0.88 	 0.953 	 -1 	 0.25185 
0.884 	 0.959 	 -1 	 0.249743 
0.888 	 0.965 	 -1 	 0.247471 
0.892 	 0.971 	 -1 	 0.245024 
0.896 	 0.977 	 -1 	 0.242381 
0.9 	 0.983 	 -1 	 0.239548 
0.904 	 0.989 	 -1 	 0.2365 
0.908 	 0.994 	 -1 	 0.233785 
0.912 	 0.999 	 -1 	 0.230921 
0.916 	 1 	 0 	 0.230326 
0.92 	 1.001 	 0 	 0.229724 
0.924 	 1.003 	 0 	 0.228496 
0.928 	 1.009 	 0 	 0.225306 
0.932 	 1.014 	 0 	 0.221623 
0.936 	 1.02 	 0 	 0.217589 
0.94 	 1.026 	 0 	 0.213231 
0.944 	 1.032 	 0 	 0.208552 
0.948 	 1.038 	 0 	 0.203535 
0.952 	 1.044 	 0 	 0.198169 
0.956 	 1.05 	 0 	 0.192423 
0.96 	 1.057 	 0 	 0.186054 
0.964 	 1.063 	 0 	 0.178565 
0.968 	 1.07 	 0 	 0.170191 
0.972 	 1.077 	 0 	 0.161035 
0.976 	 1.084 	 0 	 0.151007 
0.98 	 1.091 	 0 	 0.139478 
0.984 	 1.099 	 0 	 0.126592 
0.988 	 1.106 	 0 	 0.110464 
0.992 	 1.114 	 0 	 0.0914747 
0.996 	 1.121 	 0 	 0.0652789  


0.5 	 0 	 -1 	 0.709555 
0.496 	 -0.012 	 -1 	 0.709483 
0.492 	 -0.0251301 	 -1 	 0.709484 
0.488 	 -0.0376902 	 -1 	 0.709467 
0.484 	 -0.047 	 -1 	 0.709417 
0.48 	 -0.059 	 -1 	 0.709539 
0.476 	 -0.071 	 -1 	 0.70947 
0.472 	 -0.0878512 	 -1 	 0.70948 
0.468 	 -0.100362 	 -1 	 0.709448 
0.464 	 -0.106 	 -1 	 0.709268 
0.46 	 -0.118 	 -1 	 0.709395 
0.456 	 -0.13 	 -1 	 0.709353 
0.452 	 -0.150226 	 -1 	 0.709374 
0.448 	 -0.153 	 -1 	 0.708745 
0.444 	 -0.165 	 -1 	 0.709004 
0.44 	 -0.177 	 -1 	 0.709139 
0.436 	 -0.188 	 -1 	 0.709084 
0.432 	 -0.212007 	 -1 	 0.709136 
0.428 	 -0.212 	 -1 	 0.708495 
0.424 	 -0.224 	 -1 	 0.708555 
0.42 	 -0.235 	 -1 	 0.708674 
0.416 	 -0.247 	 -1 	 0.708639 
0.412 	 -0.272952 	 -1 	 0.708658 
0.408 	 -0.27 	 -1 	 0.708041 
0.404 	 -0.282 	 -1 	 0.70782 
0.4 	 -0.294 	 -1 	 0.707944 
0.396 	 -0.305 	 -1 	 0.707882 
0.392 	 -0.33282 	 -1 	 0.70787 
0.388 	 -0.329 	 -1 	 0.707245 
0.384 	 -0.34 	 -1 	 0.706711 
0.38 	 -0.352 	 -1 	 0.706804 
0.376 	 -0.363 	 -1 	 0.70671 
0.372 	 -0.375 	 -1 	 0.706441 
0.368 	 -0.386 	 -1 	 0.706012 
0.364 	 -0.398 	 -1 	 0.70538 
0.36 	 -0.409 	 -1 	 0.705124 
0.356 	 -0.421 	 -1 	 0.704984 
0.352 	 -0.432 	 -1 	 0.704671 
0.348 	 -0.444 	 -1 	 0.704162 
0.344 	 -0.455 	 -1 	 0.703509 
0.34 	 -0.467 	 -1 	 0.702746 
0.336 	 -0.492727 	 -1 	 0.702807 
0.332 	 -0.489 	 -1 	 0.702145 
0.328 	 -0.501 	 -1 	 0.701555 
0.324 	 -0.51 	 -1 	 0.700694 
0.32 	 -0.522 	 -1 	 0.699776 
0.316 	 -0.535 	 -1 	 0.699135 
0.312 	 -0.546 	 -1 	 0.698651 
0.308 	 -0.557 	 -1 	 0.698005 
0.304 	 -0.568 	 -1 	 0.697064 
0.3 	 -0.579 	 -1 	 0.696081 
0.296 	 -0.591 	 -1 	 0.69487 
0.292 	 -0.602 	 -1 	 0.693967 
0.288 	 -0.614 	 -1 	 0.693162 
0.284 	 -0.625 	 -1 	 0.692182 
0.28 	 -0.636 	 -1 	 0.691057 
0.276 	 -0.647 	 -1 	 0.689729 
0.272 	 -0.658 	 -1 	 0.688254 
0.268 	 -0.669 	 -1 	 0.686822 
0.264 	 -0.68 	 -1 	 0.685705 
0.26 	 -0.691 	 -1 	 0.684417 
0.256 	 -0.702 	 -1 	 0.682949 
0.252 	 -0.713 	 -1 	 0.681299 
0.248 	 -0.724 	 -1 	 0.679459 
0.244 	 -0.735 	 -1 	 0.677445 
0.24 	 -0.746 	 -1 	 0.675763 
0.236 	 -0.757 	 -1 	 0.674057 
0.232 	 -0.767 	 -1 	 0.672352 
0.228 	 -0.778 	 -1 	 0.670314 
0.224 	 -0.789 	 -1 	 0.668079 
0.22 	 -0.799 	 -1 	 0.665875 
0.216 	 -0.81 	 -1 	 0.663279 
0.212 	 -0.82 	 -1 	 0.660801 
0.208 	 -0.831 	 -1 	 0.658702 
0.204 	 -0.841 	 -1 	 0.656389 
0.2 	 -0.852 	 -1 	 0.653713 
0.196 	 -0.862 	 -1 	 0.651149 
0.192 	 -0.872 	 -1 	 0.64835 
0.188 	 -0.882 	 -1 	 0.645387 
0.184 	 -0.892 	 -1 	 0.642147 
0.18 	 -0.902 	 -1 	 0.638831 
0.176 	 -0.912 	 -1 	 0.6359 
0.172 	 -0.922 	 -1 	 0.632775 
0.168 	 -0.931 	 -1 	 0.629772 
0.164 	 -0.941 	 -1 	 0.626284 
0.16 	 -0.95 	 -1 	 0.622927 
0.156 	 -0.96 	 -1 	 0.61919 
0.152 	 -0.969 	 -1 	 0.615492 
0.148 	 -0.978 	 -1 	 0.611421 
0.144 	 -0.988 	 -1 	 0.607123 
0.14 	 -0.997 	 -1 	 0.602608 
0.136 	 -1 	 0 	 0.601121 
0.132 	 -1 	 0 	 0.601115 
0.128 	 -1.001 	 0 	 0.600581 
0.124 	 -1.011 	 0 	 0.595939 
0.12 	 -1.02 	 0 	 0.591585 
0.116 	 -1.029 	 0 	 0.586991 
0.112 	 -1.039 	 0 	 0.581656 
0.108 	 -1.048 	 0 	 0.576615 
0.104 	 -1.058 	 0 	 0.57076 
0.1 	 -1.068 	 0 	 0.5646 
0.096 	 -1.078 	 0 	 0.558157 
0.092 	 -1.088 	 0 	 0.551438 
0.088 	 -1.098 	 0 	 0.544386 
0.084 	 -1.109 	 0 	 0.536353 
0.08 	 -1.119 	 0 	 0.528573 
0.076 	 -1.13 	 0 	 0.519697 
0.072 	 -1.141 	 0 	 0.51038 
0.068 	 -1.152 	 0 	 0.500604 
0.064 	 -1.164 	 0 	 0.490064 
0.06 	 -1.175 	 0 	 0.47929 
0.056 	 -1.187 	 0 	 0.467635 
0.052 	 -1.199 	 0 	 0.454929 
0.048 	 -1.212 	 0 	 0.441481 
0.044 	 -1.224 	 0 	 0.426223 
0.04 	 -1.237 	 0 	 0.410922 
0.036 	 -1.249 	 0 	 0.393536 
0.032 	 -1.263 	 0 	 0.374637 
0.028 	 -1.276 	 0 	 0.353843 
0.024 	 -1.289 	 0 	 0.330453 
0.02 	 -1.302 	 0 	 0.304506 
0.016 	 -1.317 	 0 	 0.275452 
0.012 	 -1.33 	 0 	 0.240316 
0.008 	 -1.345 	 0 	 0.198417 
0.004 	 -1.36 	 0 	 0.141839 


0.5 	 0 	 -1 	 0.709555 
0.504 	 0.012 	 -1 	 0.709486 
0.508 	 0.024 	 -1 	 0.70921 
0.512 	 0.035 	 -1 	 0.709146 
0.516 	 0.047 	 -1 	 0.709404 
0.52 	 0.059 	 -1 	 0.709536 
0.524 	 0.071 	 -1 	 0.709471 
0.528 	 0.083 	 -1 	 0.709225 
0.532 	 0.094 	 -1 	 0.708981 
0.536 	 0.106 	 -1 	 0.709256 
0.54 	 0.118 	 -1 	 0.709415 
0.544 	 0.13 	 -1 	 0.709352 
0.548 	 0.142 	 -1 	 0.709109 
0.552 	 0.153 	 -1 	 0.708748 
0.556 	 0.165 	 -1 	 0.709006 
0.56 	 0.177 	 -1 	 0.709142 
0.564 	 0.189 	 -1 	 0.709083 
0.568 	 0.2 	 -1 	 0.708894 
0.572 	 0.212 	 -1 	 0.708497 
0.576 	 0.224 	 -1 	 0.708555 
0.58 	 0.235 	 -1 	 0.708693 
0.584 	 0.247 	 -1 	 0.708641 
0.588 	 0.259 	 -1 	 0.708417 
0.592 	 0.27 	 -1 	 0.708002 
0.596 	 0.282 	 -1 	 0.70779 
0.6 	 0.294 	 -1 	 0.707941 
0.604 	 0.305 	 -1 	 0.707887 
0.608 	 0.317 	 -1 	 0.707648 
0.612 	 0.329 	 -1 	 0.707216 
0.616 	 0.34 	 -1 	 0.706716 
0.62 	 0.352 	 -1 	 0.706803 
0.624 	 0.363 	 -1 	 0.706715 
0.628 	 0.375 	 -1 	 0.70644 
0.632 	 0.386 	 -1 	 0.706018 
0.636 	 0.398 	 -1 	 0.705379 
0.64 	 0.409 	 -1 	 0.705129 
0.644 	 0.421 	 -1 	 0.704982 
0.648 	 0.432 	 -1 	 0.704676 
0.652 	 0.444 	 -1 	 0.70416 
0.656 	 0.455 	 -1 	 0.703513 
0.66 	 0.467 	 -1 	 0.702743 
0.664 	 0.478 	 -1 	 0.70253 
0.668 	 0.489 	 -1 	 0.702153 
0.672 	 0.501 	 -1 	 0.701555 
0.676 	 0.512 	 -1 	 0.700832 
0.68 	 0.523 	 -1 	 0.699858 
0.684 	 0.535 	 -1 	 0.699164 
0.688 	 0.546 	 -1 	 0.698654 
0.692 	 0.557 	 -1 	 0.698006 
0.696 	 0.569 	 -1 	 0.697109 
0.7 	 0.58 	 -1 	 0.696107 
0.704 	 0.591 	 -1 	 0.694934 
0.708 	 0.602 	 -1 	 0.693977 
0.712 	 0.614 	 -1 	 0.693197 
0.716 	 0.625 	 -1 	 0.692186 
0.72 	 0.636 	 -1 	 0.691045 
0.724 	 0.647 	 -1 	 0.689733 
0.728 	 0.658 	 -1 	 0.688233 
0.732 	 0.669 	 -1 	 0.686838 
0.736 	 0.68 	 -1 	 0.685703 
0.74 	 0.691 	 -1 	 0.684412 
0.744 	 0.702 	 -1 	 0.682941 
0.748 	 0.713 	 -1 	 0.681289 
0.752 	 0.724 	 -1 	 0.67945 
0.756 	 0.735 	 -1 	 0.677432 
0.76 	 0.746 	 -1 	 0.67575 
0.764 	 0.757 	 -1 	 0.67407 
0.768 	 0.767 	 -1 	 0.672349 
0.772 	 0.778 	 -1 	 0.670308 
0.776 	 0.789 	 -1 	 0.66807 
0.78 	 0.799 	 -1 	 0.66586 
0.784 	 0.81 	 -1 	 0.663259 
0.788 	 0.82 	 -1 	 0.660778 
0.792 	 0.831 	 -1 	 0.658725 
0.796 	 0.841 	 -1 	 0.656391 
0.8 	 0.852 	 -1 	 0.653723 
0.804 	 0.862 	 -1 	 0.651091 
0.808 	 0.872 	 -1 	 0.648289 
0.812 	 0.882 	 -1 	 0.645314 
0.816 	 0.892 	 -1 	 0.642159 
0.82 	 0.902 	 -1 	 0.638843 
0.824 	 0.912 	 -1 	 0.635971 
0.828 	 0.922 	 -1 	 0.632857 
0.832 	 0.931 	 -1 	 0.629772 
0.836 	 0.941 	 -1 	 0.62638 
0.84 	 0.95 	 -1 	 0.622926 
0.844 	 0.96 	 -1 	 0.619165 
0.848 	 0.969 	 -1 	 0.615318 
0.852 	 0.978 	 -1 	 0.611417 
0.856 	 0.987 	 -1 	 0.606871 
0.86 	 0.997 	 -1 	 0.602596 
0.864 	 1 	 0 	 0.60111 
0.868 	 1 	 0 	 0.601109 
0.872 	 1.001 	 0 	 0.600588 
0.876 	 1.011 	 0 	 0.595926 
0.88 	 1.02 	 0 	 0.591561 
0.884 	 1.029 	 0 	 0.58697 
0.888 	 1.039 	 0 	 0.58167 
0.892 	 1.048 	 0 	 0.576591 
0.896 	 1.058 	 0 	 0.570752 
0.9 	 1.068 	 0 	 0.564592 
0.904 	 1.078 	 0 	 0.558165 
0.908 	 1.088 	 0 	 0.551423 
0.912 	 1.098 	 0 	 0.544376 
0.916 	 1.109 	 0 	 0.536319 
0.92 	 1.119 	 0 	 0.528543 
0.924 	 1.13 	 0 	 0.519696 
0.928 	 1.141 	 0 	 0.510405 
0.932 	 1.152 	 0 	 0.500594 
0.936 	 1.164 	 0 	 0.489904 
0.94 	 1.175 	 0 	 0.478716 
0.944 	 1.187 	 0 	 0.467585 
0.948 	 1.199 	 0 	 0.454951 
0.952 	 1.212 	 0 	 0.441495 
0.956 	 1.224 	 0 	 0.426232 
0.96 	 1.237 	 0 	 0.410937 
0.964 	 1.249 	 0 	 0.393538 
0.968 	 1.262 	 0 	 0.373836 
0.972 	 1.276 	 0 	 0.353848 
0.976 	 1.289 	 0 	 0.330438 
0.98 	 1.302 	 0 	 0.304308 
0.984 	 1.316 	 0 	 0.274947 
0.988 	 1.331 	 0 	 0.2409 
0.992 	 1.345 	 0 	 0.198433 
0.996 	 1.36 	 0 	 0.141626 


0.5 	 0 	 -1 	 1.58156 
0.496 	 -0.012566 	 -1 	 1.58161 
0.492 	 -0.0251301 	 -1 	 1.58147 
0.488 	 -0.043 	 -1 	 1.58094 
0.484 	 -0.0502443 	 -1 	 1.58105 
0.48 	 -0.0627905 	 -1 	 1.5811 
0.476 	 -0.0753268 	 -1 	 1.58101 
0.472 	 -0.1 	 -1 	 1.58031 
0.468 	 -0.100362 	 -1 	 1.58031 
0.464 	 -0.129 	 -1 	 1.57917 
0.46 	 -0.125333 	 -1 	 1.57926 
0.456 	 -0.13779 	 -1 	 1.57916 
0.452 	 -0.172 	 -1 	 1.57801 
0.448 	 -0.186 	 -1 	 1.57733 
0.444 	 -0.2 	 -1 	 1.57652 
0.44 	 -0.214 	 -1 	 1.57558 
0.436 	 -0.229 	 -1 	 1.57502 
0.432 	 -0.243 	 -1 	 1.57433 
0.428 	 -0.258 	 -1 	 1.57347 
0.424 	 -0.272 	 -1 	 1.57249 
0.42 	 -0.286 	 -1 	 1.57138 
0.416 	 -0.3 	 -1 	 1.57011 
0.412 	 -0.315 	 -1 	 1.56917 
0.408 	 -0.33 	 -1 	 1.56812 
0.404 	 -0.344 	 -1 	 1.56698 
0.4 	 -0.358 	 -1 	 1.5657 
0.396 	 -0.373 	 -1 	 1.56418 
0.392 	 -0.387 	 -1 	 1.5626 
0.388 	 -0.401 	 -1 	 1.56119 
0.384 	 -0.416 	 -1 	 1.55985 
0.38 	 -0.43 	 -1 	 1.55838 
0.376 	 -0.445 	 -1 	 1.55667 
0.372 	 -0.459 	 -1 	 1.55491 
0.368 	 -0.474 	 -1 	 1.5529 
0.364 	 -0.488 	 -1 	 1.55094 
0.36 	 -0.502 	 -1 	 1.54927 
0.356 	 -0.517 	 -1 	 1.54736 
0.352 	 -0.531 	 -1 	 1.54542 
0.348 	 -0.546 	 -1 	 1.54319 
0.344 	 -0.559 	 -1 	 1.54094 
0.34 	 -0.573 	 -1 	 1.53851 
0.336 	 -0.588 	 -1 	 1.53601 
0.332 	 -0.604 	 -1 	 1.53373 
0.328 	 -0.617 	 -1 	 1.53138 
0.324 	 -0.631 	 -1 	 1.52891 
0.32 	 -0.645 	 -1 	 1.52627 
0.316 	 -0.66 	 -1 	 1.52334 
0.312 	 -0.674 	 -1 	 1.52039 
0.308 	 -0.688 	 -1 	 1.51735 
0.304 	 -0.702 	 -1 	 1.51465 
0.3 	 -0.717 	 -1 	 1.5116 
0.296 	 -0.731 	 -1 	 1.50859 
0.292 	 -0.745 	 -1 	 1.50542 
0.288 	 -0.759 	 -1 	 1.50201 
0.284 	 -0.773 	 -1 	 1.49853 
0.28 	 -0.787 	 -1 	 1.49489 
0.276 	 -0.801 	 -1 	 1.49116 
0.272 	 -0.816 	 -1 	 1.48759 
0.268 	 -0.83 	 -1 	 1.48399 
0.264 	 -0.843 	 -1 	 1.48035 
0.26 	 -0.857 	 -1 	 1.47641 
0.256 	 -0.875 	 -1 	 1.472 
0.252 	 -0.884 	 -1 	 1.46832 
0.248 	 -0.903 	 -1 	 1.46333 
0.244 	 -0.917 	 -1 	 1.45879 
0.24 	 -0.931 	 -1 	 1.45414 
0.236 	 -0.939 	 -1 	 1.4505 
0.232 	 -0.953 	 -1 	 1.44589 
0.228 	 -0.967 	 -1 	 1.4411 
0.224 	 -0.981 	 -1 	 1.43613 
0.22 	 -0.994 	 -1 	 1.43121 
0.216 	 -0.999 	 -1 	 1.42937 
0.212 	 -1 	 0 	 1.42896 
0.208 	 -1.007 	 0 	 1.4277 
0.204 	 -1.015 	 0 	 1.42315 
0.2 	 -1.029 	 0 	 1.4175 
0.196 	 -1.043 	 0 	 1.41167 
0.192 	 -1.057 	 0 	 1.40563 
0.188 	 -1.071 	 0 	 1.39957 
0.184 	 -1.085 	 0 	 1.3936 
0.18 	 -1.099 	 0 	 1.38738 
0.176 	 -1.114 	 0 	 1.3806 
0.172 	 -1.129 	 0 	 1.37354 
0.168 	 -1.143 	 0 	 1.36663 
0.164 	 -1.159 	 0 	 1.35877 
0.16 	 -1.174 	 0 	 1.35096 
0.156 	 -1.189 	 0 	 1.34275 
0.152 	 -1.205 	 0 	 1.33403 
0.148 	 -1.22 	 0 	 1.32526 
0.144 	 -1.235 	 0 	 1.31622 
0.14 	 -1.252 	 0 	 1.30624 
0.136 	 -1.268 	 0 	 1.29664 
0.132 	 -1.285 	 0 	 1.28629 
0.128 	 -1.302 	 0 	 1.27541 
0.124 	 -1.318 	 0 	 1.26445 
0.12 	 -1.335 	 0 	 1.25277 
0.116 	 -1.352 	 0 	 1.24065 
0.112 	 -1.369 	 0 	 1.22815 
0.108 	 -1.387 	 0 	 1.21447 
0.104 	 -1.405 	 0 	 1.20045 
0.1 	 -1.423 	 0 	 1.1856 
0.096 	 -1.441 	 0 	 1.17037 
0.092 	 -1.46 	 0 	 1.15373 
0.088 	 -1.478 	 0 	 1.13716 
0.084 	 -1.498 	 0 	 1.11904 
0.08 	 -1.517 	 0 	 1.10069 
0.076 	 -1.536 	 0 	 1.08162 
0.072 	 -1.556 	 0 	 1.06106 
0.068 	 -1.576 	 0 	 1.03932 
0.064 	 -1.596 	 0 	 1.01662 
0.06 	 -1.617 	 0 	 0.992066 
0.056 	 -1.638 	 0 	 0.96633 
0.052 	 -1.658 	 0 	 0.938475 
0.048 	 -1.681 	 0 	 0.909017 
0.044 	 -1.702 	 0 	 0.877683 
0.04 	 -1.724 	 0 	 0.843896 
0.036 	 -1.747 	 0 	 0.807537 
0.032 	 -1.769 	 0 	 0.767487 
0.028 	 -1.792 	 0 	 0.724107 
0.024 	 -1.816 	 0 	 0.676303 
0.02 	 -1.84 	 0 	 0.622645 
0.016 	 -1.863 	 0 	 0.561554 
0.012 	 -1.887 	 0 	 0.49048 
0.008 	 -1.914 	 0 	 0.404763 
0.004 	 -1.938 	 0 	 0.288598 


0.5 	 0 	 -1 	 1.58156 
0.504 	 0.014 	 -1 	 1.5815 
0.508 	 0.029 	 -1 	 1.58128 
0.512 	 0.043 	 -1 	 1.58095 
0.516 	 0.057 	 -1 	 1.58101 
0.52 	 0.071 	 -1 	 1.5809 
0.524 	 0.086 	 -1 	 1.58067 
0.528 	 0.1 	 -1 	 1.58032 
0.532 	 0.114 	 -1 	 1.57981 
0.536 	 0.129 	 -1 	 1.57918 
0.54 	 0.143 	 -1 	 1.57893 
0.544 	 0.157 	 -1 	 1.57855 
0.548 	 0.171 	 -1 	 1.57799 
0.552 	 0.186 	 -1 	 1.57731 
0.556 	 0.2 	 -1 	 1.57653 
0.56 	 0.215 	 -1 	 1.57559 
0.564 	 0.229 	 -1 	 1.57499 
0.568 	 0.243 	 -1 	 1.57433 
0.572 	 0.258 	 -1 	 1.57351 
0.576 	 0.272 	 -1 	 1.57246 
0.58 	 0.286 	 -1 	 1.57137 
0.584 	 0.301 	 -1 	 1.57011 
0.588 	 0.315 	 -1 	 1.56913 
0.592 	 0.329 	 -1 	 1.56816 
0.596 	 0.343 	 -1 	 1.56693 
0.6 	 0.358 	 -1 	 1.56563 
0.604 	 0.372 	 -1 	 1.56423 
0.608 	 0.386 	 -1 	 1.56254 
0.612 	 0.401 	 -1 	 1.56117 
0.616 	 0.415 	 -1 	 1.55988 
0.62 	 0.43 	 -1 	 1.55832 
0.624 	 0.444 	 -1 	 1.55671 
0.628 	 0.458 	 -1 	 1.55496 
0.632 	 0.473 	 -1 	 1.55293 
0.636 	 0.487 	 -1 	 1.55095 
0.64 	 0.501 	 -1 	 1.54928 
0.644 	 0.516 	 -1 	 1.54738 
0.648 	 0.53 	 -1 	 1.54543 
0.652 	 0.544 	 -1 	 1.5433 
0.656 	 0.559 	 -1 	 1.54093 
0.66 	 0.573 	 -1 	 1.53851 
0.664 	 0.588 	 -1 	 1.536 
0.668 	 0.602 	 -1 	 1.53384 
0.672 	 0.616 	 -1 	 1.53149 
0.676 	 0.631 	 -1 	 1.52889 
0.68 	 0.645 	 -1 	 1.52623 
0.684 	 0.659 	 -1 	 1.52345 
0.688 	 0.673 	 -1 	 1.52053 
0.692 	 0.688 	 -1 	 1.51729 
0.696 	 0.702 	 -1 	 1.51459 
0.7 	 0.716 	 -1 	 1.51172 
0.704 	 0.73 	 -1 	 1.5087 
0.708 	 0.744 	 -1 	 1.50553 
0.712 	 0.758 	 -1 	 1.5022 
0.716 	 0.773 	 -1 	 1.49851 
0.72 	 0.787 	 -1 	 1.49486 
0.724 	 0.801 	 -1 	 1.49113 
0.728 	 0.815 	 -1 	 1.48766 
0.732 	 0.828 	 -1 	 1.48406 
0.736 	 0.842 	 -1 	 1.48051 
0.74 	 0.856 	 -1 	 1.47662 
0.744 	 0.87 	 -1 	 1.47252 
0.748 	 0.884 	 -1 	 1.46828 
0.752 	 0.898 	 -1 	 1.46384 
0.756 	 0.911 	 -1 	 1.45923 
0.76 	 0.925 	 -1 	 1.45484 
0.764 	 0.939 	 -1 	 1.45045 
0.768 	 0.953 	 -1 	 1.44583 
0.772 	 0.966 	 -1 	 1.44134 
0.776 	 0.98 	 -1 	 1.43637 
0.78 	 0.994 	 -1 	 1.43121 
0.784 	 0.999 	 -1 	 1.42933 
0.788 	 1 	 0 	 1.42899 
0.792 	 1.001 	 0 	 1.42858 
0.796 	 1.015 	 0 	 1.42313 
0.8 	 1.029 	 0 	 1.41748 
0.804 	 1.043 	 0 	 1.41165 
0.808 	 1.057 	 0 	 1.40561 
0.812 	 1.071 	 0 	 1.39955 
0.816 	 1.085 	 0 	 1.39358 
0.82 	 1.099 	 0 	 1.38738 
0.824 	 1.114 	 0 	 1.38058 
0.828 	 1.128 	 0 	 1.37391 
0.832 	 1.143 	 0 	 1.36663 
0.836 	 1.158 	 0 	 1.35907 
0.84 	 1.173 	 0 	 1.35127 
0.844 	 1.189 	 0 	 1.34272 
0.848 	 1.204 	 0 	 1.33433 
0.852 	 1.22 	 0 	 1.32522 
0.856 	 1.235 	 0 	 1.31619 
0.86 	 1.252 	 0 	 1.30623 
0.864 	 1.268 	 0 	 1.2966 
0.868 	 1.284 	 0 	 1.2866 
0.872 	 1.301 	 0 	 1.27577 
0.876 	 1.318 	 0 	 1.26449 
0.88 	 1.335 	 0 	 1.25282 
0.884 	 1.352 	 0 	 1.24073 
0.888 	 1.369 	 0 	 1.22809 
0.892 	 1.387 	 0 	 1.21445 
0.896 	 1.405 	 0 	 1.20037 
0.9 	 1.423 	 0 	 1.18557 
0.904 	 1.441 	 0 	 1.17034 
0.908 	 1.46 	 0 	 1.15383 
0.912 	 1.479 	 0 	 1.13717 
0.916 	 1.498 	 0 	 1.11898 
0.92 	 1.517 	 0 	 1.10069 
0.924 	 1.536 	 0 	 1.08166 
0.928 	 1.556 	 0 	 1.06105 
0.932 	 1.576 	 0 	 1.03942 
0.936 	 1.596 	 0 	 1.01663 
0.94 	 1.617 	 0 	 0.991888 
0.944 	 1.638 	 0 	 0.966222 
0.948 	 1.659 	 0 	 0.938462 
0.952 	 1.68 	 0 	 0.90947 
0.956 	 1.702 	 0 	 0.877729 
0.96 	 1.724 	 0 	 0.843831 
0.964 	 1.747 	 0 	 0.807544 
0.968 	 1.769 	 0 	 0.76763 
0.972 	 1.792 	 0 	 0.724166 
0.976 	 1.816 	 0 	 0.6763 
0.98 	 1.84 	 0 	 0.622646 
0.984 	 1.864 	 0 	 0.562021 
0.988 	 1.888 	 0 	 0.490672 
0.992 	 1.912 	 0 	 0.404225 
0.996 	 1.939 	 0 	 0.288877 
