nF/nB^(1/3) 	 d_equal 	 Delta11max 	 Delta12max
0.8 	 0.674 	 0.0224077 	 0.0704165 
0.795 	 0.673 	 0.00184357 	 0.0749134 
0.79 	 0.673 	 0.00138304 	 0.0756499 
0.785 	 0.673 	 0.00130081 	 0.0763391 
0.78 	 0.673 	 0.000996533 	 0.0771396 
0.775 	 0.674 	 0.00706393 	 0.0773594 
0.77 	 0.674 	 0.00536947 	 0.0783417 
0.765 	 0.674 	 0.00397807 	 0.0792858 
0.76 	 0.674 	 0.00289772 	 0.0802092 
0.755 	 0.674 	 0.00209191 	 0.081127 
0.75 	 0.675 	 0.0149038 	 0.0803643 
0.745 	 0.675 	 0.0116302 	 0.0818352 
0.74 	 0.675 	 0.00923219 	 0.0829751 
0.735 	 0.675 	 0.00897256 	 0.0839194 
0.73 	 0.675 	 0.0075355 	 0.0850386 
0.725 	 0.676 	 0.0376832 	 0.0774668 
0.72 	 0.676 	 0.0317351 	 0.081136 
0.715 	 0.676 	 0.0350027 	 0.0807828 
0.71 	 0.676 	 0.0238301 	 0.0858354 
0.705 	 0.675 	 0.00314256 	 0.090304 
0.7 	 0.675 	 0.00276242 	 0.0914078 
0.695 	 0.675 	 0.0022738 	 0.0925336 
0.69 	 0.675 	 0.00183897 	 0.093677 
0.685 	 0.676 	 0.0151022 	 0.0932267 
0.68 	 0.676 	 0.0131363 	 0.094706 
0.675 	 0.676 	 0.0119627 	 0.0958804 
0.67 	 0.676 	 0.0133101 	 0.0969279 
0.665 	 0.676 	 0.0127612 	 0.0982501 
0.66 	 0.677 	 0.0515791 	 0.0858969 
0.655 	 0.677 	 0.0544542 	 0.0855175 
0.65 	 0.677 	 0.0573164 	 0.0851699 
0.645 	 0.677 	 0.0599614 	 0.0849341 
0.64 	 0.677 	 0.0522823 	 0.0914469 
0.635 	 0.677 	 0.0531096 	 0.0925163 
0.63 	 0.677 	 0.0563902 	 0.0922003 
0.625 	 0.677 	 0.0593878 	 0.0919317 
0.62 	 0.677 	 0.0624849 	 0.0916376 
0.615 	 0.677 	 0.0654832 	 0.0913722 
0.61 	 0.676 	 0.0193373 	 0.11244 
0.605 	 0.676 	 0.0282999 	 0.112108 
0.6 	 0.676 	 0.0350387 	 0.111806 
0.595 	 0.676 	 0.0410491 	 0.111504 
0.59 	 0.676 	 0.0461678 	 0.111305 
0.585 	 0.677 	 0.0737529 	 0.0973357 
0.58 	 0.677 	 0.0774181 	 0.0967787 
0.575 	 0.677 	 0.0821613 	 0.0951496 
0.57 	 0.677 	 0.0883097 	 0.091996 
0.565 	 0.676 	 0.0680289 	 0.110133 
0.56 	 0.676 	 0.0719024 	 0.109948 
0.555 	 0.676 	 0.0756266 	 0.109783 
0.55 	 0.676 	 0.0810888 	 0.108395 
0.545 	 0.676 	 0.090138 	 0.103719 
0.54 	 0.676 	 0.0935559 	 0.103498 
0.535 	 0.676 	 0.0969455 	 0.103303 
0.53 	 0.676 	 0.100148 	 0.103298 
0.525 	 0.674 	 0.0722698 	 0.127158 
0.52 	 0.675 	 0.093474 	 0.115453 
0.515 	 0.675 	 0.10301 	 0.110217 
0.51 	 0.675 	 0.106616 	 0.11011 
0.505 	 0.674 	 0.0970344 	 0.121899 
0.5 	 0.674 	 0.104311 	 0.119124 
0.495 	 0.674 	 0.110655 	 0.116801 
0.49 	 0.673 	 0.10185 	 0.128088 
0.485 	 0.673 	 0.111423 	 0.123506 
0.48 	 0.673 	 0.115622 	 0.123355 
0.475 	 0.672 	 0.109437 	 0.132727 
0.47 	 0.672 	 0.117352 	 0.129646 
0.465 	 0.671 	 0.111737 	 0.138544 
0.46 	 0.671 	 0.119732 	 0.135755 
0.455 	 0.671 	 0.129184 	 0.131241 
0.45 	 0.67 	 0.124794 	 0.139929 
0.445 	 0.67 	 0.13215 	 0.137588 
0.44 	 0.669 	 0.131081 	 0.143381 
0.435 	 0.668 	 0.129427 	 0.149611 
0.43 	 0.668 	 0.139168 	 0.145482 
0.425 	 0.667 	 0.135766 	 0.153706 
0.42 	 0.666 	 0.133435 	 0.160668 
0.415 	 0.666 	 0.146292 	 0.154332 
0.41 	 0.665 	 0.14555 	 0.160469 
0.405 	 0.664 	 0.146217 	 0.165343 
0.4 	 0.664 	 0.156954 	 0.160781 
0.395 	 0.663 	 0.157113 	 0.166466 
0.39 	 0.662 	 0.159616 	 0.170133 
0.385 	 0.661 	 0.162723 	 0.173435 
0.38 	 0.66 	 0.163405 	 0.178953 
0.375 	 0.659 	 0.168691 	 0.180574 
0.37 	 0.658 	 0.170841 	 0.185048 
0.365 	 0.657 	 0.174952 	 0.187859 
0.36 	 0.656 	 0.180399 	 0.18963 
0.355 	 0.655 	 0.186079 	 0.191259 
0.35 	 0.654 	 0.191554 	 0.193158 
0.345 	 0.652 	 0.188827 	 0.203345 
0.34 	 0.651 	 0.195156 	 0.204865 
0.335 	 0.65 	 0.201763 	 0.206316 
0.33 	 0.648 	 0.201848 	 0.214474 
0.325 	 0.647 	 0.209691 	 0.215085 
0.32 	 0.645 	 0.211429 	 0.222069 
0.315 	 0.643 	 0.21122 	 0.230764 
0.31 	 0.642 	 0.221682 	 0.229608 
0.305 	 0.64 	 0.224657 	 0.235905 
0.3 	 0.638 	 0.228029 	 0.242092 
0.295 	 0.636 	 0.232195 	 0.247819 
0.29 	 0.634 	 0.238971 	 0.251485 
0.285 	 0.632 	 0.243447 	 0.257187 
0.28 	 0.63 	 0.250533 	 0.260835 
0.275 	 0.628 	 0.258356 	 0.264055 
0.27 	 0.625 	 0.259527 	 0.274194 
0.265 	 0.623 	 0.268251 	 0.277208 
0.26 	 0.62 	 0.271319 	 0.28599 
0.255 	 0.618 	 0.283703 	 0.286381 
0.25 	 0.615 	 0.287167 	 0.295276 
0.245 	 0.612 	 0.293271 	 0.302362 
0.24 	 0.609 	 0.300672 	 0.308627 
0.235 	 0.606 	 0.309143 	 0.31419 
0.23 	 0.602 	 0.309172 	 0.32759 
0.225 	 0.599 	 0.321643 	 0.330833 
0.22 	 0.596 	 0.33396 	 0.334223 
0.215 	 0.592 	 0.340459 	 0.343628 
0.21 	 0.588 	 0.346515 	 0.353497 
0.205 	 0.584 	 0.356158 	 0.361097 
0.2 	 0.58 	 0.367565 	 0.367718 
0.195 	 0.575 	 0.370226 	 0.381998 
0.19 	 0.57 	 0.376609 	 0.394011 
0.185 	 0.566 	 0.394132 	 0.397416 
0.18 	 0.561 	 0.404988 	 0.40705 
0.175 	 0.555 	 0.406068 	 0.424567 
0.17 	 0.55 	 0.423305 	 0.43092 
0.165 	 0.544 	 0.431232 	 0.444754 
0.16 	 0.538 	 0.442227 	 0.457022 
0.155 	 0.532 	 0.458404 	 0.46669 
0.15 	 0.525 	 0.462946 	 0.48465 
0.145 	 0.519 	 0.487977 	 0.490305 
0.14 	 0.511 	 0.487859 	 0.512924 
0.135 	 0.504 	 0.510324 	 0.522721 
0.13 	 0.496 	 0.521181 	 0.540274 
0.125 	 0.488 	 0.538769 	 0.554936 
0.12 	 0.48 	 0.564468 	 0.566249 
0.115 	 0.471 	 0.581462 	 0.584098 
0.11 	 0.461 	 0.583441 	 0.610197 
0.105 	 0.452 	 0.619583 	 0.620546 
0.1 	 0.441 	 0.620716 	 0.649428 
0.095 	 0.431 	 0.659256 	 0.661853 
0.09 	 0.419 	 0.656472 	 0.693705 
0.085 	 0.407 	 0.671708 	 0.719221 
0.08 	 0.395 	 0.708419 	 0.737878 
0.075 	 0.382 	 0.726241 	 0.763534 
0.07 	 0.368 	 0.728897 	 0.795116 
0.065 	 0.354 	 0.771884 	 0.81536 
0.06 	 0.339 	 0.775848 	 0.842177 
0.055 	 0.323 	 0.758763 	 0.87191 
0.05 	 0.307 	 0.852282 	 0.879028 
0.045 	 0.289 	 0.778058 	 0.907918 
0.04 	 0.271 	 0.825414 	 0.904671 
0.035 	 0.252 	 0.807857 	 0.885866 
0.03 	 0.232 	 0.565412 	 0.83978 
0.025 	 0.212 	 0.10464 	 0.713555 
0.02 	 0.193 	 0.134047 	 0.453009 
0.015 	 0.172 	 0.00301405 	 0.151995 
