fill 	 mu 	 CS1 	 Deltamax 
0.5 	 0 	 -1 	 0.817715 
0.496 	 -0.011 	 -1 	 0.817649 
0.492 	 -0.0251301 	 -1 	 0.81757 
0.488 	 -0.0376902 	 -1 	 0.817583 
0.484 	 -0.046 	 -1 	 0.817611 
0.48 	 -0.057 	 -1 	 0.817723 
0.476 	 -0.068 	 -1 	 0.817684 
0.472 	 -0.08 	 -1 	 0.817481 
0.468 	 -0.091 	 -1 	 0.817154 
0.464 	 -0.102 	 -1 	 0.81747 
0.46 	 -0.114 	 -1 	 0.817658 
0.456 	 -0.125 	 -1 	 0.817658 
0.452 	 -0.137 	 -1 	 0.817499 
0.448 	 -0.148 	 -1 	 0.817161 
0.444 	 -0.159 	 -1 	 0.817309 
0.44 	 -0.171 	 -1 	 0.817523 
0.436 	 -0.182 	 -1 	 0.817551 
0.432 	 -0.193 	 -1 	 0.817424 
0.428 	 -0.205 	 -1 	 0.817115 
0.424 	 -0.216 	 -1 	 0.817041 
0.42 	 -0.228 	 -1 	 0.817282 
0.416 	 -0.239 	 -1 	 0.817315 
0.412 	 -0.25 	 -1 	 0.817203 
0.408 	 -0.262 	 -1 	 0.816925 
0.404 	 -0.273 	 -1 	 0.816611 
0.4 	 -0.284 	 -1 	 0.816824 
0.396 	 -0.296 	 -1 	 0.816901 
0.392 	 -0.307 	 -1 	 0.816777 
0.388 	 -0.344643 	 -1 	 0.816852 
0.384 	 -0.33 	 -1 	 0.816052 
0.38 	 -0.341 	 -1 	 0.816143 
0.376 	 -0.352 	 -1 	 0.816187 
0.372 	 -0.364 	 -1 	 0.816076 
0.368 	 -0.375 	 -1 	 0.815771 
0.364 	 -0.386 	 -1 	 0.815327 
0.36 	 -0.398 	 -1 	 0.815122 
0.356 	 -0.409 	 -1 	 0.815115 
0.352 	 -0.421 	 -1 	 0.814964 
0.348 	 -0.427 	 -1 	 0.814339 
0.344 	 -0.470704 	 -1 	 0.814293 
0.34 	 -0.455 	 -1 	 0.81361 
0.336 	 -0.492727 	 -1 	 0.813668 
0.332 	 -0.477 	 -1 	 0.813327 
0.328 	 -0.489 	 -1 	 0.812928 
0.324 	 -0.5 	 -1 	 0.812377 
0.32 	 -0.512 	 -1 	 0.811629 
0.316 	 -0.523 	 -1 	 0.81133 
0.312 	 -0.531 	 -1 	 0.810795 
0.308 	 -0.546 	 -1 	 0.810528 
0.304 	 -0.557 	 -1 	 0.809893 
0.3 	 -0.569 	 -1 	 0.809044 
0.296 	 -0.58 	 -1 	 0.80827 
0.292 	 -0.592 	 -1 	 0.807836 
0.288 	 -0.603 	 -1 	 0.807229 
0.284 	 -0.614 	 -1 	 0.806477 
0.28 	 -0.626 	 -1 	 0.80548 
0.276 	 -0.637 	 -1 	 0.804397 
0.272 	 -0.648 	 -1 	 0.803518 
0.268 	 -0.66 	 -1 	 0.802776 
0.264 	 -0.672 	 -1 	 0.801847 
0.26 	 -0.683 	 -1 	 0.800736 
0.256 	 -0.695 	 -1 	 0.799396 
0.252 	 -0.706 	 -1 	 0.797967 
0.248 	 -0.718 	 -1 	 0.796804 
0.244 	 -0.729 	 -1 	 0.795673 
0.24 	 -0.728969 	 -1 	 0.795675 
0.236 	 -0.752 	 -1 	 0.792865 
0.232 	 -0.764 	 -1 	 0.79118 
0.228 	 -0.775 	 -1 	 0.789302 
0.224 	 -0.787 	 -1 	 0.787527 
0.22 	 -0.798 	 -1 	 0.786003 
0.216 	 -0.81 	 -1 	 0.78428 
0.212 	 -0.822 	 -1 	 0.782277 
0.208 	 -0.833 	 -1 	 0.780248 
0.204 	 -0.844 	 -1 	 0.777867 
0.2 	 -0.856 	 -1 	 0.77542 
0.196 	 -0.867 	 -1 	 0.773018 
0.192 	 -0.879 	 -1 	 0.770838 
0.188 	 -0.891 	 -1 	 0.768307 
0.184 	 -0.902 	 -1 	 0.76578 
0.18 	 -0.912 	 -1 	 0.762945 
0.176 	 -0.925 	 -1 	 0.759864 
0.172 	 -0.935 	 -1 	 0.756602 
0.168 	 -0.946 	 -1 	 0.753223 
0.164 	 -0.957 	 -1 	 0.750023 
0.16 	 -0.971 	 -1 	 0.746557 
0.156 	 -0.983 	 -1 	 0.742906 
0.152 	 -0.992 	 -1 	 0.739298 
0.148 	 -0.999 	 1 	 0.736869 
0.144 	 -1 	 0 	 0.736517 
0.14 	 -1.001 	 0 	 0.736187 
0.136 	 -1.012 	 0 	 0.732898 
0.132 	 -1.02 	 0 	 0.729096 
0.128 	 -1.032 	 0 	 0.724337 
0.124 	 -1.044 	 0 	 0.71928 
0.12 	 -1.056 	 0 	 0.71395 
0.116 	 -1.068 	 0 	 0.708618 
0.112 	 -1.08 	 0 	 0.703298 
0.108 	 -1.092 	 0 	 0.69768 
0.104 	 -1.104 	 0 	 0.691714 
0.1 	 -1.117 	 0 	 0.685002 
0.096 	 -1.129 	 0 	 0.678328 
0.092 	 -1.142 	 0 	 0.670863 
0.088 	 -1.155 	 0 	 0.662958 
0.084 	 -1.169 	 0 	 0.654031 
0.08 	 -1.182 	 0 	 0.6453 
0.076 	 -1.196 	 0 	 0.635281 
0.072 	 -1.209 	 0 	 0.624889 
0.068 	 -1.224 	 0 	 0.613825 
0.064 	 -1.238 	 0 	 0.602822 
0.06 	 -1.252 	 0 	 0.590262 
0.056 	 -1.268 	 0 	 0.577465 
0.052 	 -1.283 	 0 	 0.562723 
0.048 	 -1.298 	 0 	 0.547421 
0.044 	 -1.314 	 0 	 0.530488 
0.04 	 -1.33 	 0 	 0.511844 
0.036 	 -1.346 	 0 	 0.49197 
0.032 	 -1.363 	 0 	 0.469341 
0.028 	 -1.38 	 0 	 0.445007 
0.024 	 -1.397 	 0 	 0.417125 
0.02 	 -1.415 	 0 	 0.38592 
0.016 	 -1.433 	 0 	 0.349693 
0.012 	 -1.453 	 0 	 0.307293 
0.008 	 -1.471 	 0 	 0.253919 
0.004 	 -1.49 	 0 	 0.181721 

0.5 	 0 	 -1 	 0.817715 
0.504 	 0.011 	 -1 	 0.817672 
0.508 	 0.023 	 -1 	 0.817405 
0.512 	 0.034 	 -1 	 0.817304 
0.516 	 0.046 	 -1 	 0.817596 
0.52 	 0.057 	 -1 	 0.817698 
0.524 	 0.068 	 -1 	 0.817691 
0.528 	 0.08 	 -1 	 0.81747 
0.532 	 0.091 	 -1 	 0.817154 
0.536 	 0.103 	 -1 	 0.81749 
0.54 	 0.114 	 -1 	 0.817636 
0.544 	 0.125 	 -1 	 0.817662 
0.548 	 0.137 	 -1 	 0.817479 
0.552 	 0.148 	 -1 	 0.817164 
0.556 	 0.159 	 -1 	 0.817314 
0.56 	 0.171 	 -1 	 0.817523 
0.564 	 0.182 	 -1 	 0.817554 
0.568 	 0.194 	 -1 	 0.817435 
0.572 	 0.205 	 -1 	 0.81707 
0.576 	 0.216 	 -1 	 0.817041 
0.58 	 0.227 	 -1 	 0.817264 
0.584 	 0.239 	 -1 	 0.81728 
0.588 	 0.25 	 -1 	 0.817207 
0.592 	 0.262 	 -1 	 0.816909 
0.596 	 0.273 	 -1 	 0.816612 
0.6 	 0.284 	 -1 	 0.816831 
0.604 	 0.296 	 -1 	 0.816884 
0.608 	 0.307 	 -1 	 0.81678 
0.612 	 0.318 	 -1 	 0.816513 
0.616 	 0.33 	 -1 	 0.816042 
0.62 	 0.341 	 -1 	 0.816148 
0.624 	 0.352 	 -1 	 0.816192 
0.628 	 0.364 	 -1 	 0.816058 
0.632 	 0.375 	 -1 	 0.815776 
0.636 	 0.386 	 -1 	 0.815342 
0.64 	 0.398 	 -1 	 0.815109 
0.644 	 0.409 	 -1 	 0.81512 
0.648 	 0.42 	 -1 	 0.814954 
0.652 	 0.432 	 -1 	 0.814599 
0.656 	 0.443 	 -1 	 0.814141 
0.66 	 0.455 	 -1 	 0.813602 
0.664 	 0.466 	 -1 	 0.813552 
0.668 	 0.477 	 -1 	 0.813338 
0.672 	 0.489 	 -1 	 0.812929 
0.676 	 0.5 	 -1 	 0.812382 
0.68 	 0.512 	 -1 	 0.81162 
0.684 	 0.523 	 -1 	 0.811333 
0.688 	 0.534 	 -1 	 0.811033 
0.692 	 0.546 	 -1 	 0.810531 
0.696 	 0.557 	 -1 	 0.809896 
0.7 	 0.569 	 -1 	 0.80903 
0.704 	 0.58 	 -1 	 0.808271 
0.708 	 0.591 	 -1 	 0.807823 
0.712 	 0.603 	 -1 	 0.807258 
0.716 	 0.614 	 -1 	 0.80648 
0.72 	 0.626 	 -1 	 0.805484 
0.724 	 0.637 	 -1 	 0.804398 
0.728 	 0.649 	 -1 	 0.803518 
0.732 	 0.66 	 -1 	 0.802786 
0.736 	 0.672 	 -1 	 0.801811 
0.74 	 0.683 	 -1 	 0.800736 
0.744 	 0.695 	 -1 	 0.799388 
0.748 	 0.706 	 -1 	 0.797952 
0.752 	 0.718 	 -1 	 0.796774 
0.756 	 0.729 	 -1 	 0.795678 
0.76 	 0.741 	 -1 	 0.794307 
0.764 	 0.752 	 -1 	 0.792848 
0.768 	 0.764 	 -1 	 0.791105 
0.772 	 0.775 	 -1 	 0.789287 
0.776 	 0.787 	 -1 	 0.787511 
0.78 	 0.798 	 -1 	 0.786 
0.784 	 0.809 	 -1 	 0.784298 
0.788 	 0.821 	 -1 	 0.782283 
0.792 	 0.832 	 -1 	 0.780229 
0.796 	 0.844 	 -1 	 0.777817 
0.8 	 0.855 	 -1 	 0.775404 
0.804 	 0.866 	 -1 	 0.77313 
0.808 	 0.878 	 -1 	 0.770795 
0.812 	 0.889 	 -1 	 0.768424 
0.816 	 0.901 	 -1 	 0.765874 
0.82 	 0.912 	 -1 	 0.762945 
0.824 	 0.923 	 -1 	 0.759969 
0.828 	 0.935 	 -1 	 0.756584 
0.832 	 0.946 	 -1 	 0.753239 
0.836 	 0.957 	 -1 	 0.75002 
0.84 	 0.969 	 -1 	 0.746605 
0.844 	 0.98 	 -1 	 0.743192 
0.848 	 0.991 	 -1 	 0.739566 
0.852 	 0.999 	 -1 	 0.736896 
0.856 	 1 	 0 	 0.736533 
0.86 	 1.001 	 0 	 0.736171 
0.864 	 1.009 	 0 	 0.733273 
0.868 	 1.02 	 0 	 0.729095 
0.872 	 1.032 	 0 	 0.724327 
0.876 	 1.044 	 0 	 0.719269 
0.88 	 1.056 	 0 	 0.713935 
0.884 	 1.068 	 0 	 0.708606 
0.888 	 1.08 	 0 	 0.703284 
0.892 	 1.092 	 0 	 0.697666 
0.896 	 1.104 	 0 	 0.691711 
0.9 	 1.117 	 0 	 0.684984 
0.904 	 1.129 	 0 	 0.678301 
0.908 	 1.142 	 0 	 0.670862 
0.912 	 1.155 	 0 	 0.662956 
0.916 	 1.169 	 0 	 0.654556 
0.92 	 1.182 	 0 	 0.645222 
0.924 	 1.196 	 0 	 0.635347 
0.928 	 1.209 	 0 	 0.624863 
0.932 	 1.224 	 0 	 0.613895 
0.936 	 1.238 	 0 	 0.602725 
0.94 	 1.253 	 0 	 0.590824 
0.944 	 1.268 	 0 	 0.577485 
0.948 	 1.283 	 0 	 0.562707 
0.952 	 1.298 	 0 	 0.547467 
0.956 	 1.314 	 0 	 0.530325 
0.96 	 1.33 	 0 	 0.511845 
0.964 	 1.346 	 0 	 0.492003 
0.968 	 1.363 	 0 	 0.469473 
0.972 	 1.38 	 0 	 0.444954 
0.976 	 1.398 	 0 	 0.41746 
0.98 	 1.415 	 0 	 0.385937 
0.984 	 1.434 	 0 	 0.349817 
0.988 	 1.452 	 0 	 0.306606 
0.992 	 1.47 	 0 	 0.253411 
0.996 	 1.491 	 0 	 0.182078 
