         rBB           TC       retneg


  0.00400000   0.27520000   8.84030197 
  0.00402002   0.27440000   8.88453751 
  0.00404003   0.27360000   8.92877304 
  0.00406005   0.27280000   8.97300858 
  0.00408006   0.27200000   9.01724412 
  0.00410008   0.27120000   9.06147965 
  0.00412009   0.27048000   9.10571519 
  0.00414011   0.26968000   9.14995073 
  0.00416012   0.26888000   9.19418627 
  0.00418014   0.26816000   9.23842180 
  0.00420015   0.26736000   9.28265734 
  0.00422017   0.26656000   9.32689288 
  0.00424018   0.26584000   9.37112841 
  0.00426020   0.26504000   9.41536395 
  0.00428022   0.26432000   9.45959949 
  0.00430023   0.26360000   9.50383503 
  0.00432025   0.26280000   9.54807056 
  0.00434026   0.26208000   9.59230610 
  0.00436028   0.26136000   9.63654164 
  0.00438029   0.26064000   9.68077718 
  0.00440031   0.25984000   9.72501271 
  0.00442032   0.25912000   9.76924825 
  0.00444034   0.25840000   9.81348379 
  0.00446035   0.25768000   9.85771932 
  0.00448037   0.25696000   9.90195486 
  0.00450038   0.25624000   9.94619040 
  0.00452040   0.25552000   9.99042594 
  0.00454042   0.25480000  10.03466147 
  0.00456043   0.25416000  10.07889701 
  0.00458045   0.25344000  10.12313255 
  0.00460046   0.25272000  10.16736808 
  0.00462048   0.25200000  10.21160362 
  0.00464049   0.25128000  10.25583916 
  0.00466051   0.25064000  10.30007470 
  0.00468052   0.24992000  10.34431023 
  0.00470054   0.24928000  10.38854577 
  0.00472055   0.24856000  10.43278131 
  0.00474057   0.24784000  10.47701684 
  0.00476059   0.24720000  10.52125238 
  0.00478060   0.24648000  10.56548792 
  0.00480062   0.24584000  10.60972346 
  0.00482063   0.24520000  10.65395899 
  0.00484065   0.24448000  10.69819453 
  0.00486066   0.24384000  10.74243007 
  0.00488068   0.24320000  10.78666560 
  0.00490069   0.24248000  10.83090114 
  0.00492071   0.24184000  10.87513668 
  0.00494072   0.24120000  10.91937222 
  0.00496074   0.24056000  10.96360775 
  0.00498075   0.23992000  11.00784329 
  0.00500077   0.23928000  11.05207883 
  0.00502079   0.23864000  11.09631436 
  0.00504080   0.23792000  11.14054990 
  0.00506082   0.23728000  11.18478544 
  0.00508083   0.23664000  11.22902098 
  0.00510085   0.23608000  11.27325651 
  0.00512086   0.23544000  11.31749205 
  0.00514088   0.23480000  11.36172759 
  0.00516089   0.23416000  11.40596313 
  0.00518091   0.23352000  11.45019866 
  0.00520092   0.23288000  11.49443420 
  0.00522094   0.23232000  11.53866974 
  0.00524095   0.23168000  11.58290527 
  0.00526097   0.23104000  11.62714081 
  0.00528099   0.23040000  11.67137635 
  0.00530100   0.22984000  11.71561189 
  0.00532102   0.22920000  11.75984742 
  0.00534103   0.22864000  11.80408296 
  0.00536105   0.22800000  11.84831850 
  0.00538106   0.22736000  11.89255403 
  0.00540108   0.22680000  11.93678957 
  0.00542109   0.22616000  11.98102511 
  0.00544111   0.22560000  12.02526065 
  0.00546112   0.22504000  12.06949618 
  0.00548114   0.22440000  12.11373172 
  0.00550115   0.22384000  12.15796726 
  0.00552117   0.22328000  12.20220279 
  0.00554119   0.22264000  12.24643833 
  0.00556120   0.22208000  12.29067387 
  0.00558122   0.22152000  12.33490941 
  0.00560123   0.22088000  12.37914494 
  0.00562125   0.22032000  12.42338048 
  0.00564126   0.21976000  12.46761602 
  0.00566128   0.21920000  12.51185155 
  0.00568129   0.21864000  12.55608709 
  0.00570131   0.21808000  12.60032263 
  0.00572132   0.21752000  12.64455817 
  0.00574134   0.21696000  12.68879370 
  0.00576135   0.21640000  12.73302924 
  0.00578137   0.21584000  12.77726478 
  0.00580139   0.21528000  12.82150031 
  0.00582140   0.21472000  12.86573585 
  0.00584142   0.21416000  12.90997139 
  0.00586143   0.21360000  12.95420693 
  0.00588145   0.21304000  12.99844246 
  0.00590146   0.21248000  13.04267800 
  0.00592148   0.21192000  13.08691354 
  0.00594149   0.21136000  13.13114908 
  0.00596151   0.21088000  13.17538461 
  0.00598152   0.21032000  13.21962015 
  0.00600154   0.20976000  13.26385569 
  0.00602156   0.20920000  13.30809122 
  0.00604157   0.20872000  13.35232676 
  0.00606159   0.20816000  13.39656230 
  0.00608160   0.20760000  13.44079784 
  0.00610162   0.20712000  13.48503337 
  0.00612163   0.20656000  13.52926891 
  0.00614165   0.20608000  13.57350445 
  0.00616166   0.20552000  13.61773998 
  0.00618168   0.20504000  13.66197552 
  0.00620169   0.20448000  13.70621106 
  0.00622171   0.20400000  13.75044660 
  0.00624172   0.20344000  13.79468213 
  0.00626174   0.20296000  13.83891767 
  0.00628176   0.20240000  13.88315321 
  0.00630177   0.20192000  13.92738874 
  0.00632179   0.20136000  13.97162428 
  0.00634180   0.20088000  14.01585982 
  0.00636182   0.20040000  14.06009536 
  0.00638183   0.19984000  14.10433089 
  0.00640185   0.19936000  14.14856643 
  0.00642186   0.19888000  14.19280197 
  0.00644188   0.19840000  14.23703750 
  0.00646189   0.19784000  14.28127304 
  0.00648191   0.19736000  14.32550858 
  0.00650192   0.19688000  14.36974412 
  0.00652194   0.19640000  14.41397965 
  0.00654196   0.19592000  14.45821519 
  0.00656197   0.19544000  14.50245073 
  0.00658199   0.19496000  14.54668627 
  0.00660200   0.19440000  14.59092180 
  0.00662202   0.19392000  14.63515734 
  0.00664203   0.19344000  14.67939288 
  0.00666205   0.19296000  14.72362841 
  0.00668206   0.19248000  14.76786395 
  0.00670208   0.19200000  14.81209949 
  0.00672209   0.19152000  14.85633503 
  0.00674211   0.19104000  14.90057056 
  0.00676212   0.19056000  14.94480610 
  0.00678214   0.19016000  14.98904164 
  0.00680216   0.18968000  15.03327717 
  0.00682217   0.18920000  15.07751271 
  0.00684219   0.18872000  15.12174825 
  0.00686220   0.18824000  15.16598379 
  0.00688222   0.18776000  15.21021932 
  0.00690223   0.18736000  15.25445486 
  0.00692225   0.18688000  15.29869040 
  0.00694226   0.18640000  15.34292593 
  0.00696228   0.18592000  15.38716147 
  0.00698229   0.18552000  15.43139701 
  0.00700231   0.18504000  15.47563255 
  0.00702232   0.18456000  15.51986808 
  0.00704234   0.18408000  15.56410362 
  0.00706236   0.18368000  15.60833916 
  0.00708237   0.18320000  15.65257469 
  0.00710239   0.18280000  15.69681023 
  0.00712240   0.18232000  15.74104577 
  0.00714242   0.18184000  15.78528131 
  0.00716243   0.18144000  15.82951684 
  0.00718245   0.18096000  15.87375238 
  0.00720246   0.18056000  15.91798792 
  0.00722248   0.18008000  15.96222345 
  0.00724249   0.17968000  16.00645899 
  0.00726251   0.17920000  16.05069453 
  0.00728253   0.17880000  16.09493007 
  0.00730254   0.17832000  16.13916560 
  0.00732256   0.17792000  16.18340114 
  0.00734257   0.17752000  16.22763668 
  0.00736259   0.17704000  16.27187222 
  0.00738260   0.17664000  16.31610775 
  0.00740262   0.17616000  16.36034329 
  0.00742263   0.17576000  16.40457883 
  0.00744265   0.17536000  16.44881436 
  0.00746266   0.17488000  16.49304990 
  0.00748268   0.17448000  16.53728544 
  0.00750269   0.17408000  16.58152098 
  0.00752271   0.17368000  16.62575651 
  0.00754273   0.17320000  16.66999205 
  0.00756274   0.17280000  16.71422759 
  0.00758276   0.17240000  16.75846312 
  0.00760277   0.17200000  16.80269866 
  0.00762279   0.17160000  16.84693420 
  0.00764280   0.17112000  16.89116974 
  0.00766282   0.17072000  16.93540527 
  0.00768283   0.17032000  16.97964081 
  0.00770285   0.16992000  17.02387635 
  0.00772286   0.16952000  17.06811188 
  0.00774288   0.16912000  17.11234742 
  0.00776289   0.16872000  17.15658296 
  0.00778291   0.16832000  17.20081850 
  0.00780293   0.16792000  17.24505403 
  0.00782294   0.16752000  17.28928957 
  0.00784296   0.16712000  17.33352511 
  0.00786297   0.16672000  17.37776064 
  0.00788299   0.16632000  17.42199618 
  0.00790300   0.16592000  17.46623172 
  0.00792302   0.16552000  17.51046726 
  0.00794303   0.16512000  17.55470279 
  0.00796305   0.16472000  17.59893833 
  0.00798306   0.16432000  17.64317387 
  0.00800308   0.16392000  17.68740940 
  0.00802309   0.16352000  17.73164494 
  0.00804311   0.16312000  17.77588048 
  0.00806313   0.16272000  17.82011602 
  0.00808314   0.16232000  17.86435155 
  0.00810316   0.16200000  17.90858709 
  0.00812317   0.16160000  17.95282263 
  0.00814319   0.16120000  17.99705817 
  0.00816320   0.16080000  18.04129370 
  0.00818322   0.16040000  18.08552924 
  0.00820323   0.16008000  18.12976478 
  0.00822325   0.15968000  18.17400031 
  0.00824326   0.15928000  18.21823585 
  0.00826328   0.15896000  18.26247139 
  0.00828329   0.15856000  18.30670693 
  0.00830331   0.15816000  18.35094246 
  0.00832333   0.15776000  18.39517800 
  0.00834334   0.15744000  18.43941354 
  0.00836336   0.15704000  18.48364907 
  0.00838337   0.15672000  18.52788461 
  0.00840339   0.15632000  18.57212015 
  0.00842340   0.15592000  18.61635569 
  0.00844342   0.15560000  18.66059122 
  0.00846343   0.15520000  18.70482676 
  0.00848345   0.15488000  18.74906230 
  0.00850346   0.15448000  18.79329783 
  0.00852348   0.15408000  18.83753337 
  0.00854349   0.15376000  18.88176891 
  0.00856351   0.15336000  18.92600445 
  0.00858353   0.15304000  18.97023998 
  0.00860354   0.15264000  19.01447552 
  0.00862356   0.15232000  19.05871106 
  0.00864357   0.15192000  19.10294659 
  0.00866359   0.15160000  19.14718213 
  0.00868360   0.15128000  19.19141767 
  0.00870362   0.15088000  19.23565321 
  0.00872363   0.15056000  19.27988874 
  0.00874365   0.15016000  19.32412428 
  0.00876366   0.14984000  19.36835982 
  0.00878368   0.14952000  19.41259535 
  0.00880370   0.14912000  19.45683089 
  0.00882371   0.14880000  19.50106643 
  0.00884373   0.14840000  19.54530197 
  0.00886374   0.14808000  19.58953750 
  0.00888376   0.14776000  19.63377304 
  0.00890377   0.14736000  19.67800858 
  0.00892379   0.14704000  19.72224412 
  0.00894380   0.14672000  19.76647965 
  0.00896382   0.14640000  19.81071519 
  0.00898383   0.14600000  19.85495073 
  0.00900385   0.14568000  19.89918626 
  0.00902386   0.14536000  19.94342180 
  0.00904388   0.14504000  19.98765734 
  0.00906390   0.14464000  20.03189288 
  0.00908391   0.14432000  20.07612841 
  0.00910393   0.14400000  20.12036395 
  0.00912394   0.14368000  20.16459949 
  0.00914396   0.14336000  20.20883502 
  0.00916397   0.14304000  20.25307056 
  0.00918399   0.14264000  20.29730610 
  0.00920400   0.14232000  20.34154164 
  0.00922402   0.14200000  20.38577717 
  0.00924403   0.14168000  20.43001271 
  0.00926405   0.14136000  20.47424825 
  0.00928406   0.14104000  20.51848378 
  0.00930408   0.14072000  20.56271932 
  0.00932410   0.14040000  20.60695486 
  0.00934411   0.14008000  20.65119040 
  0.00936413   0.13976000  20.69542593 
  0.00938414   0.13944000  20.73966147 
  0.00940416   0.13912000  20.78389701 
  0.00942417   0.13880000  20.82813254 
  0.00944419   0.13848000  20.87236808 
  0.00946420   0.13816000  20.91660362 
  0.00948422   0.13784000  20.96083916 
  0.00950423   0.13752000  21.00507469 
  0.00952425   0.13720000  21.04931023 
  0.00954426   0.13688000  21.09354577 
  0.00956428   0.13656000  21.13778130 
  0.00958430   0.13624000  21.18201684 
  0.00960431   0.13592000  21.22625238 
  0.00962433   0.13560000  21.27048792 
  0.00964434   0.13528000  21.31472345 
  0.00966436   0.13496000  21.35895899 
  0.00968437   0.13464000  21.40319453 
  0.00970439   0.13440000  21.44743007 
  0.00972440   0.13408000  21.49166560 
  0.00974442   0.13376000  21.53590114 
  0.00976443   0.13344000  21.58013668 
  0.00978445   0.13312000  21.62437221 
  0.00980446   0.13280000  21.66860775 
  0.00982448   0.13256000  21.71284329 
  0.00984450   0.13224000  21.75707883 
  0.00986451   0.13192000  21.80131436 
  0.00988453   0.13160000  21.84554990 
  0.00990454   0.13128000  21.88978544 
  0.00992456   0.13104000  21.93402097 
  0.00994457   0.13072000  21.97825651 
  0.00996459   0.13040000  22.02249205 
  0.00998460   0.13008000  22.06672759 
  0.01000462   0.12984000  22.11096312 
  0.01002463   0.12952000  22.15519866 
  0.01004465   0.12920000  22.19943420 
  0.01006467   0.12896000  22.24366973 
  0.01008468   0.12864000  22.28790527 
  0.01010470   0.12832000  22.33214081 
  0.01012471   0.12808000  22.37637635 
  0.01014473   0.12776000  22.42061188 
  0.01016474   0.12744000  22.46484742 
  0.01018476   0.12720000  22.50908296 
  0.01020477   0.12688000  22.55331849 
  0.01022479   0.12664000  22.59755403 
  0.01024480   0.12632000  22.64178957 
  0.01026482   0.12600000  22.68602511 
  0.01028483   0.12576000  22.73026064 
  0.01030485   0.12544000  22.77449618 
  0.01032487   0.12520000  22.81873172 
  0.01034488   0.12488000  22.86296725 
  0.01036490   0.12464000  22.90720279 
  0.01038491   0.12432000  22.95143833 
  0.01040493   0.12408000  22.99567387 
  0.01042494   0.12376000  23.03990940 
  0.01044496   0.12352000  23.08414494 
  0.01046497   0.12320000  23.12838048 
  0.01048499   0.12296000  23.17261602 
  0.01050500   0.12264000  23.21685155 
  0.01052502   0.12240000  23.26108709 
  0.01054503   0.12208000  23.30532263 
  0.01056505   0.12184000  23.34955816 
  0.01058507   0.12152000  23.39379370 
  0.01060508   0.12128000  23.43802924 
  0.01062510   0.12096000  23.48226478 
  0.01064511   0.12072000  23.52650031 
  0.01066513   0.12048000  23.57073585 
  0.01068514   0.12016000  23.61497139 
  0.01070516   0.11992000  23.65920692 
  0.01072517   0.11960000  23.70344246 
  0.01074519   0.11936000  23.74767800 
  0.01076520   0.11912000  23.79191354 
  0.01078522   0.11880000  23.83614907 
  0.01080523   0.11856000  23.88038461 
  0.01082525   0.11832000  23.92462015 
  0.01084527   0.11800000  23.96885568 
  0.01086528   0.11776000  24.01309122 
  0.01088530   0.11752000  24.05732676 
  0.01090531   0.11720000  24.10156230 
  0.01092533   0.11696000  24.14579783 
  0.01094534   0.11672000  24.19003337 
  0.01096536   0.11640000  24.23426891 
  0.01098537   0.11616000  24.27850444 
  0.01100539   0.11592000  24.32273998 
  0.01102540   0.11568000  24.36697552 
  0.01104542   0.11536000  24.41121106 
  0.01106543   0.11512000  24.45544659 
  0.01108545   0.11488000  24.49968213 
  0.01110547   0.11464000  24.54391767 
  0.01112548   0.11440000  24.58815320 
  0.01114550   0.11408000  24.63238874 
  0.01116551   0.11384000  24.67662428 
  0.01118553   0.11360000  24.72085982 
  0.01120554   0.11336000  24.76509535 
  0.01122556   0.11312000  24.80933089 
  0.01124557   0.11280000  24.85356643 
  0.01126559   0.11256000  24.89780197 
  0.01128560   0.11232000  24.94203750 
  0.01130562   0.11208000  24.98627304 
  0.01132564   0.11184000  25.03050858 
  0.01134565   0.11160000  25.07474411 
  0.01136567   0.11136000  25.11897965 
  0.01138568   0.11104000  25.16321519 
  0.01140570   0.11080000  25.20745073 
  0.01142571   0.11056000  25.25168626 
  0.01144573   0.11032000  25.29592180 
  0.01146574   0.11008000  25.34015734 
  0.01148576   0.10984000  25.38439287 
  0.01150577   0.10960000  25.42862841 
  0.01152579   0.10936000  25.47286395 
  0.01154580   0.10912000  25.51709949 
  0.01156582   0.10888000  25.56133502 
  0.01158584   0.10864000  25.60557056 
  0.01160585   0.10840000  25.64980610 
  0.01162587   0.10816000  25.69404163 
  0.01164588   0.10792000  25.73827717 
  0.01166590   0.10768000  25.78251271 
  0.01168591   0.10744000  25.82674825 
  0.01170593   0.10720000  25.87098378 
  0.01172594   0.10696000  25.91521932 
  0.01174596   0.10672000  25.95945486 
  0.01176597   0.10648000  26.00369039 
  0.01178599   0.10624000  26.04792593 
  0.01180600   0.10600000  26.09216147 
  0.01182602   0.10576000  26.13639701 
  0.01184604   0.10552000  26.18063254 
  0.01186605   0.10528000  26.22486808 
  0.01188607   0.10504000  26.26910362 
  0.01190608   0.10480000  26.31333915 
  0.01192610   0.10456000  26.35757469 
  0.01194611   0.10432000  26.40181023 
  0.01196613   0.10416000  26.44604577 
  0.01198614   0.10392000  26.49028130 
  0.01200616   0.10368000  26.53451684 
  0.01202617   0.10344000  26.57875238 
  0.01204619   0.10320000  26.62298792 
  0.01206620   0.10296000  26.66722345 
  0.01208622   0.10272000  26.71145899 
  0.01210624   0.10256000  26.75569453 
  0.01212625   0.10232000  26.79993006 
  0.01214627   0.10208000  26.84416560 
  0.01216628   0.10184000  26.88840114 
  0.01218630   0.10160000  26.93263668 
  0.01220631   0.10136000  26.97687221 
  0.01222633   0.10120000  27.02110775 
  0.01224634   0.10096000  27.06534329 
  0.01226636   0.10072000  27.10957882 
  0.01228637   0.10048000  27.15381436 
  0.01230639   0.10032000  27.19804990 
  0.01232640   0.10008000  27.24228544 
  0.01234642   0.09984000  27.28652097 
  0.01236644   0.09960000  27.33075651 
  0.01238645   0.09936000  27.37499205 
  0.01240647   0.09920000  27.41922758 
  0.01242648   0.09896000  27.46346312 
  0.01244650   0.09872000  27.50769866 
  0.01246651   0.09856000  27.55193420 
  0.01248653   0.09832000  27.59616973 
  0.01250654   0.09808000  27.64040527 
  0.01252656   0.09784000  27.68464081 
  0.01254657   0.09768000  27.72887634 
  0.01256659   0.09744000  27.77311188 
  0.01258661   0.09720000  27.81734742 
  0.01260662   0.09704000  27.86158296 
  0.01262664   0.09680000  27.90581849 
  0.01264665   0.09656000  27.95005403 
  0.01266667   0.09640000  27.99428957 
  0.01268668   0.09616000  28.03852510 
  0.01270670   0.09592000  28.08276064 
  0.01272671   0.09576000  28.12699618 
  0.01274673   0.09552000  28.17123172 
  0.01276674   0.09536000  28.21546725 
  0.01278676   0.09512000  28.25970279 
  0.01280677   0.09488000  28.30393833 
  0.01282679   0.09472000  28.34817387 
  0.01284681   0.09448000  28.39240940 
  0.01286682   0.09432000  28.43664494 
  0.01288684   0.09408000  28.48088048 
  0.01290685   0.09384000  28.52511601 
  0.01292687   0.09368000  28.56935155 
  0.01294688   0.09344000  28.61358709 
  0.01296690   0.09328000  28.65782263 
  0.01298691   0.09304000  28.70205816 
  0.01300693   0.09288000  28.74629370 
  0.01302694   0.09264000  28.79052924 
  0.01304696   0.09248000  28.83476477 
  0.01306697   0.09224000  28.87900031 
  0.01308699   0.09200000  28.92323585 
  0.01310701   0.09184000  28.96747139 
  0.01312702   0.09160000  29.01170692 
  0.01314704   0.09144000  29.05594246 
  0.01316705   0.09120000  29.10017800 
  0.01318707   0.09104000  29.14441353 
  0.01320708   0.09088000  29.18864907 
  0.01322710   0.09064000  29.23288461 
  0.01324711   0.09048000  29.27712015 
  0.01326713   0.09024000  29.32135568 
  0.01328714   0.09008000  29.36559122 
  0.01330716   0.08984000  29.40982676 
  0.01332717   0.08968000  29.45406229 
  0.01334719   0.08944000  29.49829783 
  0.01336721   0.08928000  29.54253337 
  0.01338722   0.08904000  29.58676891 
  0.01340724   0.08888000  29.63100444 
  0.01342725   0.08872000  29.67523998 
  0.01344727   0.08848000  29.71947552 
  0.01346728   0.08832000  29.76371105 
  0.01348730   0.08808000  29.80794659 
  0.01350731   0.08792000  29.85218213 
  0.01352733   0.08776000  29.89641767 
  0.01354734   0.08752000  29.94065320 
  0.01356736   0.08736000  29.98488874 
  0.01358737   0.08712000  30.02912428 
  0.01360739   0.08696000  30.07335982 
  0.01362741   0.08680000  30.11759535 
  0.01364742   0.08656000  30.16183089 
  0.01366744   0.08640000  30.20606643 
  0.01368745   0.08624000  30.25030196 
  0.01370747   0.08600000  30.29453750 
  0.01372748   0.08584000  30.33877304 
  0.01374750   0.08568000  30.38300858 
  0.01376751   0.08544000  30.42724411 
  0.01378753   0.08528000  30.47147965 
  0.01380754   0.08512000  30.51571519 
  0.01382756   0.08488000  30.55995072 
  0.01384758   0.08472000  30.60418626 
  0.01386759   0.08456000  30.64842180 
  0.01388761   0.08440000  30.69265734 
  0.01390762   0.08416000  30.73689287 
  0.01392764   0.08400000  30.78112841 
  0.01394765   0.08384000  30.82536395 
  0.01396767   0.08368000  30.86959948 
  0.01398768   0.08344000  30.91383502 
  0.01400770   0.08328000  30.95807056 
  0.01402771   0.08312000  31.00230610 
  0.01404773   0.08296000  31.04654163 
  0.01406774   0.08272000  31.09077717 
  0.01408776   0.08256000  31.13501271 
  0.01410778   0.08240000  31.17924824 
  0.01412779   0.08224000  31.22348378 
  0.01414781   0.08200000  31.26771932 
  0.01416782   0.08184000  31.31195486 
  0.01418784   0.08168000  31.35619039 
  0.01420785   0.08152000  31.40042593 
  0.01422787   0.08136000  31.44466147 
  0.01424788   0.08112000  31.48889701 
  0.01426790   0.08096000  31.53313254 
  0.01428791   0.08080000  31.57736808 
  0.01430793   0.08064000  31.62160362 
  0.01432794   0.08048000  31.66583915 
  0.01434796   0.08032000  31.71007469 
  0.01436798   0.08008000  31.75431023 
  0.01438799   0.07992000  31.79854577 
  0.01440801   0.07976000  31.84278130 
  0.01442802   0.07960000  31.88701684 
  0.01444804   0.07944000  31.93125238 
  0.01446805   0.07928000  31.97548791 
  0.01448807   0.07912000  32.01972345 
  0.01450808   0.07896000  32.06395899 
  0.01452810   0.07872000  32.10819453 
  0.01454811   0.07856000  32.15243006 
  0.01456813   0.07840000  32.19666560 
  0.01458814   0.07824000  32.24090114 
  0.01460816   0.07808000  32.28513667 
  0.01462818   0.07792000  32.32937221 
  0.01464819   0.07776000  32.37360775 
  0.01466821   0.07760000  32.41784329 
  0.01468822   0.07744000  32.46207882 
  0.01470824   0.07728000  32.50631436 
  0.01472825   0.07712000  32.55054990 
  0.01474827   0.07696000  32.59478543 
  0.01476828   0.07680000  32.63902097 
  0.01478830   0.07656000  32.68325651 
  0.01480831   0.07640000  32.72749205 
  0.01482833   0.07624000  32.77172758 
  0.01484834   0.07608000  32.81596312 
  0.01486836   0.07592000  32.86019866 
  0.01488838   0.07576000  32.90443419 
  0.01490839   0.07560000  32.94866973 
  0.01492841   0.07544000  32.99290527 
  0.01494842   0.07528000  33.03714081 
  0.01496844   0.07512000  33.08137634 
  0.01498845   0.07496000  33.12561188 
  0.01500847   0.07480000  33.16984742 
  0.01502848   0.07464000  33.21408296 
  0.01504850   0.07448000  33.25831849 
  0.01506851   0.07432000  33.30255403 
  0.01508853   0.07416000  33.34678957 
  0.01510855   0.07408000  33.39102510 
  0.01512856   0.07392000  33.43526064 
  0.01514858   0.07376000  33.47949618 
  0.01516859   0.07360000  33.52373172 
  0.01518861   0.07344000  33.56796725 
  0.01520862   0.07328000  33.61220279 
  0.01522864   0.07312000  33.65643833 
  0.01524865   0.07296000  33.70067386 
  0.01526867   0.07280000  33.74490940 
  0.01528868   0.07264000  33.78914494 
  0.01530870   0.07248000  33.83338048 
  0.01532871   0.07232000  33.87761601 
  0.01534873   0.07216000  33.92185155 
  0.01536875   0.07200000  33.96608709 
  0.01538876   0.07192000  34.01032262 
  0.01540878   0.07176000  34.05455816 
  0.01542879   0.07160000  34.09879370 
  0.01544881   0.07144000  34.14302924 
  0.01546882   0.07128000  34.18726477 
  0.01548884   0.07112000  34.23150031 
  0.01550885   0.07096000  34.27573585 
  0.01552887   0.07080000  34.31997138 
  0.01554888   0.07072000  34.36420692 
  0.01556890   0.07056000  34.40844246 
  0.01558891   0.07040000  34.45267800 
  0.01560893   0.07024000  34.49691353 
  0.01562895   0.07008000  34.54114907 
  0.01564896   0.06992000  34.58538461 
  0.01566898   0.06984000  34.62962014 
  0.01568899   0.06968000  34.67385568 
  0.01570901   0.06952000  34.71809122 
  0.01572902   0.06936000  34.76232676 
  0.01574904   0.06920000  34.80656229 
  0.01576905   0.06912000  34.85079783 
  0.01578907   0.06896000  34.89503337 
  0.01580908   0.06880000  34.93926891 
  0.01582910   0.06864000  34.98350444 
  0.01584911   0.06848000  35.02773998 
  0.01586913   0.06840000  35.07197552 
  0.01588915   0.06824000  35.11621105 
  0.01590916   0.06808000  35.16044659 
  0.01592918   0.06792000  35.20468213 
  0.01594919   0.06784000  35.24891767 
  0.01596921   0.06768000  35.29315320 
  0.01598922   0.06752000  35.33738874 
  0.01600924   0.06736000  35.38162428 
  0.01602925   0.06728000  35.42585981 
  0.01604927   0.06712000  35.47009535 
  0.01606928   0.06696000  35.51433089 
  0.01608930   0.06680000  35.55856643 
  0.01610931   0.06672000  35.60280196 
  0.01612933   0.06656000  35.64703750 
  0.01614935   0.06640000  35.69127304 
  0.01616936   0.06624000  35.73550857 
  0.01618938   0.06616000  35.77974411 
  0.01620939   0.06600000  35.82397965 
  0.01622941   0.06584000  35.86821519 
  0.01624942   0.06576000  35.91245072 
  0.01626944   0.06560000  35.95668626 
  0.01628945   0.06544000  36.00092180 
  0.01630947   0.06536000  36.04515733 
  0.01632948   0.06520000  36.08939287 
  0.01634950   0.06504000  36.13362841 
  0.01636952   0.06496000  36.17786395 
  0.01638953   0.06480000  36.22209948 
  0.01640955   0.06464000  36.26633502 
  0.01642956   0.06456000  36.31057056 
  0.01644958   0.06440000  36.35480609 
  0.01646959   0.06424000  36.39904163 
  0.01648961   0.06416000  36.44327717 
  0.01650962   0.06400000  36.48751271 
  0.01652964   0.06384000  36.53174824 
  0.01654965   0.06376000  36.57598378 
  0.01656967   0.06360000  36.62021932 
  0.01658968   0.06352000  36.66445486 
  0.01660970   0.06336000  36.70869039 
  0.01662972   0.06320000  36.75292593 
  0.01664973   0.06312000  36.79716147 
  0.01666975   0.06296000  36.84139700 
  0.01668976   0.06288000  36.88563254 
  0.01670978   0.06272000  36.92986808 
  0.01672979   0.06256000  36.97410362 
  0.01674981   0.06248000  37.01833915 
  0.01676982   0.06232000  37.06257469 
  0.01678984   0.06224000  37.10681023 
  0.01680985   0.06208000  37.15104576 
  0.01682987   0.06200000  37.19528130 
  0.01684988   0.06184000  37.23951684 
  0.01686990   0.06168000  37.28375238 
  0.01688992   0.06160000  37.32798791 
  0.01690993   0.06144000  37.37222345 
  0.01692995   0.06136000  37.41645899 
  0.01694996   0.06120000  37.46069452 
  0.01696998   0.06112000  37.50493006 
  0.01698999   0.06096000  37.54916560 
  0.01701001   0.06088000  37.59340114 
  0.01703002   0.06072000  37.63763667 
  0.01705004   0.06064000  37.68187221 
  0.01707005   0.06048000  37.72610775 
  0.01709007   0.06040000  37.77034328 
  0.01711008   0.06024000  37.81457882 
  0.01713010   0.06016000  37.85881436 
  0.01715012   0.06000000  37.90304990 
  0.01717013   0.05992000  37.94728543 
  0.01719015   0.05976000  37.99152097 
  0.01721016   0.05968000  38.03575651 
  0.01723018   0.05952000  38.07999204 
  0.01725019   0.05944000  38.12422758 
  0.01727021   0.05928000  38.16846312 
  0.01729022   0.05920000  38.21269866 
  0.01731024   0.05904000  38.25693419 
  0.01733025   0.05896000  38.30116973 
  0.01735027   0.05880000  38.34540527 
  0.01737028   0.05872000  38.38964081 
  0.01739030   0.05856000  38.43387634 
  0.01741032   0.05848000  38.47811188 
  0.01743033   0.05832000  38.52234742 
  0.01745035   0.05824000  38.56658295 
  0.01747036   0.05816000  38.61081849 
  0.01749038   0.05800000  38.65505403 
  0.01751039   0.05792000  38.69928957 
  0.01753041   0.05776000  38.74352510 
  0.01755042   0.05768000  38.78776064 
  0.01757044   0.05752000  38.83199618 
  0.01759045   0.05744000  38.87623171 
  0.01761047   0.05736000  38.92046725 
  0.01763048   0.05720000  38.96470279 
  0.01765050   0.05712000  39.00893833 
  0.01767052   0.05696000  39.05317386 
  0.01769053   0.05688000  39.09740940 
  0.01771055   0.05680000  39.14164494 
  0.01773056   0.05664000  39.18588047 
  0.01775058   0.05656000  39.23011601 
  0.01777059   0.05648000  39.27435155 
  0.01779061   0.05632000  39.31858709 
  0.01781062   0.05624000  39.36282262 
  0.01783064   0.05608000  39.40705816 
  0.01785065   0.05600000  39.45129370 
  0.01787067   0.05592000  39.49552923 
  0.01789069   0.05576000  39.53976477 
  0.01791070   0.05568000  39.58400031 
  0.01793072   0.05560000  39.62823585 
  0.01795073   0.05544000  39.67247138 
  0.01797075   0.05536000  39.71670692 
  0.01799076   0.05528000  39.76094246 
  0.01801078   0.05512000  39.80517799 
  0.01803079   0.05504000  39.84941353 
  0.01805081   0.05496000  39.89364907 
  0.01807082   0.05480000  39.93788461 
  0.01809084   0.05472000  39.98212014 
  0.01811085   0.05464000  40.02635568 
  0.01813087   0.05448000  40.07059122 
  0.01815089   0.05440000  40.11482676 
  0.01817090   0.05432000  40.15906229 
  0.01819092   0.05424000  40.20329783 
  0.01821093   0.05408000  40.24753337 
  0.01823095   0.05400000  40.29176890 
  0.01825096   0.05392000  40.33600444 
  0.01827098   0.05376000  40.38023998 
  0.01829099   0.05368000  40.42447552 
  0.01831101   0.05360000  40.46871105 
  0.01833102   0.05352000  40.51294659 
  0.01835104   0.05336000  40.55718213 
  0.01837105   0.05328000  40.60141766 
  0.01839107   0.05320000  40.64565320 
  0.01841109   0.05304000  40.68988874 
  0.01843110   0.05296000  40.73412428 
  0.01845112   0.05288000  40.77835981 
  0.01847113   0.05280000  40.82259535 
  0.01849115   0.05264000  40.86683089 
  0.01851116   0.05256000  40.91106642 
  0.01853118   0.05248000  40.95530196 
  0.01855119   0.05240000  40.99953750 
  0.01857121   0.05232000  41.04377304 
  0.01859122   0.05216000  41.08800857 
  0.01861124   0.05208000  41.13224411 
  0.01863125   0.05200000  41.17647965 
  0.01865127   0.05192000  41.22071518 
  0.01867129   0.05176000  41.26495072 
  0.01869130   0.05168000  41.30918626 
  0.01871132   0.05160000  41.35342180 
  0.01873133   0.05152000  41.39765733 
  0.01875135   0.05144000  41.44189287 
  0.01877136   0.05128000  41.48612841 
  0.01879138   0.05120000  41.53036394 
  0.01881139   0.05112000  41.57459948 
  0.01883141   0.05104000  41.61883502 
  0.01885142   0.05096000  41.66307056 
  0.01887144   0.05080000  41.70730609 
  0.01889145   0.05072000  41.75154163 
  0.01891147   0.05064000  41.79577717 
  0.01893149   0.05056000  41.84001271 
  0.01895150   0.05048000  41.88424824 
  0.01897152   0.05040000  41.92848378 
  0.01899153   0.05024000  41.97271932 
  0.01901155   0.05016000  42.01695485 
  0.01903156   0.05008000  42.06119039 
  0.01905158   0.05000000  42.10542593 
  0.01907159   0.04992000  42.14966147 
  0.01909161   0.04984000  42.19389700 
  0.01911162   0.04976000  42.23813254 
  0.01913164   0.04960000  42.28236808 
  0.01915166   0.04952000  42.32660361 
  0.01917167   0.04944000  42.37083915 
  0.01919169   0.04936000  42.41507469 
  0.01921170   0.04928000  42.45931023 
  0.01923172   0.04920000  42.50354576 
  0.01925173   0.04912000  42.54778130 
  0.01927175   0.04904000  42.59201684 
  0.01929176   0.04888000  42.63625237 
  0.01931178   0.04880000  42.68048791 
  0.01933179   0.04872000  42.72472345 
  0.01935181   0.04864000  42.76895899 
  0.01937182   0.04856000  42.81319452 
  0.01939184   0.04848000  42.85743006 
  0.01941186   0.04840000  42.90166560 
  0.01943187   0.04832000  42.94590113 
  0.01945189   0.04824000  42.99013667 
  0.01947190   0.04816000  43.03437221 
  0.01949192   0.04808000  43.07860775 
  0.01951193   0.04792000  43.12284328 
  0.01953195   0.04784000  43.16707882 
  0.01955196   0.04776000  43.21131436 
  0.01957198   0.04768000  43.25554989 
  0.01959199   0.04760000  43.29978543 
  0.01961201   0.04752000  43.34402097 
  0.01963202   0.04744000  43.38825651 
  0.01965204   0.04736000  43.43249204 
  0.01967206   0.04728000  43.47672758 
  0.01969207   0.04720000  43.52096312 
  0.01971209   0.04712000  43.56519866 
  0.01973210   0.04704000  43.60943419 
  0.01975212   0.04696000  43.65366973 
  0.01977213   0.04688000  43.69790527 
  0.01979215   0.04680000  43.74214080 
  0.01981216   0.04672000  43.78637634 
  0.01983218   0.04664000  43.83061188 
  0.01985219   0.04656000  43.87484742 
  0.01987221   0.04648000  43.91908295 
  0.01989222   0.04640000  43.96331849 
  0.01991224   0.04632000  44.00755403 
  0.01993226   0.04616000  44.05178956 
  0.01995227   0.04608000  44.09602510 
  0.01997229   0.04600000  44.14026064 
  0.01999230   0.04592000  44.18449618 
  0.02001232   0.04584000  44.22873171 
  0.02003233   0.04576000  44.27296725 
  0.02005235   0.04568000  44.31720279 
  0.02007236   0.04560000  44.36143832 
  0.02009238   0.04552000  44.40567386 
  0.02011239   0.04544000  44.44990940 
  0.02013241   0.04544000  44.49414494 
  0.02015242   0.04536000  44.53838047 
  0.02017244   0.04528000  44.58261601 
  0.02019246   0.04520000  44.62685155 
  0.02021247   0.04512000  44.67108708 
  0.02023249   0.04504000  44.71532262 
  0.02025250   0.04496000  44.75955816 
  0.02027252   0.04488000  44.80379370 
  0.02029253   0.04480000  44.84802923 
  0.02031255   0.04472000  44.89226477 
  0.02033256   0.04464000  44.93650031 
  0.02035258   0.04456000  44.98073584 
  0.02037259   0.04448000  45.02497138 
  0.02039261   0.04440000  45.06920692 
  0.02041263   0.04432000  45.11344246 
  0.02043264   0.04424000  45.15767799 
  0.02045266   0.04416000  45.20191353 
  0.02047267   0.04408000  45.24614907 
  0.02049269   0.04400000  45.29038461 
  0.02051270   0.04392000  45.33462014 
  0.02053272   0.04384000  45.37885568 
  0.02055273   0.04376000  45.42309122 
  0.02057275   0.04368000  45.46732675 
  0.02059276   0.04368000  45.51156229 
  0.02061278   0.04360000  45.55579783 
  0.02063279   0.04352000  45.60003337 
  0.02065281   0.04344000  45.64426890 
  0.02067283   0.04336000  45.68850444 
  0.02069284   0.04328000  45.73273998 
  0.02071286   0.04320000  45.77697551 
  0.02073287   0.04312000  45.82121105 
  0.02075289   0.04304000  45.86544659 
  0.02077290   0.04296000  45.90968213 
  0.02079292   0.04288000  45.95391766 
  0.02081293   0.04288000  45.99815320 
  0.02083295   0.04280000  46.04238874 
  0.02085296   0.04272000  46.08662427 
  0.02087298   0.04264000  46.13085981 
  0.02089299   0.04256000  46.17509535 
  0.02091301   0.04248000  46.21933089 
  0.02093303   0.04240000  46.26356642 
  0.02095304   0.04232000  46.30780196 
  0.02097306   0.04224000  46.35203750 
  0.02099307   0.04224000  46.39627303 
  0.02101309   0.04216000  46.44050857 
  0.02103310   0.04208000  46.48474411 
  0.02105312   0.04200000  46.52897965 
  0.02107313   0.04192000  46.57321518 
  0.02109315   0.04184000  46.61745072 
  0.02111316   0.04176000  46.66168626 
  0.02113318   0.04176000  46.70592179 
  0.02115319   0.04168000  46.75015733 
  0.02117321   0.04160000  46.79439287 
  0.02119323   0.04152000  46.83862841 
  0.02121324   0.04144000  46.88286394 
  0.02123326   0.04136000  46.92709948 
  0.02125327   0.04128000  46.97133502 
  0.02127329   0.04128000  47.01557056 
  0.02129330   0.04120000  47.05980609 
  0.02131332   0.04112000  47.10404163 
  0.02133333   0.04104000  47.14827717 
  0.02135335   0.04096000  47.19251270 
  0.02137336   0.04088000  47.23674824 
  0.02139338   0.04088000  47.28098378 
  0.02141339   0.04080000  47.32521932 
  0.02143341   0.04072000  47.36945485 
  0.02145343   0.04064000  47.41369039 
  0.02147344   0.04056000  47.45792593 
  0.02149346   0.04048000  47.50216146 
  0.02151347   0.04048000  47.54639700 
  0.02153349   0.04040000  47.59063254 
  0.02155350   0.04032000  47.63486808 
  0.02157352   0.04024000  47.67910361 
  0.02159353   0.04016000  47.72333915 
  0.02161355   0.04016000  47.76757469 
  0.02163356   0.04008000  47.81181022 
  0.02165358   0.04000000  47.85604576 
  0.02167360   0.03992000  47.90028130 
  0.02169361   0.03984000  47.94451684 
  0.02171363   0.03984000  47.98875237 
  0.02173364   0.03976000  48.03298791 
  0.02175366   0.03968000  48.07722345 
  0.02177367   0.03960000  48.12145898 
  0.02179369   0.03960000  48.16569452 
  0.02181370   0.03952000  48.20993006 
  0.02183372   0.03944000  48.25416560 
  0.02185373   0.03936000  48.29840113 
  0.02187375   0.03928000  48.34263667 
  0.02189376   0.03928000  48.38687221 
  0.02191378   0.03920000  48.43110775 
  0.02193380   0.03912000  48.47534328 
  0.02195381   0.03904000  48.51957882 
  0.02197383   0.03904000  48.56381436 
  0.02199384   0.03896000  48.60804989 
  0.02201386   0.03888000  48.65228543 
  0.02203387   0.03880000  48.69652097 
  0.02205389   0.03880000  48.74075651 
  0.02207390   0.03872000  48.78499204 
  0.02209392   0.03864000  48.82922758 
  0.02211393   0.03856000  48.87346312 
  0.02213395   0.03848000  48.91769865 
  0.02215396   0.03848000  48.96193419 
  0.02217398   0.03840000  49.00616973 
  0.02219400   0.03832000  49.05040527 
  0.02221401   0.03832000  49.09464080 
  0.02223403   0.03824000  49.13887634 
  0.02225404   0.03816000  49.18311188 
  0.02227406   0.03808000  49.22734741 
  0.02229407   0.03808000  49.27158295 
  0.02231409   0.03800000  49.31581849 
  0.02233410   0.03792000  49.36005403 
  0.02235412   0.03784000  49.40428956 
  0.02237413   0.03784000  49.44852510 
  0.02239415   0.03776000  49.49276064 
  0.02241416   0.03768000  49.53699617 
  0.02243418   0.03768000  49.58123171 
  0.02245420   0.03760000  49.62546725 
  0.02247421   0.03752000  49.66970279 
  0.02249423   0.03744000  49.71393832 
  0.02251424   0.03744000  49.75817386 
  0.02253426   0.03736000  49.80240940 
  0.02255427   0.03728000  49.84664493 
  0.02257429   0.03728000  49.89088047 
  0.02259430   0.03720000  49.93511601 
  0.02261432   0.03712000  49.97935155 
  0.02263433   0.03704000  50.02358708 
  0.02265435   0.03704000  50.06782262 
  0.02267436   0.03696000  50.11205816 
  0.02269438   0.03688000  50.15629370 
  0.02271440   0.03688000  50.20052923 
  0.02273441   0.03680000  50.24476477 
  0.02275443   0.03672000  50.28900031 
  0.02277444   0.03672000  50.33323584 
  0.02279446   0.03664000  50.37747138 
  0.02281447   0.03656000  50.42170692 
  0.02283449   0.03656000  50.46594246 
  0.02285450   0.03648000  50.51017799 
  0.02287452   0.03640000  50.55441353 
  0.02289453   0.03632000  50.59864907 
  0.02291455   0.03632000  50.64288460 
  0.02293457   0.03624000  50.68712014 
  0.02295458   0.03616000  50.73135568 
  0.02297460   0.03616000  50.77559122 
  0.02299461   0.03608000  50.81982675 
  0.02301463   0.03600000  50.86406229 
  0.02303464   0.03600000  50.90829783 
  0.02305466   0.03592000  50.95253336 
  0.02307467   0.03584000  50.99676890 
  0.02309469   0.03584000  51.04100444 
  0.02311470   0.03576000  51.08523998 
  0.02313472   0.03568000  51.12947551 
  0.02315473   0.03568000  51.17371105 
  0.02317475   0.03560000  51.21794659 
  0.02319477   0.03560000  51.26218212 
  0.02321478   0.03552000  51.30641766 
  0.02323480   0.03544000  51.35065320 
  0.02325481   0.03544000  51.39488874 
  0.02327483   0.03536000  51.43912427 
  0.02329484   0.03528000  51.48335981 
  0.02331486   0.03528000  51.52759535 
  0.02333487   0.03520000  51.57183088 
  0.02335489   0.03512000  51.61606642 
  0.02337490   0.03512000  51.66030196 
  0.02339492   0.03504000  51.70453750 
  0.02341493   0.03496000  51.74877303 
  0.02343495   0.03496000  51.79300857 
  0.02345497   0.03488000  51.83724411 
  0.02347498   0.03488000  51.88147965 
  0.02349500   0.03480000  51.92571518 
  0.02351501   0.03472000  51.96995072 
  0.02353503   0.03472000  52.01418626 
  0.02355504   0.03464000  52.05842179 
  0.02357506   0.03456000  52.10265733 
  0.02359507   0.03456000  52.14689287 
  0.02361509   0.03448000  52.19112841 
  0.02363510   0.03448000  52.23536394 
  0.02365512   0.03440000  52.27959948 
  0.02367513   0.03432000  52.32383502 
  0.02369515   0.03432000  52.36807055 
  0.02371517   0.03424000  52.41230609 
  0.02373518   0.03424000  52.45654163 
  0.02375520   0.03416000  52.50077717 
  0.02377521   0.03408000  52.54501270 
  0.02379523   0.03408000  52.58924824 
  0.02381524   0.03400000  52.63348378 
  0.02383526   0.03400000  52.67771931 
  0.02385527   0.03392000  52.72195485 
  0.02387529   0.03384000  52.76619039 
  0.02389530   0.03384000  52.81042593 
  0.02391532   0.03376000  52.85466146 
  0.02393533   0.03376000  52.89889700 
  0.02395535   0.03368000  52.94313254 
  0.02397537   0.03360000  52.98736807 
  0.02399538   0.03360000  53.03160361 
  0.02401540   0.03352000  53.07583915 
  0.02403541   0.03352000  53.12007469 
  0.02405543   0.03344000  53.16431022 
  0.02407544   0.03336000  53.20854576 
  0.02409546   0.03336000  53.25278130 
  0.02411547   0.03328000  53.29701683 
  0.02413549   0.03328000  53.34125237 
  0.02415550   0.03320000  53.38548791 
  0.02417552   0.03320000  53.42972345 
  0.02419554   0.03312000  53.47395898 
  0.02421555   0.03304000  53.51819452 
  0.02423557   0.03304000  53.56243006 
  0.02425558   0.03296000  53.60666560 
  0.02427560   0.03296000  53.65090113 
  0.02429561   0.03288000  53.69513667 
  0.02431563   0.03288000  53.73937221 
  0.02433564   0.03280000  53.78360774 
  0.02435566   0.03272000  53.82784328 
  0.02437567   0.03272000  53.87207882 
  0.02439569   0.03264000  53.91631436 
  0.02441570   0.03264000  53.96054989 
  0.02443572   0.03256000  54.00478543 
  0.02445574   0.03256000  54.04902097 
  0.02447575   0.03248000  54.09325650 
  0.02449577   0.03248000  54.13749204 
  0.02451578   0.03240000  54.18172758 
  0.02453580   0.03232000  54.22596312 
  0.02455581   0.03232000  54.27019865 
  0.02457583   0.03224000  54.31443419 
  0.02459584   0.03224000  54.35866973 
  0.02461586   0.03216000  54.40290526 
  0.02463587   0.03216000  54.44714080 
  0.02465589   0.03208000  54.49137634 
  0.02467590   0.03208000  54.53561188 
  0.02469592   0.03200000  54.57984741 
  0.02471594   0.03200000  54.62408295 
  0.02473595   0.03192000  54.66831849 
  0.02475597   0.03184000  54.71255402 
  0.02477598   0.03184000  54.75678956 
  0.02479600   0.03176000  54.80102510 
  0.02481601   0.03176000  54.84526064 
  0.02483603   0.03168000  54.88949617 
  0.02485604   0.03168000  54.93373171 
  0.02487606   0.03160000  54.97796725 
  0.02489607   0.03160000  55.02220278 
  0.02491609   0.03152000  55.06643832 
  0.02493610   0.03152000  55.11067386 
  0.02495612   0.03144000  55.15490940 
  0.02497614   0.03144000  55.19914493 
  0.02499615   0.03136000  55.24338047 
  0.02501617   0.03136000  55.28761601 
  0.02503618   0.03128000  55.33185155 
  0.02505620   0.03128000  55.37608708 
  0.02507621   0.03120000  55.42032262 
  0.02509623   0.03112000  55.46455816 
  0.02511624   0.03112000  55.50879369 
  0.02513626   0.03104000  55.55302923 
  0.02515627   0.03104000  55.59726477 
  0.02517629   0.03096000  55.64150031 
  0.02519630   0.03096000  55.68573584 
  0.02521632   0.03088000  55.72997138 
  0.02523634   0.03088000  55.77420692 
  0.02525635   0.03080000  55.81844245 
  0.02527637   0.03080000  55.86267799 
  0.02529638   0.03072000  55.90691353 
  0.02531640   0.03072000  55.95114907 
  0.02533641   0.03064000  55.99538460 
  0.02535643   0.03064000  56.03962014 
  0.02537644   0.03056000  56.08385568 
  0.02539646   0.03056000  56.12809121 
  0.02541647   0.03048000  56.17232675 
  0.02543649   0.03048000  56.21656229 
  0.02545651   0.03040000  56.26079783 
  0.02547652   0.03040000  56.30503336 
  0.02549654   0.03032000  56.34926890 
  0.02551655   0.03032000  56.39350444 
  0.02553657   0.03024000  56.43773997 
  0.02555658   0.03024000  56.48197551 
  0.02557660   0.03016000  56.52621105 
  0.02559661   0.03016000  56.57044659 
  0.02561663   0.03008000  56.61468212 
  0.02563664   0.03008000  56.65891766 
  0.02565666   0.03008000  56.70315320 
  0.02567667   0.03000000  56.74738873 
  0.02569669   0.03000000  56.79162427 
  0.02571671   0.02992000  56.83585981 
  0.02573672   0.02992000  56.88009535 
  0.02575674   0.02984000  56.92433088 
  0.02577675   0.02984000  56.96856642 
  0.02579677   0.02976000  57.01280196 
  0.02581678   0.02976000  57.05703750 
  0.02583680   0.02968000  57.10127303 
  0.02585681   0.02968000  57.14550857 
  0.02587683   0.02960000  57.18974411 
  0.02589684   0.02960000  57.23397964 
  0.02591686   0.02952000  57.27821518 
  0.02593687   0.02952000  57.32245072 
  0.02595689   0.02944000  57.36668626 
  0.02597691   0.02944000  57.41092179 
  0.02599692   0.02936000  57.45515733 
  0.02601694   0.02936000  57.49939287 
  0.02603695   0.02936000  57.54362840 
  0.02605697   0.02928000  57.58786394 
  0.02607698   0.02928000  57.63209948 
  0.02609700   0.02920000  57.67633502 
  0.02611701   0.02920000  57.72057055 
  0.02613703   0.02912000  57.76480609 
  0.02615704   0.02912000  57.80904163 
  0.02617706   0.02904000  57.85327716 
  0.02619707   0.02904000  57.89751270 
  0.02621709   0.02896000  57.94174824 
  0.02623711   0.02896000  57.98598378 
  0.02625712   0.02888000  58.03021931 
  0.02627714   0.02888000  58.07445485 
  0.02629715   0.02888000  58.11869039 
  0.02631717   0.02880000  58.16292592 
  0.02633718   0.02880000  58.20716146 
  0.02635720   0.02872000  58.25139700 
  0.02637721   0.02872000  58.29563254 
  0.02639723   0.02864000  58.33986807 
  0.02641724   0.02864000  58.38410361 
  0.02643726   0.02856000  58.42833915 
  0.02645727   0.02856000  58.47257468 
  0.02647729   0.02856000  58.51681022 
  0.02649731   0.02848000  58.56104576 
  0.02651732   0.02848000  58.60528130 
  0.02653734   0.02840000  58.64951683 
  0.02655735   0.02840000  58.69375237 
  0.02657737   0.02832000  58.73798791 
  0.02659738   0.02832000  58.78222345 
  0.02661740   0.02824000  58.82645898 
  0.02663741   0.02824000  58.87069452 
  0.02665743   0.02824000  58.91493006 
  0.02667744   0.02816000  58.95916559 
  0.02669746   0.02816000  59.00340113 
  0.02671747   0.02808000  59.04763667 
  0.02673749   0.02808000  59.09187221 
  0.02675751   0.02800000  59.13610774 
  0.02677752   0.02800000  59.18034328 
  0.02679754   0.02800000  59.22457882 
  0.02681755   0.02792000  59.26881435 
  0.02683757   0.02792000  59.31304989 
  0.02685758   0.02784000  59.35728543 
  0.02687760   0.02784000  59.40152097 
  0.02689761   0.02776000  59.44575650 
  0.02691763   0.02776000  59.48999204 
  0.02693764   0.02776000  59.53422758 
  0.02695766   0.02768000  59.57846311 
  0.02697768   0.02768000  59.62269865 
  0.02699769   0.02760000  59.66693419 
  0.02701771   0.02760000  59.71116973 
  0.02703772   0.02760000  59.75540526 
  0.02705774   0.02752000  59.79964080 
  0.02707775   0.02752000  59.84387634 
  0.02709777   0.02744000  59.88811187 
  0.02711778   0.02744000  59.93234741 
  0.02713780   0.02736000  59.97658295 
  0.02715781   0.02736000  60.02081849 
  0.02717783   0.02736000  60.06505402 
  0.02719784   0.02728000  60.10928956 
  0.02721786   0.02728000  60.15352510 
  0.02723788   0.02720000  60.19776063 
  0.02725789   0.02720000  60.24199617 
  0.02727791   0.02720000  60.28623171 
  0.02729792   0.02712000  60.33046725 
  0.02731794   0.02712000  60.37470278 
  0.02733795   0.02704000  60.41893832 
  0.02735797   0.02704000  60.46317386 
  0.02737798   0.02704000  60.50740940 
  0.02739800   0.02696000  60.55164493 
  0.02741801   0.02696000  60.59588047 
  0.02743803   0.02688000  60.64011601 
  0.02745804   0.02688000  60.68435154 
  0.02747806   0.02688000  60.72858708 
  0.02749808   0.02680000  60.77282262 
  0.02751809   0.02680000  60.81705816 
  0.02753811   0.02672000  60.86129369 
  0.02755812   0.02672000  60.90552923 
  0.02757814   0.02672000  60.94976477 
  0.02759815   0.02664000  60.99400030 
  0.02761817   0.02664000  61.03823584 
  0.02763818   0.02656000  61.08247138 
  0.02765820   0.02656000  61.12670692 
  0.02767821   0.02656000  61.17094245 
  0.02769823   0.02648000  61.21517799 
  0.02771824   0.02648000  61.25941353 
  0.02773826   0.02648000  61.30364906 
  0.02775828   0.02640000  61.34788460 
  0.02777829   0.02640000  61.39212014 
  0.02779831   0.02632000  61.43635568 
  0.02781832   0.02632000  61.48059121 
  0.02783834   0.02632000  61.52482675 
  0.02785835   0.02624000  61.56906229 
  0.02787837   0.02624000  61.61329782 
  0.02789838   0.02616000  61.65753336 
  0.02791840   0.02616000  61.70176890 
  0.02793841   0.02616000  61.74600444 
  0.02795843   0.02608000  61.79023997 
  0.02797844   0.02608000  61.83447551 
  0.02799846   0.02608000  61.87871105 
  0.02801848   0.02600000  61.92294658 
  0.02803849   0.02600000  61.96718212 
  0.02805851   0.02592000  62.01141766 
  0.02807852   0.02592000  62.05565320 
  0.02809854   0.02592000  62.09988873 
  0.02811855   0.02584000  62.14412427 
  0.02813857   0.02584000  62.18835981 
  0.02815858   0.02584000  62.23259535 
  0.02817860   0.02576000  62.27683088 
  0.02819861   0.02576000  62.32106642 
  0.02821863   0.02568000  62.36530196 
  0.02823865   0.02568000  62.40953749 
  0.02825866   0.02568000  62.45377303 
  0.02827868   0.02560000  62.49800857 
  0.02829869   0.02560000  62.54224411 
  0.02831871   0.02560000  62.58647964 
  0.02833872   0.02552000  62.63071518 
  0.02835874   0.02552000  62.67495072 
  0.02837875   0.02552000  62.71918625 
  0.02839877   0.02544000  62.76342179 
  0.02841878   0.02544000  62.80765733 
  0.02843880   0.02536000  62.85189287 
  0.02845881   0.02536000  62.89612840 
  0.02847883   0.02536000  62.94036394 
  0.02849885   0.02528000  62.98459948 
  0.02851886   0.02528000  63.02883501 
  0.02853888   0.02528000  63.07307055 
  0.02855889   0.02520000  63.11730609 
  0.02857891   0.02520000  63.16154163 
  0.02859892   0.02520000  63.20577716 
  0.02861894   0.02512000  63.25001270 
  0.02863895   0.02512000  63.29424824 
  0.02865897   0.02504000  63.33848377 
  0.02867898   0.02504000  63.38271931 
  0.02869900   0.02504000  63.42695485 
  0.02871901   0.02496000  63.47119039 
  0.02873903   0.02496000  63.51542592 
  0.02875905   0.02496000  63.55966146 
  0.02877906   0.02488000  63.60389700 
  0.02879908   0.02488000  63.64813254 
  0.02881909   0.02488000  63.69236807 
  0.02883911   0.02480000  63.73660361 
  0.02885912   0.02480000  63.78083915 
  0.02887914   0.02480000  63.82507468 
  0.02889915   0.02472000  63.86931022 
  0.02891917   0.02472000  63.91354576 
  0.02893918   0.02472000  63.95778130 
  0.02895920   0.02464000  64.00201683 
  0.02897921   0.02464000  64.04625237 
  0.02899923   0.02464000  64.09048791 
  0.02901925   0.02456000  64.13472344 
  0.02903926   0.02456000  64.17895898 
  0.02905928   0.02456000  64.22319452 
  0.02907929   0.02448000  64.26743006 
  0.02909931   0.02448000  64.31166559 
  0.02911932   0.02448000  64.35590113 
  0.02913934   0.02440000  64.40013667 
  0.02915935   0.02440000  64.44437220 
  0.02917937   0.02440000  64.48860774 
  0.02919938   0.02432000  64.53284328 
  0.02921940   0.02432000  64.57707882 
  0.02923941   0.02432000  64.62131435 
  0.02925943   0.02424000  64.66554989 
  0.02927945   0.02424000  64.70978543 
  0.02929946   0.02424000  64.75402096 
  0.02931948   0.02416000  64.79825650 
  0.02933949   0.02416000  64.84249204 
  0.02935951   0.02416000  64.88672758 
  0.02937952   0.02408000  64.93096311 
  0.02939954   0.02408000  64.97519865 
  0.02941955   0.02408000  65.01943419 
  0.02943957   0.02400000  65.06366972 
  0.02945958   0.02400000  65.10790526 
  0.02947960   0.02400000  65.15214080 
  0.02949962   0.02392000  65.19637634 
  0.02951963   0.02392000  65.24061187 
  0.02953965   0.02392000  65.28484741 
  0.02955966   0.02384000  65.32908295 
  0.02957968   0.02384000  65.37331849 
  0.02959969   0.02384000  65.41755402 
  0.02961971   0.02376000  65.46178956 
  0.02963972   0.02376000  65.50602510 
  0.02965974   0.02376000  65.55026063 
  0.02967975   0.02368000  65.59449617 
  0.02969977   0.02368000  65.63873171 
  0.02971978   0.02368000  65.68296725 
  0.02973980   0.02360000  65.72720278 
  0.02975982   0.02360000  65.77143832 
  0.02977983   0.02360000  65.81567386 
  0.02979985   0.02352000  65.85990939 
  0.02981986   0.02352000  65.90414493 
  0.02983988   0.02352000  65.94838047 
  0.02985989   0.02344000  65.99261601 
  0.02987991   0.02344000  66.03685154 
  0.02989992   0.02344000  66.08108708 
  0.02991994   0.02336000  66.12532262 
  0.02993995   0.02336000  66.16955815 
  0.02995997   0.02336000  66.21379369 
  0.02997998   0.02336000  66.25802923 
  0.03000000   0.02328000  66.30226477 
