-25 	 -0.0585799 	 2.31364e-09 	 0 	 44 
-24.9 	 -0.0588283 	 2.49893e-09 	 0 	 44 
-24.8 	 -0.0590786 	 2.69906e-09 	 0 	 44 
-24.7 	 -0.0593309 	 2.91524e-09 	 0 	 44 
-24.6 	 -0.059585 	 3.14874e-09 	 0 	 44 
-24.5 	 -0.059841 	 3.40095e-09 	 0 	 44 
-24.4 	 -0.060099 	 3.67339e-09 	 0 	 44 
-24.3 	 -0.0603587 	 3.96767e-09 	 0 	 44 
-24.2 	 -0.0606204 	 4.28555e-09 	 0 	 44 
-24.1 	 -0.060884 	 4.62892e-09 	 0 	 44 
-24 	 -0.0611495 	 4.99983e-09 	 0 	 44 
-23.9 	 -0.0614169 	 5.4005e-09 	 0 	 44 
-23.8 	 -0.0616864 	 5.83331e-09 	 0 	 44 
-23.7 	 -0.0619577 	 6.30085e-09 	 0 	 44 
-23.6 	 -0.0622311 	 6.80592e-09 	 0 	 44 
-23.5 	 -0.0625066 	 7.35153e-09 	 0 	 44 
-23.4 	 -0.0627841 	 7.94093e-09 	 0 	 44 
-23.3 	 -0.0630638 	 8.57766e-09 	 0 	 44 
-23.2 	 -0.0633456 	 9.26552e-09 	 0 	 44 
-23.1 	 -0.0636295 	 1.00086e-08 	 0 	 44 
-23 	 -0.0639157 	 1.08114e-08 	 0 	 44 
-22.9 	 -0.0642041 	 1.16787e-08 	 0 	 44 
-22.8 	 -0.0644948 	 1.26157e-08 	 0 	 44 
-22.7 	 -0.0647878 	 1.36279e-08 	 0 	 44 
-22.6 	 -0.0650831 	 1.47216e-08 	 0 	 44 
-22.5 	 -0.0653809 	 1.59031e-08 	 0 	 44 
-22.4 	 -0.065681 	 1.71796e-08 	 0 	 44 
-22.3 	 -0.0659836 	 1.85587e-08 	 0 	 44 
-22.2 	 -0.0662887 	 2.00488e-08 	 0 	 44 
-22.1 	 -0.0665963 	 2.16587e-08 	 0 	 44 
-22 	 -0.0669066 	 2.33981e-08 	 0 	 44 
-21.9 	 -0.0672194 	 2.52774e-08 	 0 	 44 
-21.8 	 -0.0675348 	 2.73079e-08 	 0 	 44 
-21.7 	 -0.067853 	 2.95019e-08 	 0 	 44 
-21.6 	 -0.0681738 	 3.18724e-08 	 0 	 44 
-21.5 	 -0.0684975 	 3.44338e-08 	 0 	 44 
-21.4 	 -0.0688239 	 3.72013e-08 	 0 	 44 
-21.3 	 -0.0691532 	 4.01918e-08 	 0 	 44 
-21.2 	 -0.0694854 	 4.3423e-08 	 0 	 44 
-21.1 	 -0.0698206 	 4.69146e-08 	 0 	 44 
-21 	 -0.0701587 	 5.06874e-08 	 0 	 44 
-20.9 	 -0.0704998 	 5.47642e-08 	 0 	 44 
-20.8 	 -0.070844 	 5.91696e-08 	 0 	 44 
-20.7 	 -0.0711913 	 6.393e-08 	 0 	 44 
-20.6 	 -0.0715418 	 6.90742e-08 	 0 	 44 
-20.5 	 -0.0718955 	 7.46332e-08 	 0 	 44 
-20.4 	 -0.0722524 	 8.06404e-08 	 0 	 44 
-20.3 	 -0.0726126 	 8.71322e-08 	 0 	 44 
-20.2 	 -0.0729762 	 9.41476e-08 	 0 	 44 
-20.1 	 -0.0733432 	 1.01729e-07 	 0 	 44 
-20 	 -0.0737137 	 1.09922e-07 	 0 	 44 
-19.9 	 -0.0740876 	 1.18777e-07 	 0 	 44 
-19.8 	 -0.0744651 	 1.28346e-07 	 0 	 44 
-19.7 	 -0.0748463 	 1.38688e-07 	 0 	 44 
-19.6 	 -0.0752311 	 1.49865e-07 	 0 	 44 
-19.5 	 -0.0756196 	 1.61945e-07 	 0 	 44 
-19.4 	 -0.0760119 	 1.75e-07 	 0 	 44 
-19.3 	 -0.076408 	 1.89111e-07 	 0 	 44 
-19.2 	 -0.0768081 	 2.04362e-07 	 0 	 44 
-19.1 	 -0.0772121 	 2.20845e-07 	 0 	 44 
-19 	 -0.0776201 	 2.38661e-07 	 0 	 44 
-18.9 	 -0.0780322 	 2.57918e-07 	 0 	 44 
-18.8 	 -0.0784485 	 2.78732e-07 	 0 	 44 
-18.7 	 -0.078869 	 3.01229e-07 	 0 	 44 
-18.6 	 -0.0792937 	 3.25547e-07 	 0 	 44 
-18.5 	 -0.0797228 	 3.51833e-07 	 0 	 44 
-18.4 	 -0.0801563 	 3.80246e-07 	 0 	 44 
-18.3 	 -0.0805943 	 4.10959e-07 	 0 	 44 
-18.2 	 -0.0810369 	 4.4416e-07 	 0 	 44 
-18.1 	 -0.0814841 	 4.80049e-07 	 0 	 44 
-18 	 -0.081936 	 5.18845e-07 	 0 	 44 
-17.9 	 -0.0823927 	 5.60785e-07 	 0 	 44 
-17.8 	 -0.0828542 	 6.06124e-07 	 0 	 44 
-17.7 	 -0.0833207 	 6.55137e-07 	 0 	 44 
-17.6 	 -0.0837922 	 7.08125e-07 	 0 	 44 
-17.5 	 -0.0842688 	 7.65409e-07 	 0 	 44 
-17.4 	 -0.0847506 	 8.2734e-07 	 0 	 44 
-17.3 	 -0.0852377 	 8.94296e-07 	 0 	 44 
-17.2 	 -0.0857301 	 9.66684e-07 	 0 	 44 
-17.1 	 -0.086228 	 1.04495e-06 	 0 	 44 
-17 	 -0.0867314 	 1.12957e-06 	 0 	 44 
-16.9 	 -0.0872405 	 1.22106e-06 	 0 	 44 
-16.8 	 -0.0877553 	 1.31998e-06 	 0 	 44 
-16.7 	 -0.088276 	 1.42693e-06 	 0 	 44 
-16.6 	 -0.0888026 	 1.54258e-06 	 0 	 44 
-16.5 	 -0.0893352 	 1.66763e-06 	 0 	 44 
-16.4 	 -0.089874 	 1.80285e-06 	 0 	 44 
-16.3 	 -0.090419 	 1.94906e-06 	 0 	 44 
-16.2 	 -0.0909704 	 2.10717e-06 	 0 	 44 
-16.1 	 -0.0915282 	 2.27814e-06 	 0 	 44 
-16 	 -0.0920926 	 2.46303e-06 	 0 	 44 
-15.9 	 -0.0926638 	 2.66297e-06 	 0 	 44 
-15.8 	 -0.0932418 	 2.87919e-06 	 0 	 44 
-15.7 	 -0.0938267 	 3.11302e-06 	 0 	 44 
-15.6 	 -0.0944187 	 3.3659e-06 	 0 	 44 
-15.5 	 -0.0950179 	 3.63939e-06 	 0 	 44 
-15.4 	 -0.0956244 	 3.93517e-06 	 0 	 44 
-15.3 	 -0.0962384 	 4.25508e-06 	 0 	 44 
-15.2 	 -0.0968601 	 4.60107e-06 	 0 	 44 
-15.1 	 -0.0974894 	 4.9753e-06 	 0 	 44 
-15 	 -0.0981267 	 5.38006e-06 	 0 	 44 
-14.9 	 -0.098772 	 5.81787e-06 	 0 	 44 
-14.8 	 -0.0994255 	 6.29143e-06 	 0 	 44 
-14.7 	 -0.100087 	 6.80368e-06 	 0 	 44 
-14.6 	 -0.100758 	 7.35778e-06 	 0 	 44 
-14.5 	 -0.101437 	 7.95716e-06 	 0 	 44 
-14.4 	 -0.102125 	 8.60556e-06 	 0 	 44 
-14.3 	 -0.102822 	 9.30698e-06 	 0 	 44 
-14.2 	 -0.103528 	 1.00658e-05 	 0 	 44 
-14.1 	 -0.104243 	 1.08867e-05 	 0 	 44 
-14 	 -0.104968 	 1.17748e-05 	 0 	 44 
-13.9 	 -0.105703 	 1.27356e-05 	 0 	 44 
-13.8 	 -0.106448 	 1.37752e-05 	 0 	 44 
-13.7 	 -0.107203 	 1.48999e-05 	 0 	 44 
-13.6 	 -0.107968 	 1.61168e-05 	 0 	 44 
-13.5 	 -0.108744 	 1.74335e-05 	 0 	 44 
-13.4 	 -0.109531 	 1.88583e-05 	 0 	 44 
-13.3 	 -0.110328 	 2.03999e-05 	 0 	 44 
-13.2 	 -0.111137 	 2.20681e-05 	 0 	 44 
-13.1 	 -0.111958 	 2.38733e-05 	 0 	 44 
-13 	 -0.11279 	 2.58268e-05 	 0 	 44 
-12.9 	 -0.113634 	 2.79408e-05 	 0 	 44 
-12.8 	 -0.11449 	 3.02286e-05 	 0 	 44 
-12.7 	 -0.115359 	 3.27045e-05 	 0 	 44 
-12.6 	 -0.11624 	 3.53842e-05 	 0 	 44 
-12.5 	 -0.117135 	 3.82844e-05 	 0 	 44 
-12.4 	 -0.118043 	 4.14234e-05 	 0 	 44 
-12.3 	 -0.118964 	 4.48209e-05 	 0 	 44 
-12.2 	 -0.119899 	 4.84984e-05 	 0 	 44 
-12.1 	 -0.120849 	 5.24791e-05 	 0 	 44 
-12 	 -0.121813 	 5.6788e-05 	 0 	 44 
-11.9 	 -0.122792 	 6.14525e-05 	 0 	 44 
-11.8 	 -0.123786 	 6.6502e-05 	 0 	 44 
-11.7 	 -0.124796 	 7.19684e-05 	 0 	 44 
-11.6 	 -0.125821 	 7.78864e-05 	 0 	 44 
-11.5 	 -0.126863 	 8.42935e-05 	 0 	 44 
-11.4 	 -0.127922 	 9.12303e-05 	 0 	 44 
-11.3 	 -0.128997 	 9.8741e-05 	 0 	 44 
-11.2 	 -0.13009 	 0.000106873 	 0 	 44 
-11.1 	 -0.131201 	 0.000115679 	 0 	 44 
-11 	 -0.13233 	 0.000125214 	 0 	 44 
-10.9 	 -0.133478 	 0.000135539 	 0 	 44 
-10.8 	 -0.134645 	 0.00014672 	 0 	 44 
-10.7 	 -0.135832 	 0.000158828 	 0 	 44 
-10.6 	 -0.137039 	 0.000171942 	 0 	 44 
-10.5 	 -0.138266 	 0.000186144 	 0 	 44 
-10.4 	 -0.139515 	 0.000201527 	 0 	 44 
-10.3 	 -0.140785 	 0.000218187 	 0 	 44 
-10.2 	 -0.142077 	 0.000236234 	 0 	 44 
-10.1 	 -0.143392 	 0.000255781 	 0 	 44 
-10 	 -0.144731 	 0.000276956 	 0 	 44 
-9.9 	 -0.146093 	 0.000299895 	 0 	 44 
-9.8 	 -0.14748 	 0.000324744 	 0 	 44 
-9.7 	 -0.148893 	 0.000351666 	 0 	 44 
-9.6 	 -0.150331 	 0.000380834 	 0 	 44 
-9.5 	 -0.151795 	 0.000412436 	 0 	 44 
-9.4 	 -0.153287 	 0.000446677 	 0 	 44 
-9.3 	 -0.154807 	 0.000483779 	 0 	 44 
-9.2 	 -0.156356 	 0.000523983 	 0 	 44 
-9.1 	 -0.157934 	 0.000567551 	 0 	 44 
-9 	 -0.159542 	 0.000614764 	 0 	 44 
-8.9 	 -0.161181 	 0.000665932 	 0 	 44 
-8.8 	 -0.162853 	 0.000721388 	 0 	 44 
-8.7 	 -0.164557 	 0.000781493 	 0 	 44 
-8.6 	 -0.166295 	 0.00084664 	 0 	 44 
-8.5 	 -0.168068 	 0.000917256 	 0 	 44 
-8.4 	 -0.169876 	 0.000993802 	 0 	 44 
-8.3 	 -0.171721 	 0.00107678 	 0 	 44 
-8.2 	 -0.173604 	 0.00116674 	 0 	 44 
-8.1 	 -0.175526 	 0.00126427 	 0 	 44 
-8 	 -0.177487 	 0.00137 	 0 	 44 
-7.9 	 -0.17949 	 0.00148465 	 0 	 44 
-7.8 	 -0.181534 	 0.00160895 	 0 	 44 
-7.7 	 -0.183623 	 0.00174375 	 0 	 44 
-7.6 	 -0.185755 	 0.00188991 	 0 	 44 
-7.5 	 -0.187934 	 0.00204842 	 0 	 44 
-7.4 	 -0.190161 	 0.00222032 	 0 	 44 
-7.3 	 -0.192436 	 0.00240675 	 0 	 44 
-7.2 	 -0.194761 	 0.00260894 	 0 	 44 
-7.1 	 -0.197138 	 0.00282825 	 0 	 44 
-7 	 -0.199568 	 0.00306613 	 0 	 44 
-6.9 	 -0.202052 	 0.00332416 	 0 	 44 
-6.8 	 -0.204593 	 0.00360406 	 0 	 44 
-6.7 	 -0.207192 	 0.00390769 	 0 	 44 
-6.6 	 -0.209851 	 0.00423708 	 0 	 44 
-6.5 	 -0.212571 	 0.00459443 	 0 	 44 
-6.4 	 -0.215355 	 0.00498212 	 0 	 44 
-6.3 	 -0.218203 	 0.00540274 	 0 	 44 
-6.2 	 -0.221118 	 0.0058591 	 0 	 44 
-6.1 	 -0.224102 	 0.00635425 	 0 	 44 
-6 	 -0.227156 	 0.00689149 	 0 	 44 
-5.9 	 -0.230283 	 0.00747441 	 0 	 44 
-5.8 	 -0.233485 	 0.00810691 	 0 	 44 
-5.7 	 -0.236763 	 0.00879319 	 0 	 44 
-5.6 	 -0.24012 	 0.00953783 	 0 	 44 
-5.5 	 -0.243557 	 0.0103458 	 0 	 44 
-5.4 	 -0.247077 	 0.0112224 	 0 	 44 
-5.3 	 -0.250681 	 0.0121736 	 0 	 44 
-5.2 	 -0.254371 	 0.0132055 	 0 	 44 
-5.1 	 -0.258149 	 0.0143251 	 0 	 44 
-5 	 -0.262017 	 0.0155396 	 0 	 44 
-4.9 	 -0.265976 	 0.016857 	 0 	 44 
-4.8 	 -0.270027 	 0.018286 	 0 	 44 
-4.7 	 -0.274171 	 0.0198357 	 0 	 44 
-4.6 	 -0.27841 	 0.0215162 	 0 	 44 
-4.5 	 -0.282743 	 0.0233383 	 0 	 44 
-4.4 	 -0.287171 	 0.0253135 	 0 	 44 
-4.3 	 -0.291694 	 0.0274541 	 0 	 44 
-4.2 	 -0.296309 	 0.0297736 	 0 	 44 
-4.1 	 -0.301015 	 0.0322861 	 0 	 44 
-4 	 -0.30581 	 0.0350069 	 0 	 44 
-3.9 	 -0.310689 	 0.037952 	 0 	 44 
-3.8 	 -0.315647 	 0.0411385 	 0 	 44 
-3.7 	 -0.320677 	 0.0445845 	 0 	 44 
-3.6 	 -0.325771 	 0.048309 	 0 	 44 
-3.5 	 -0.330918 	 0.0523317 	 0 	 44 
-3.4 	 -0.336104 	 0.0566733 	 0 	 44 
-3.3 	 -0.341314 	 0.0613548 	 0 	 44 
-3.2 	 -0.346525 	 0.0663976 	 0 	 44 
-3.1 	 -0.351715 	 0.0718233 	 0 	 44 
-3 	 -0.356853 	 0.0776528 	 0 	 44 
-2.9 	 -0.361903 	 0.0839064 	 0 	 44 
-2.8 	 -0.366822 	 0.0906026 	 0 	 44 
-2.7 	 -0.371559 	 0.0977575 	 0 	 44 
-2.6 	 -0.376053 	 0.105383 	 0 	 44 
-2.5 	 -0.38023 	 0.113488 	 0 	 44 
-2.4 	 -0.384006 	 0.122073 	 0 	 44 
-2.3 	 -0.387279 	 0.131131 	 0 	 44 
-2.2 	 -0.389932 	 0.140644 	 0 	 44 
-2.1 	 -0.391829 	 0.150583 	 0 	 44 
-2 	 -0.392814 	 0.160901 	 0 	 44 
-1.9 	 -0.392712 	 0.171536 	 0 	 44 
-1.8 	 -0.391327 	 0.182406 	 0 	 44 
-1.7 	 -0.388444 	 0.193409 	 0 	 44 
-1.6 	 -0.38384 	 0.204423 	 0 	 44 
-1.5 	 -0.377282 	 0.21531 	 0 	 44 
-1.4 	 -0.368544 	 0.225918 	 0 	 44 
-1.3 	 -0.357421 	 0.236092 	 0 	 44 
-1.2 	 -0.34374 	 0.245682 	 0 	 44 
-1.1 	 -0.327378 	 0.254554 	 0 	 44 
-1 	 -0.308278 	 0.262601 	 0 	 44 
-0.9 	 -0.286453 	 0.269745 	 0 	 44 
-0.8 	 -0.261994 	 0.275945 	 0 	 44 
-0.7 	 -0.235059 	 0.281204 	 0 	 44 
-0.6 	 -0.205865 	 0.285557 	 0 	 44 
-0.5 	 -0.174679 	 0.289063 	 0 	 44 
-0.4 	 -0.141802 	 0.291794 	 0 	 44 
-0.3 	 -0.107556 	 0.293824 	 0 	 44 
-0.2 	 -0.0722792 	 0.29522 	 0 	 44 
-0.1 	 -0.0363122 	 0.296036 	 0 	 44 
0 	 0 	 0.296307 	 0 	 44 
0.1 	 0.0363122 	 0.296043 	 0 	 44 
0.2 	 0.072279 	 0.295234 	 0 	 44 
0.3 	 0.107556 	 0.293845 	 0 	 44 
0.4 	 0.141799 	 0.291824 	 0 	 44 
0.5 	 0.174674 	 0.289102 	 0 	 44 
0.6 	 0.205854 	 0.285607 	 0 	 44 
0.7 	 0.23504 	 0.281268 	 0 	 44 
0.8 	 0.261963 	 0.276027 	 0 	 44 
0.9 	 0.286405 	 0.26985 	 0 	 44 
1 	 0.308208 	 0.262736 	 0 	 44 
1.1 	 0.327286 	 0.254719 	 0 	 44 
1.2 	 0.343627 	 0.245869 	 0 	 44 
1.3 	 0.35729 	 0.236292 	 0 	 44 
1.4 	 0.368398 	 0.226124 	 0 	 44 
1.5 	 0.377123 	 0.215517 	 0 	 44 
1.6 	 0.38367 	 0.204629 	 0 	 44 
1.7 	 0.388267 	 0.193611 	 0 	 44 
1.8 	 0.391142 	 0.182602 	 0 	 44 
1.9 	 0.392522 	 0.171725 	 0 	 44 
2 	 0.392621 	 0.161082 	 0 	 44 
2.1 	 0.391633 	 0.150756 	 0 	 44 
2.2 	 0.389734 	 0.140809 	 0 	 44 
2.3 	 0.387079 	 0.131287 	 0 	 44 
2.4 	 0.383806 	 0.122221 	 0 	 44 
2.5 	 0.38003 	 0.113627 	 0 	 44 
2.6 	 0.375853 	 0.105514 	 0 	 44 
2.7 	 0.37136 	 0.0978796 	 0 	 44 
2.8 	 0.366625 	 0.0907169 	 0 	 44 
2.9 	 0.361707 	 0.0840132 	 0 	 44 
3 	 0.356658 	 0.0777524 	 0 	 44 
3.1 	 0.351522 	 0.071916 	 0 	 44 
3.2 	 0.346334 	 0.066484 	 0 	 44 
3.3 	 0.341124 	 0.061435 	 0 	 44 
3.4 	 0.335917 	 0.0567478 	 0 	 44 
3.5 	 0.330733 	 0.0524009 	 0 	 44 
3.6 	 0.325588 	 0.0483731 	 0 	 44 
3.7 	 0.320496 	 0.044644 	 0 	 44 
3.8 	 0.315468 	 0.0411936 	 0 	 44 
3.9 	 0.310512 	 0.038003 	 0 	 44 
4 	 0.305635 	 0.0350541 	 0 	 44 
4.1 	 0.300843 	 0.0323299 	 0 	 44 
4.2 	 0.296139 	 0.029814 	 0 	 44 
4.3 	 0.291526 	 0.0274915 	 0 	 44 
4.4 	 0.287006 	 0.025348 	 0 	 44 
4.5 	 0.28258 	 0.0233702 	 0 	 44 
4.6 	 0.278249 	 0.0215458 	 0 	 44 
4.7 	 0.274012 	 0.019863 	 0 	 44 
4.8 	 0.269869 	 0.0183112 	 0 	 44 
4.9 	 0.26582 	 0.0168803 	 0 	 44 
5 	 0.261864 	 0.0155611 	 0 	 44 
5.1 	 0.257998 	 0.0143449 	 0 	 44 
5.2 	 0.254222 	 0.0132238 	 0 	 44 
5.3 	 0.250534 	 0.0121905 	 0 	 44 
5.4 	 0.246931 	 0.011238 	 0 	 44 
5.5 	 0.243414 	 0.0103602 	 0 	 44 
5.6 	 0.239978 	 0.00955112 	 0 	 44 
5.7 	 0.236623 	 0.00880546 	 0 	 44 
5.8 	 0.233347 	 0.00811823 	 0 	 44 
5.9 	 0.230147 	 0.00748486 	 0 	 44 
6 	 0.227021 	 0.00690114 	 0 	 44 
6.1 	 0.223968 	 0.00636315 	 0 	 44 
6.2 	 0.220986 	 0.00586732 	 0 	 44 
6.3 	 0.218072 	 0.00541032 	 0 	 44 
6.4 	 0.215226 	 0.00498912 	 0 	 44 
6.5 	 0.212444 	 0.00460089 	 0 	 44 
6.6 	 0.209725 	 0.00424304 	 0 	 44 
6.7 	 0.207068 	 0.00391319 	 0 	 44 
6.8 	 0.20447 	 0.00360913 	 0 	 44 
6.9 	 0.201931 	 0.00332884 	 0 	 44 
7 	 0.199447 	 0.00307045 	 0 	 44 
7.1 	 0.197019 	 0.00283224 	 0 	 44 
7.2 	 0.194643 	 0.00261262 	 0 	 44 
7.3 	 0.192319 	 0.00241014 	 0 	 44 
7.4 	 0.190046 	 0.00222345 	 0 	 44 
7.5 	 0.18782 	 0.00205131 	 0 	 44 
7.6 	 0.185643 	 0.00189258 	 0 	 44 
7.7 	 0.183511 	 0.00174621 	 0 	 44 
7.8 	 0.181424 	 0.00161123 	 0 	 44 
7.9 	 0.17938 	 0.00148675 	 0 	 44 
8 	 0.177379 	 0.00137194 	 0 	 44 
8.1 	 0.175419 	 0.00126605 	 0 	 44 
8.2 	 0.173498 	 0.00116839 	 0 	 44 
8.3 	 0.171616 	 0.00107831 	 0 	 44 
8.4 	 0.169772 	 0.000995209 	 0 	 44 
8.5 	 0.167965 	 0.000918554 	 0 	 44 
8.6 	 0.166193 	 0.000847838 	 0 	 44 
8.7 	 0.164456 	 0.000782599 	 0 	 44 
8.8 	 0.162753 	 0.000722409 	 0 	 44 
8.9 	 0.161082 	 0.000666875 	 0 	 44 
9 	 0.159444 	 0.000615635 	 0 	 44 
9.1 	 0.157837 	 0.000568355 	 0 	 44 
9.2 	 0.156259 	 0.000524726 	 0 	 44 
9.3 	 0.154712 	 0.000484465 	 0 	 44 
9.4 	 0.153193 	 0.00044731 	 0 	 44 
9.5 	 0.151702 	 0.00041302 	 0 	 44 
9.6 	 0.150238 	 0.000381373 	 0 	 44 
9.7 	 0.148801 	 0.000352165 	 0 	 44 
9.8 	 0.147389 	 0.000325205 	 0 	 44 
9.9 	 0.146003 	 0.00030032 	 0 	 44 
10 	 0.144641 	 0.000277349 	 0 	 44 
10.1 	 0.143304 	 0.000256144 	 0 	 44 
10.2 	 0.141989 	 0.000236569 	 0 	 44 
10.3 	 0.140698 	 0.000218497 	 0 	 44 
10.4 	 0.139428 	 0.000201812 	 0 	 44 
10.5 	 0.13818 	 0.000186408 	 0 	 44 
10.6 	 0.136954 	 0.000172186 	 0 	 44 
10.7 	 0.135748 	 0.000159054 	 0 	 44 
10.8 	 0.134562 	 0.000146928 	 0 	 44 
10.9 	 0.133395 	 0.000135731 	 0 	 44 
11 	 0.132248 	 0.000125391 	 0 	 44 
11.1 	 0.13112 	 0.000115843 	 0 	 44 
11.2 	 0.130009 	 0.000107025 	 0 	 44 
11.3 	 0.128917 	 9.8881e-05 	 0 	 44 
11.4 	 0.127842 	 9.13596e-05 	 0 	 44 
11.5 	 0.126784 	 8.4413e-05 	 0 	 44 
11.6 	 0.125743 	 7.79968e-05 	 0 	 44 
11.7 	 0.124718 	 7.20704e-05 	 0 	 44 
11.8 	 0.123709 	 6.65962e-05 	 0 	 44 
11.9 	 0.122715 	 6.15396e-05 	 0 	 44 
12 	 0.121737 	 5.68685e-05 	 0 	 44 
12.1 	 0.120773 	 5.25535e-05 	 0 	 44 
12.2 	 0.119824 	 4.85672e-05 	 0 	 44 
12.3 	 0.11889 	 4.48844e-05 	 0 	 44 
12.4 	 0.117969 	 4.14821e-05 	 0 	 44 
12.5 	 0.117062 	 3.83386e-05 	 0 	 44 
12.6 	 0.116168 	 3.54343e-05 	 0 	 44 
12.7 	 0.115287 	 3.27509e-05 	 0 	 44 
12.8 	 0.114418 	 3.02714e-05 	 0 	 44 
12.9 	 0.113563 	 2.79804e-05 	 0 	 44 
13 	 0.112719 	 2.58634e-05 	 0 	 44 
13.1 	 0.111887 	 2.39071e-05 	 0 	 44 
13.2 	 0.111068 	 2.20994e-05 	 0 	 44 
13.3 	 0.110259 	 2.04288e-05 	 0 	 44 
13.4 	 0.109462 	 1.8885e-05 	 0 	 44 
13.5 	 0.108676 	 1.74582e-05 	 0 	 44 
13.6 	 0.1079 	 1.61397e-05 	 0 	 44 
13.7 	 0.107136 	 1.4921e-05 	 0 	 44 
13.8 	 0.106381 	 1.37947e-05 	 0 	 44 
13.9 	 0.105637 	 1.27537e-05 	 0 	 44 
14 	 0.104902 	 1.17915e-05 	 0 	 44 
14.1 	 0.104178 	 1.09021e-05 	 0 	 44 
14.2 	 0.103463 	 1.008e-05 	 0 	 44 
14.3 	 0.102757 	 9.32016e-06 	 0 	 44 
14.4 	 0.10206 	 8.61774e-06 	 0 	 44 
14.5 	 0.101373 	 7.96843e-06 	 0 	 44 
14.6 	 0.100694 	 7.36819e-06 	 0 	 44 
14.7 	 0.100024 	 6.81331e-06 	 0 	 44 
14.8 	 0.0993628 	 6.30034e-06 	 0 	 44 
14.9 	 0.0987097 	 5.82611e-06 	 0 	 44 
15 	 0.0980648 	 5.38768e-06 	 0 	 44 
15.1 	 0.0974279 	 4.98234e-06 	 0 	 44 
15.2 	 0.0967989 	 4.60758e-06 	 0 	 44 
15.3 	 0.0961776 	 4.2611e-06 	 0 	 44 
15.4 	 0.095564 	 3.94074e-06 	 0 	 44 
15.5 	 0.0949578 	 3.64454e-06 	 0 	 44 
15.6 	 0.094359 	 3.37066e-06 	 0 	 44 
15.7 	 0.0937673 	 3.11742e-06 	 0 	 44 
15.8 	 0.0931828 	 2.88326e-06 	 0 	 44 
15.9 	 0.0926051 	 2.66673e-06 	 0 	 44 
16 	 0.0920343 	 2.46651e-06 	 0 	 44 
16.1 	 0.0914702 	 2.28137e-06 	 0 	 44 
16.2 	 0.0909127 	 2.11015e-06 	 0 	 44 
16.3 	 0.0903617 	 1.95182e-06 	 0 	 44 
16.4 	 0.089817 	 1.8054e-06 	 0 	 44 
16.5 	 0.0892785 	 1.66999e-06 	 0 	 44 
16.6 	 0.0887462 	 1.54477e-06 	 0 	 44 
16.7 	 0.08822 	 1.42895e-06 	 0 	 44 
16.8 	 0.0876996 	 1.32184e-06 	 0 	 44 
16.9 	 0.0871851 	 1.22278e-06 	 0 	 44 
17 	 0.0866764 	 1.13116e-06 	 0 	 44 
17.1 	 0.0861732 	 1.04643e-06 	 0 	 44 
17.2 	 0.0856756 	 9.68051e-07 	 0 	 44 
17.3 	 0.0851835 	 8.95559e-07 	 0 	 44 
17.4 	 0.0846967 	 8.28509e-07 	 0 	 44 
17.5 	 0.0842152 	 7.66491e-07 	 0 	 44 
17.6 	 0.0837389 	 7.09126e-07 	 0 	 44 
17.7 	 0.0832677 	 6.56063e-07 	 0 	 44 
17.8 	 0.0828015 	 6.0698e-07 	 0 	 44 
17.9 	 0.0823402 	 5.61577e-07 	 0 	 44 
18 	 0.0818838 	 5.19578e-07 	 0 	 44 
18.1 	 0.0814322 	 4.80727e-07 	 0 	 44 
18.2 	 0.0809853 	 4.44787e-07 	 0 	 44 
18.3 	 0.080543 	 4.1154e-07 	 0 	 44 
18.4 	 0.0801052 	 3.80783e-07 	 0 	 44 
18.5 	 0.079672 	 3.5233e-07 	 0 	 44 
18.6 	 0.0792431 	 3.26007e-07 	 0 	 44 
18.7 	 0.0788186 	 3.01655e-07 	 0 	 44 
18.8 	 0.0783984 	 2.79125e-07 	 0 	 44 
18.9 	 0.0779824 	 2.58282e-07 	 0 	 44 
19 	 0.0775705 	 2.38998e-07 	 0 	 44 
19.1 	 0.0771628 	 2.21157e-07 	 0 	 44 
19.2 	 0.076759 	 2.0465e-07 	 0 	 44 
19.3 	 0.0763592 	 1.89378e-07 	 0 	 44 
19.4 	 0.0759633 	 1.75247e-07 	 0 	 44 
19.5 	 0.0755712 	 1.62173e-07 	 0 	 44 
19.6 	 0.0751829 	 1.50076e-07 	 0 	 44 
19.7 	 0.0747984 	 1.38884e-07 	 0 	 44 
19.8 	 0.0744175 	 1.28527e-07 	 0 	 44 
19.9 	 0.0740402 	 1.18944e-07 	 0 	 44 
20 	 0.0736665 	 1.10077e-07 	 0 	 44 
20.1 	 0.0732962 	 1.01873e-07 	 0 	 44 
20.2 	 0.0729295 	 9.42804e-08 	 0 	 44 
20.3 	 0.0725661 	 8.72551e-08 	 0 	 44 
20.4 	 0.0722061 	 8.07542e-08 	 0 	 44 
20.5 	 0.0718494 	 7.47385e-08 	 0 	 44 
20.6 	 0.0714959 	 6.91717e-08 	 0 	 44 
20.7 	 0.0711456 	 6.40202e-08 	 0 	 44 
20.8 	 0.0707985 	 5.9253e-08 	 0 	 44 
20.9 	 0.0704545 	 5.48415e-08 	 0 	 44 
21 	 0.0701136 	 5.07589e-08 	 0 	 44 
21.1 	 0.0697757 	 4.69807e-08 	 0 	 44 
21.2 	 0.0694408 	 4.34843e-08 	 0 	 44 
21.3 	 0.0691088 	 4.02484e-08 	 0 	 44 
21.4 	 0.0687797 	 3.72538e-08 	 0 	 44 
21.5 	 0.0684534 	 3.44823e-08 	 0 	 44 
21.6 	 0.06813 	 3.19173e-08 	 0 	 44 
21.7 	 0.0678093 	 2.95435e-08 	 0 	 44 
21.8 	 0.0674914 	 2.73464e-08 	 0 	 44 
21.9 	 0.0671761 	 2.5313e-08 	 0 	 44 
22 	 0.0668635 	 2.3431e-08 	 0 	 44 
22.1 	 0.0665535 	 2.16892e-08 	 0 	 44 
22.2 	 0.066246 	 2.0077e-08 	 0 	 44 
22.3 	 0.0659411 	 1.85849e-08 	 0 	 44 
22.4 	 0.0656387 	 1.72038e-08 	 0 	 44 
22.5 	 0.0653387 	 1.59255e-08 	 0 	 44 
22.6 	 0.0650411 	 1.47423e-08 	 0 	 44 
22.7 	 0.064746 	 1.36471e-08 	 0 	 44 
22.8 	 0.0644531 	 1.26334e-08 	 0 	 44 
22.9 	 0.0641626 	 1.16951e-08 	 0 	 44 
23 	 0.0638744 	 1.08266e-08 	 0 	 44 
23.1 	 0.0635884 	 1.00227e-08 	 0 	 44 
23.2 	 0.0633046 	 9.27853e-09 	 0 	 44 
23.3 	 0.063023 	 8.5897e-09 	 0 	 44 
23.4 	 0.0627435 	 7.95207e-09 	 0 	 44 
23.5 	 0.0624662 	 7.36182e-09 	 0 	 44 
23.6 	 0.0621909 	 6.81544e-09 	 0 	 44 
23.7 	 0.0619176 	 6.30966e-09 	 0 	 44 
23.8 	 0.0616464 	 5.84145e-09 	 0 	 44 
23.9 	 0.0613772 	 5.40803e-09 	 0 	 44 
24 	 0.0611099 	 5.00679e-09 	 0 	 44 
24.1 	 0.0608445 	 4.63535e-09 	 0 	 44 
24.2 	 0.0605811 	 4.29149e-09 	 0 	 44 
24.3 	 0.0603196 	 3.97316e-09 	 0 	 44 
24.4 	 0.06006 	 3.67846e-09 	 0 	 44 
24.5 	 0.0598022 	 3.40563e-09 	 0 	 44 
24.6 	 0.0595463 	 3.15306e-09 	 0 	 44 
24.7 	 0.0592923 	 2.91922e-09 	 0 	 44 
24.8 	 0.0590402 	 2.70274e-09 	 0 	 44 
24.9 	 0.0587901 	 2.50232e-09 	 0 	 44 


