fill 	 mu 	 CS1 	 Deltamax 
0.5 	 0 	 -1 	 1.58156 
0.496 	 -0.012566 	 -1 	 1.58161 
0.492 	 -0.0251301 	 -1 	 1.58147 
0.488 	 -0.043 	 -1 	 1.58094 
0.484 	 -0.0502443 	 -1 	 1.58105 
0.48 	 -0.0627905 	 -1 	 1.5811 
0.476 	 -0.0753268 	 -1 	 1.58101 
0.472 	 -0.1 	 -1 	 1.58031 
0.468 	 -0.100362 	 -1 	 1.58031 
0.464 	 -0.129 	 -1 	 1.57917 
0.46 	 -0.125333 	 -1 	 1.57926 
0.456 	 -0.13779 	 -1 	 1.57916 
0.452 	 -0.172 	 -1 	 1.57801 
0.448 	 -0.186 	 -1 	 1.57733 
0.444 	 -0.2 	 -1 	 1.57652 
0.44 	 -0.214 	 -1 	 1.57558 
0.436 	 -0.229 	 -1 	 1.57502 
0.432 	 -0.243 	 -1 	 1.57433 
0.428 	 -0.258 	 -1 	 1.57347 
0.424 	 -0.272 	 -1 	 1.57249 
0.42 	 -0.286 	 -1 	 1.57138 
0.416 	 -0.3 	 -1 	 1.57011 
0.412 	 -0.315 	 -1 	 1.56917 
0.408 	 -0.33 	 -1 	 1.56812 
0.404 	 -0.344 	 -1 	 1.56698 
0.4 	 -0.358 	 -1 	 1.5657 
0.396 	 -0.373 	 -1 	 1.56418 
0.392 	 -0.387 	 -1 	 1.5626 
0.388 	 -0.401 	 -1 	 1.56119 
0.384 	 -0.416 	 -1 	 1.55985 
0.38 	 -0.43 	 -1 	 1.55838 
0.376 	 -0.445 	 -1 	 1.55667 
0.372 	 -0.459 	 -1 	 1.55491 
0.368 	 -0.474 	 -1 	 1.5529 
0.364 	 -0.488 	 -1 	 1.55094 
0.36 	 -0.502 	 -1 	 1.54927 
0.356 	 -0.517 	 -1 	 1.54736 
0.352 	 -0.531 	 -1 	 1.54542 
0.348 	 -0.546 	 -1 	 1.54319 
0.344 	 -0.559 	 -1 	 1.54094 
0.34 	 -0.573 	 -1 	 1.53851 
0.336 	 -0.588 	 -1 	 1.53601 
0.332 	 -0.604 	 -1 	 1.53373 
0.328 	 -0.617 	 -1 	 1.53138 
0.324 	 -0.631 	 -1 	 1.52891 
0.32 	 -0.645 	 -1 	 1.52627 
0.316 	 -0.66 	 -1 	 1.52334 
0.312 	 -0.674 	 -1 	 1.52039 
0.308 	 -0.688 	 -1 	 1.51735 
0.304 	 -0.702 	 -1 	 1.51465 
0.3 	 -0.717 	 -1 	 1.5116 
0.296 	 -0.731 	 -1 	 1.50859 
0.292 	 -0.745 	 -1 	 1.50542 
0.288 	 -0.759 	 -1 	 1.50201 
0.284 	 -0.773 	 -1 	 1.49853 
0.28 	 -0.787 	 -1 	 1.49489 
0.276 	 -0.801 	 -1 	 1.49116 
0.272 	 -0.816 	 -1 	 1.48759 
0.268 	 -0.83 	 -1 	 1.48399 
0.264 	 -0.843 	 -1 	 1.48035 
0.26 	 -0.857 	 -1 	 1.47641 
0.256 	 -0.875 	 -1 	 1.472 
0.252 	 -0.884 	 -1 	 1.46832 
0.248 	 -0.903 	 -1 	 1.46333 
0.244 	 -0.917 	 -1 	 1.45879 
0.24 	 -0.931 	 -1 	 1.45414 
0.236 	 -0.939 	 -1 	 1.4505 
0.232 	 -0.953 	 -1 	 1.44589 
0.228 	 -0.967 	 -1 	 1.4411 
0.224 	 -0.981 	 -1 	 1.43613 
0.22 	 -0.994 	 -1 	 1.43121 
0.216 	 -0.999 	 -1 	 1.42937 
0.212 	 -1 	 0 	 1.42896 
0.208 	 -1.007 	 0 	 1.4277 
0.204 	 -1.015 	 0 	 1.42315 
0.2 	 -1.029 	 0 	 1.4175 
0.196 	 -1.043 	 0 	 1.41167 
0.192 	 -1.057 	 0 	 1.40563 
0.188 	 -1.071 	 0 	 1.39957 
0.184 	 -1.085 	 0 	 1.3936 
0.18 	 -1.099 	 0 	 1.38738 
0.176 	 -1.114 	 0 	 1.3806 
0.172 	 -1.129 	 0 	 1.37354 
0.168 	 -1.143 	 0 	 1.36663 
0.164 	 -1.159 	 0 	 1.35877 
0.16 	 -1.174 	 0 	 1.35096 
0.156 	 -1.189 	 0 	 1.34275 
0.152 	 -1.205 	 0 	 1.33403 
0.148 	 -1.22 	 0 	 1.32526 
0.144 	 -1.235 	 0 	 1.31622 
0.14 	 -1.252 	 0 	 1.30624 
0.136 	 -1.268 	 0 	 1.29664 
0.132 	 -1.285 	 0 	 1.28629 
0.128 	 -1.302 	 0 	 1.27541 
0.124 	 -1.318 	 0 	 1.26445 
0.12 	 -1.335 	 0 	 1.25277 
0.116 	 -1.352 	 0 	 1.24065 
0.112 	 -1.369 	 0 	 1.22815 
0.108 	 -1.387 	 0 	 1.21447 
0.104 	 -1.405 	 0 	 1.20045 
0.1 	 -1.423 	 0 	 1.1856 
0.096 	 -1.441 	 0 	 1.17037 
0.092 	 -1.46 	 0 	 1.15373 
0.088 	 -1.478 	 0 	 1.13716 
0.084 	 -1.498 	 0 	 1.11904 
0.08 	 -1.517 	 0 	 1.10069 
0.076 	 -1.536 	 0 	 1.08162 
0.072 	 -1.556 	 0 	 1.06106 
0.068 	 -1.576 	 0 	 1.03932 
0.064 	 -1.596 	 0 	 1.01662 
0.06 	 -1.617 	 0 	 0.992066 
0.056 	 -1.638 	 0 	 0.96633 
0.052 	 -1.658 	 0 	 0.938475 
0.048 	 -1.681 	 0 	 0.909017 
0.044 	 -1.702 	 0 	 0.877683 
0.04 	 -1.724 	 0 	 0.843896 
0.036 	 -1.747 	 0 	 0.807537 
0.032 	 -1.769 	 0 	 0.767487 
0.028 	 -1.792 	 0 	 0.724107 
0.024 	 -1.816 	 0 	 0.676303 
0.02 	 -1.84 	 0 	 0.622645 
0.016 	 -1.863 	 0 	 0.561554 
0.012 	 -1.887 	 0 	 0.49048 
0.008 	 -1.914 	 0 	 0.404763 
0.004 	 -1.938 	 0 	 0.288598 


0.5 	 0 	 -1 	 1.58156 
0.504 	 0.014 	 -1 	 1.5815 
0.508 	 0.029 	 -1 	 1.58128 
0.512 	 0.043 	 -1 	 1.58095 
0.516 	 0.057 	 -1 	 1.58101 
0.52 	 0.071 	 -1 	 1.5809 
0.524 	 0.086 	 -1 	 1.58067 
0.528 	 0.1 	 -1 	 1.58032 
0.532 	 0.114 	 -1 	 1.57981 
0.536 	 0.129 	 -1 	 1.57918 
0.54 	 0.143 	 -1 	 1.57893 
0.544 	 0.157 	 -1 	 1.57855 
0.548 	 0.171 	 -1 	 1.57799 
0.552 	 0.186 	 -1 	 1.57731 
0.556 	 0.2 	 -1 	 1.57653 
0.56 	 0.215 	 -1 	 1.57559 
0.564 	 0.229 	 -1 	 1.57499 
0.568 	 0.243 	 -1 	 1.57433 
0.572 	 0.258 	 -1 	 1.57351 
0.576 	 0.272 	 -1 	 1.57246 
0.58 	 0.286 	 -1 	 1.57137 
0.584 	 0.301 	 -1 	 1.57011 
0.588 	 0.315 	 -1 	 1.56913 
0.592 	 0.329 	 -1 	 1.56816 
0.596 	 0.343 	 -1 	 1.56693 
0.6 	 0.358 	 -1 	 1.56563 
0.604 	 0.372 	 -1 	 1.56423 
0.608 	 0.386 	 -1 	 1.56254 
0.612 	 0.401 	 -1 	 1.56117 
0.616 	 0.415 	 -1 	 1.55988 
0.62 	 0.43 	 -1 	 1.55832 
0.624 	 0.444 	 -1 	 1.55671 
0.628 	 0.458 	 -1 	 1.55496 
0.632 	 0.473 	 -1 	 1.55293 
0.636 	 0.487 	 -1 	 1.55095 
0.64 	 0.501 	 -1 	 1.54928 
0.644 	 0.516 	 -1 	 1.54738 
0.648 	 0.53 	 -1 	 1.54543 
0.652 	 0.544 	 -1 	 1.5433 
0.656 	 0.559 	 -1 	 1.54093 
0.66 	 0.573 	 -1 	 1.53851 
0.664 	 0.588 	 -1 	 1.536 
0.668 	 0.602 	 -1 	 1.53384 
0.672 	 0.616 	 -1 	 1.53149 
0.676 	 0.631 	 -1 	 1.52889 
0.68 	 0.645 	 -1 	 1.52623 
0.684 	 0.659 	 -1 	 1.52345 
0.688 	 0.673 	 -1 	 1.52053 
0.692 	 0.688 	 -1 	 1.51729 
0.696 	 0.702 	 -1 	 1.51459 
0.7 	 0.716 	 -1 	 1.51172 
0.704 	 0.73 	 -1 	 1.5087 
0.708 	 0.744 	 -1 	 1.50553 
0.712 	 0.758 	 -1 	 1.5022 
0.716 	 0.773 	 -1 	 1.49851 
0.72 	 0.787 	 -1 	 1.49486 
0.724 	 0.801 	 -1 	 1.49113 
0.728 	 0.815 	 -1 	 1.48766 
0.732 	 0.828 	 -1 	 1.48406 
0.736 	 0.842 	 -1 	 1.48051 
0.74 	 0.856 	 -1 	 1.47662 
0.744 	 0.87 	 -1 	 1.47252 
0.748 	 0.884 	 -1 	 1.46828 
0.752 	 0.898 	 -1 	 1.46384 
0.756 	 0.911 	 -1 	 1.45923 
0.76 	 0.925 	 -1 	 1.45484 
0.764 	 0.939 	 -1 	 1.45045 
0.768 	 0.953 	 -1 	 1.44583 
0.772 	 0.966 	 -1 	 1.44134 
0.776 	 0.98 	 -1 	 1.43637 
0.78 	 0.994 	 -1 	 1.43121 
0.784 	 0.999 	 -1 	 1.42933 
0.788 	 1 	 0 	 1.42899 
0.792 	 1.001 	 0 	 1.42858 
0.796 	 1.015 	 0 	 1.42313 
0.8 	 1.029 	 0 	 1.41748 
0.804 	 1.043 	 0 	 1.41165 
0.808 	 1.057 	 0 	 1.40561 
0.812 	 1.071 	 0 	 1.39955 
0.816 	 1.085 	 0 	 1.39358 
0.82 	 1.099 	 0 	 1.38738 
0.824 	 1.114 	 0 	 1.38058 
0.828 	 1.128 	 0 	 1.37391 
0.832 	 1.143 	 0 	 1.36663 
0.836 	 1.158 	 0 	 1.35907 
0.84 	 1.173 	 0 	 1.35127 
0.844 	 1.189 	 0 	 1.34272 
0.848 	 1.204 	 0 	 1.33433 
0.852 	 1.22 	 0 	 1.32522 
0.856 	 1.235 	 0 	 1.31619 
0.86 	 1.252 	 0 	 1.30623 
0.864 	 1.268 	 0 	 1.2966 
0.868 	 1.284 	 0 	 1.2866 
0.872 	 1.301 	 0 	 1.27577 
0.876 	 1.318 	 0 	 1.26449 
0.88 	 1.335 	 0 	 1.25282 
0.884 	 1.352 	 0 	 1.24073 
0.888 	 1.369 	 0 	 1.22809 
0.892 	 1.387 	 0 	 1.21445 
0.896 	 1.405 	 0 	 1.20037 
0.9 	 1.423 	 0 	 1.18557 
0.904 	 1.441 	 0 	 1.17034 
0.908 	 1.46 	 0 	 1.15383 
0.912 	 1.479 	 0 	 1.13717 
0.916 	 1.498 	 0 	 1.11898 
0.92 	 1.517 	 0 	 1.10069 
0.924 	 1.536 	 0 	 1.08166 
0.928 	 1.556 	 0 	 1.06105 
0.932 	 1.576 	 0 	 1.03942 
0.936 	 1.596 	 0 	 1.01663 
0.94 	 1.617 	 0 	 0.991888 
0.944 	 1.638 	 0 	 0.966222 
0.948 	 1.659 	 0 	 0.938462 
0.952 	 1.68 	 0 	 0.90947 
0.956 	 1.702 	 0 	 0.877729 
0.96 	 1.724 	 0 	 0.843831 
0.964 	 1.747 	 0 	 0.807544 
0.968 	 1.769 	 0 	 0.76763 
0.972 	 1.792 	 0 	 0.724166 
0.976 	 1.816 	 0 	 0.6763 
0.98 	 1.84 	 0 	 0.622646 
0.984 	 1.864 	 0 	 0.562021 
0.988 	 1.888 	 0 	 0.490672 
0.992 	 1.912 	 0 	 0.404225 
0.996 	 1.939 	 0 	 0.288877 
