0.002 	 1.48 	 0.301997 
0.004 	 1.48 	 0.302082 
0.006 	 1.48 	 0.30209 
0.008 	 1.48 	 0.30209 
0.01 	 1.48 	 0.30209 
0.012 	 1.48 	 0.30209 
0.014 	 1.48 	 0.30209 
0.016 	 1.48 	 0.30209 
0.018 	 1.48 	 0.30209 
0.02 	 1.48 	 0.30209 
0.022 	 1.48 	 0.302089 
0.024 	 1.48 	 0.302087 
0.026 	 1.48 	 0.302083 
0.028 	 1.48 	 0.302075 
0.03 	 1.48 	 0.30206 
0.032 	 1.48 	 0.302034 
0.034 	 1.48 	 0.301995 
0.036 	 1.48 	 0.301937 
0.038 	 1.48 	 0.301856 
0.04 	 1.48 	 0.301746 
0.042 	 1.48 	 0.301602 
0.044 	 1.48 	 0.301417 
0.046 	 1.48 	 0.301188 
0.048 	 1.48 	 0.300907 
0.05 	 1.48 	 0.30057 
0.052 	 1.48 	 0.300172 
0.054 	 1.48 	 0.299706 
0.056 	 1.48 	 0.29917 
0.058 	 1.48 	 0.298557 
0.06 	 1.48 	 0.297863 
0.062 	 1.48 	 0.297084 
0.064 	 1.48 	 0.296216 
0.066 	 1.48 	 0.295254 
0.068 	 1.48 	 0.294195 
0.07 	 1.48 	 0.293034 
0.072 	 1.48 	 0.291768 
0.074 	 1.48 	 0.290393 
0.076 	 1.48 	 0.288904 
0.078 	 1.48 	 0.287299 
0.08 	 1.48 	 0.285572 
0.082 	 1.48 	 0.283721 
0.084 	 1.48 	 0.281741 
0.086 	 1.48 	 0.279628 
0.088 	 1.48 	 0.277377 
0.09 	 1.48 	 0.274984 
0.092 	 1.48 	 0.272444 
0.094 	 1.48 	 0.269752 
0.096 	 1.48 	 0.266903 
0.098 	 1.48 	 0.263892 
0.1 	 1.48 	 0.260712 
0.102 	 1.48 	 0.257357 
0.104 	 1.48 	 0.253821 
0.106 	 1.48 	 0.250096 
0.108 	 1.48 	 0.246175 
0.11 	 1.48 	 0.242049 
0.112 	 1.48 	 0.237711 
0.114 	 1.48 	 0.233149 
0.116 	 1.48 	 0.228355 
0.118 	 1.48 	 0.223317 
0.12 	 1.48 	 0.218023 
0.122 	 1.48 	 0.212462 
0.124 	 1.48 	 0.206619 
0.126 	 1.48 	 0.200481 
0.128 	 1.48 	 0.194032 
0.13 	 1.48 	 0.187258 
0.132 	 1.48 	 0.180143 
0.134 	 1.48 	 0.172672 
0.136 	 1.48 	 0.164832 
0.138 	 1.48 	 0.15661 
0.14 	 1.48 	 0.148 
0.142 	 1.48 	 0.139 
0.144 	 1.48 	 0.129618 
0.146 	 1.48 	 0.119877 
0.148 	 1.48 	 0.109816 
0.15 	 1.48 	 0.0995003 
0.152 	 1.47 	 0.0890217 
0.154 	 1.47 	 0.0785061 
0.156 	 1.47 	 0.068111 
0.158 	 1.47 	 0.0580219 
0.16 	 1.46 	 0.0484408 
0.162 	 1.46 	 0.0395657 
0.164 	 1.46 	 0.031569 
0.166 	 1.45 	 0.0245768 
0.168 	 1.45 	 0.0186522 
0.17 	 1.44 	 0.0137924 
0.172 	 1.44 	 0.00993403 
0.174 	 1.43 	 0.00696872 
0.176 	 1.43 	 0.00476145 
0.178 	 1.42 	 0.00316926 
0.18 	 1.41 	 0.00205534 
0.182 	 1.41 	 0.00129904 
0.184 	 1.4 	 0.000800333 
0.186 	 1.4 	 0.000480763 
0.188 	 1.39 	 0.000281653 
0.19 	 1.38 	 0.000160959 
0.192 	 1.37 	 8.97496e-05 
0.194 	 1.37 	 4.88398e-05 
0.196 	 1.36 	 2.59436e-05 
0.198 	 1.35 	 1.34554e-05 
